176 4 90
81 87 83 89 62 64 88 85 78 74 84 86 82 75 79 77 71 73 72 68 76 65 66 61 49 55 60 51 53 58 67 57 80 54 59 63 69 36 56 21 45 50 47 70 33 34 44 42 41 38 46 43 28 39 35 37 24 30 52 26 22 48 31 29 18 12 32 19 40 25 23 9 20 11 27 16 15 5 8 13 6 10 17 1 14 2 4 0 7 3 
3 7 0 4 2 14 1 17 10 6 13 5 15 16 27 20 9 23 25 40 19 32 12 18 29 31 48 22 26 52 30 24 37 35 39 28 43 46 38 41 42 44 34 33 70 47 50 45 21 56 36 69 63 59 54 80 57 67 58 53 51 60 55 49 61 66 65 76 68 72 73 71 77 79 75 82 86 84 74 78 85 88 64 11 62 89 83 8 87 81 
8 11 77 79 73 65 49 74 72 61 51 88 86 44 67 54 63 64 56 50 47 34 38 28 69 30 31 27 13 6 21 83 35 37 22 12 23 10 4 7 53 32 81 40 20 5 3 0 9 25 48 2 14 1 15 19 52 87 43 17 16 18 29 26 24 46 39 70 89 62 80 41 42 33 45 36 59 82 84 57 58 85 60 76 78 55 66 68 71 75 
11 8 42 41 33 70 39 46 36 59 45 80 24 55 76 68 58 60 71 57 75 82 84 85 62 89 26 29 18 16 17 43 87 52 19 15 1 14 25 0 48 9 66 78 3 5 20 40 81 88 32 53 7 4 2 10 74 79 77 23 12 22 35 37 83 21 6 13 27 31 64 86 73 72 51 54 65 61 49 30 69 28 67 63 56 50 34 47 38 44 
43 52 29 18 23 35 16 5 12 69 17 1 2 32 53 66 21 75 71 60 58 68 55 78 9 38 34 15 47 50 56 64 62 89 48 0 83 63 67 44 86 87 27 6 13 74 77 81 10 4 7 3 8 11 76 28 30 88 85 26 57 84 82 24 49 61 65 51 72 73 31 45 59 79 36 46 14 40 20 19 25 33 42 41 80 54 37 22 70 39 
22 37 34 54 19 80 40 20 31 66 25 30 28 67 44 14 51 61 72 49 65 73 79 78 26 85 84 82 57 76 1 0 45 59 36 39 33 41 42 3 7 4 10 87 81 62 6 13 17 8 83 89 27 11 38 47 50 56 64 63 86 88 77 74 75 71 68 55 15 60 58 24 2 16 23 70 18 29 48 9 53 32 5 46 43 69 52 21 35 12 
37 48 89 81 12 46 9 70 27 13 50 56 15 10 55 68 21 2 71 69 5 84 24 47 7 38 75 59 36 39 54 32 33 41 42 73 72 61 49 51 14 31 35 23 22 88 3 8 11 85 28 74 87 4 86 83 64 6 79 77 62 0 78 66 82 80 25 19 20 53 29 76 16 40 44 34 65 60 58 57 45 18 63 1 17 26 67 52 30 43 
47 58 60 21 53 35 18 52 43 45 57 76 13 6 82 39 59 70 26 85 46 30 63 65 28 20 40 86 80 64 83 11 8 4 3 78 23 62 87 42 41 33 14 44 67 0 1 31 34 22 69 79 49 61 32 16 54 84 73 51 24 2 12 77 88 72 5 15 9 29 74 75 71 68 55 7 17 10 27 81 66 48 38 89 50 56 37 25 19 36 
32 26 25 19 6 75 36 24 38 10 2 4 56 50 27 63 88 17 57 45 51 73 70 7 81 44 67 78 65 72 30 66 12 52 43 77 48 74 89 58 1 37 29 16 87 8 60 62 11 83 64 55 71 68 39 22 41 33 20 40 82 85 14 84 80 34 28 35 69 54 46 5 9 18 86 79 76 61 53 42 3 0 23 59 15 31 47 49 13 21 
25 31 86 40 74 15 9 48 53 17 34 5 16 0 49 76 22 23 3 69 14 63 82 85 54 55 68 83 43 18 60 71 29 58 88 42 80 33 41 20 62 11 8 39 36 46 30 64 37 56 50 89 38 72 65 19 81 75 21 77 66 59 7 12 78 52 70 45 47 79 51 73 61 2 24 4 27 10 84 67 26 13 1 57 44 28 6 35 32 87 
29 61 77 33 87 4 7 57 38 24 42 3 84 41 26 28 47 68 71 32 59 13 37 27 1 12 30 65 63 76 67 44 53 78 19 25 49 21 79 66 5 9 80 46 18 89 54 2 0 11 69 86 20 64 8 43 83 85 58 82 22 35 48 70 52 81 75 55 60 36 56 50 17 6 10 15 45 34 31 62 23 74 39 72 88 14 40 73 51 16 
51 79 84 78 64 62 87 23 28 39 20 55 16 59 45 35 10 21 60 61 66 29 14 30 15 70 6 52 19 7 50 58 72 74 73 88 56 89 17 36 18 22 31 75 2 49 81 0 47 42 54 69 46 34 1 11 8 43 65 85 3 44 13 76 53 9 5 67 25 86 37 80 40 82 27 68 12 77 32 41 48 71 57 24 33 26 38 63 83 4 
33 83 54 48 1 72 82 69 67 44 62 23 76 73 71 24 15 5 46 12 40 37 16 13 57 77 79 81 34 52 17 4 51 36 75 18 80 85 22 74 70 86 88 6 35 39 84 43 2 14 8 11 63 26 27 45 21 53 58 25 19 87 32 47 31 59 50 56 20 28 89 38 68 65 66 49 3 10 61 7 9 55 30 60 29 0 64 78 41 42 
44 41 88 83 63 27 0 68 3 42 31 57 56 50 9 26 61 34 52 40 60 8 66 2 10 35 38 55 75 20 64 80 82 49 16 86 25 32 22 13 89 46 53 6 71 74 1 67 47 18 29 87 51 73 78 70 58 17 36 54 19 84 79 28 7 14 4 12 59 72 21 5 23 33 39 37 45 62 48 24 81 15 76 85 69 43 30 77 65 11 
56 80 41 65 30 58 77 14 86 11 10 66 45 4 85 59 39 43 53 40 47 9 75 12 88 24 36 81 69 0 19 46 5 89 76 28 29 73 51 49 48 25 31 21 72 32 13 7 15 23 38 26 18 84 34 50 71 67 17 6 61 62 35 79 60 55 68 1 27 52 70 63 82 37 8 54 22 16 33 44 42 64 20 87 83 78 74 57 3 2 
67 55 1 28 3 74 50 42 85 70 81 82 45 22 49 48 78 19 15 64 65 32 8 20 11 14 35 2 18 52 38 57 33 60 21 68 27 77 36 37 23 83 89 43 17 79 24 30 7 87 63 25 61 59 26 51 76 5 44 13 47 84 69 71 16 34 41 12 73 0 40 62 72 46 29 31 10 53 6 86 4 75 9 66 56 88 39 54 58 80 
72 36 20 54 63 6 26 76 53 35 61 55 9 31 27 0 39 84 79 89 37 58 74 66 24 77 62 5 17 4 69 10 64 11 52 34 15 78 71 13 12 42 73 60 83 59 41 87 48 44 30 33 43 2 57 7 32 68 70 67 21 1 45 18 80 40 65 19 29 16 47 25 3 38 14 49 28 88 85 51 23 82 56 50 81 75 86 22 8 46 
47 22 7 66 34 21 68 87 70 29 45 77 16 23 86 62 64 51 80 2 79 46 81 37 38 33 8 17 26 18 67 73 9 60 32 49 75 40 65 39 56 57 19 4 54 71 82 88 41 74 13 25 42 10 3 31 43 52 15 72 69 0 5 44 30 78 55 61 50 63 76 59 14 6 83 35 85 36 24 48 28 1 12 58 89 53 20 27 11 84 
8 48 50 0 12 65 78 31 29 6 28 43 51 25 75 5 19 86 59 84 46 85 24 11 69 89 81 80 30 56 3 57 53 42 88 58 54 16 87 39 63 22 27 18 4 40 83 37 68 1 35 14 71 74 44 72 73 23 13 60 36 82 47 2 15 55 61 52 38 67 64 10 66 41 62 26 21 76 33 17 79 32 9 45 70 34 77 7 49 20 
30 13 52 72 71 88 49 38 14 32 16 44 7 33 15 10 82 28 40 11 62 43 60 24 48 64 9 77 58 3 45 54 84 86 70 1 66 61 20 41 39 56 23 25 83 78 65 68 31 73 87 27 85 17 37 6 21 55 12 35 67 75 59 57 42 53 76 4 46 8 34 50 69 26 36 81 29 0 47 2 89 5 19 74 22 63 80 79 51 18 
73 18 4 58 79 22 89 76 36 21 19 53 32 85 10 14 74 67 75 46 25 12 35 41 16 23 20 84 82 44 27 38 8 1 80 51 42 7 29 34 61 83 88 57 5 56 69 48 78 49 55 9 28 31 47 65 70 26 66 63 77 2 68 15 40 30 81 87 11 24 3 43 45 33 54 6 59 52 62 17 72 64 0 39 60 86 50 71 13 37 
83 69 59 19 64 34 47 71 42 74 55 17 40 39 5 37 27 53 24 11 6 61 26 76 72 2 81 20 50 79 62 23 86 45 1 54 3 28 56 84 75 43 33 78 70 9 51 63 57 46 48 29 49 10 22 0 12 41 16 82 67 30 60 4 38 80 87 89 66 31 35 85 25 65 7 77 8 32 21 36 73 52 68 58 14 88 44 13 15 18 
89 59 43 73 77 56 20 8 15 80 62 82 7 6 60 44 33 63 32 13 49 38 2 0 87 36 35 68 22 88 52 81 12 50 79 14 85 30 4 39 5 67 71 54 29 66 31 3 65 45 26 70 9 51 46 47 57 27 34 53 16 11 75 76 37 17 1 61 23 72 18 28 58 24 21 48 83 74 42 86 41 10 19 40 78 64 55 69 25 84 
67 68 83 41 21 69 4 10 37 18 87 11 63 17 35 84 36 15 86 72 25 65 70 28 50 13 54 46 58 49 57 29 60 80 51 77 48 74 0 27 75 9 40 85 45 33 2 12 78 76 62 6 3 24 47 34 64 66 44 42 61 7 14 22 89 39 52 56 38 30 81 5 16 20 32 79 59 55 82 43 19 26 8 23 53 88 1 73 31 71 
46 64 66 31 78 63 1 26 61 54 88 5 24 75 33 23 7 47 14 38 53 36 20 55 85 25 8 86 21 41 13 44 60 43 72 18 10 37 16 51 79 71 52 3 81 77 89 19 40 50 30 69 68 76 27 65 45 15 74 32 39 80 4 87 22 48 42 58 6 82 0 57 12 17 56 9 62 11 49 29 59 34 35 84 28 70 67 2 73 83 
22 9 13 57 49 17 81 31 12 73 62 45 42 58 71 30 79 2 24 6 51 29 82 68 0 50 20 28 55 41 40 53 56 83 8 23 70 1 84 32 76 39 86 52 61 26 11 65 48 18 47 15 80 44 69 59 37 5 25 88 7 19 74 34 77 21 89 14 64 36 60 3 66 35 85 87 78 10 4 75 38 33 27 72 46 16 63 43 67 54 
2 70 82 42 34 27 74 35 85 19 3 0 9 16 76 72 87 43 7 44 75 65 21 48 50 37 67 88 1 32 4 60 53 73 62 89 33 59 58 31 28 39 30 77 38 52 6 80 15 69 8 84 55 54 78 25 10 56 86 17 18 23 79 41 46 51 20 71 45 66 63 26 5 81 14 64 47 40 29 83 12 13 61 11 22 24 68 36 49 57 
25 47 78 49 80 52 57 36 5 15 66 84 67 33 26 38 35 56 61 11 19 29 12 74 40 27 14 70 71 18 73 39 64 10 34 59 68 22 55 48 83 58 13 0 63 69 8 23 42 51 54 4 17 16 75 77 65 89 21 37 1 20 6 31 46 88 32 76 45 41 60 86 28 9 50 72 53 43 24 87 82 30 79 81 44 62 85 3 7 2 
54 46 87 32 3 69 89 83 39 18 30 60 68 81 86 1 41 7 55 16 51 26 38 24 34 29 45 79 85 11 6 31 20 88 12 67 13 73 66 23 0 43 72 14 10 2 49 84 58 53 22 63 19 36 59 57 78 77 44 8 56 42 33 25 64 62 21 28 48 76 37 75 70 74 17 27 61 15 47 35 82 71 80 50 5 52 9 65 4 40 
53 14 75 45 22 40 56 86 5 44 17 74 59 52 28 4 6 37 77 58 65 55 7 87 61 64 80 29 46 50 15 82 10 9 79 21 1 71 76 2 68 63 73 43 72 16 42 57 27 3 36 13 25 24 47 31 81 78 83 33 60 54 8 67 35 66 88 84 23 19 34 11 85 30 51 89 70 62 12 0 49 26 20 38 32 69 48 41 18 39 
39 88 65 84 0 51 30 18 32 8 70 41 61 17 38 62 21 43 76 2 23 82 12 20 22 3 64 48 40 57 10 27 71 4 85 54 50 19 13 79 34 47 33 81 58 36 72 60 26 55 35 83 5 52 25 49 24 14 67 63 73 11 78 7 66 9 80 29 46 87 74 15 37 56 53 86 28 1 75 59 6 42 44 68 45 31 16 89 77 69 
85 2 6 71 30 62 69 80 89 37 48 52 76 42 49 47 25 24 8 77 28 31 73 9 16 64 29 45 35 81 40 63 43 10 74 26 36 1 57 79 44 20 18 67 68 38 78 60 46 50 72 88 59 75 3 34 11 7 15 4 19 86 83 5 82 21 53 41 17 70 13 55 65 22 61 23 56 58 39 0 54 87 32 66 84 27 12 51 33 14 
12 15 81 89 4 23 33 61 59 75 66 78 60 65 17 45 16 34 57 31 72 39 9 27 44 63 19 86 70 14 35 87 69 41 56 84 67 83 20 3 68 28 11 52 32 24 49 5 62 47 36 2 88 1 58 79 22 50 82 80 37 13 40 7 48 71 0 43 42 46 73 64 10 18 74 26 77 76 51 53 85 54 8 29 6 25 55 38 30 21 
56 78 46 50 25 52 37 23 21 0 11 79 77 29 55 44 62 53 26 85 48 51 13 66 41 7 83 35 32 54 42 15 28 36 8 63 73 24 45 71 27 82 64 69 9 14 58 19 88 22 80 67 39 16 49 70 72 4 68 59 12 43 61 86 17 38 2 84 6 30 33 3 60 40 74 47 18 65 31 5 89 1 75 34 76 57 81 87 10 20 
13 11 20 1 87 27 70 5 10 14 80 60 28 86 38 62 72 8 34 76 40 18 67 53 26 81 7 47 17 66 84 55 69 30 35 33 77 57 50 31 21 12 43 82 41 74 54 89 19 2 88 16 6 83 59 9 71 22 61 39 45 15 46 44 78 25 75 85 29 49 4 51 64 42 36 73 24 32 37 56 52 63 48 0 23 58 3 68 79 65 
58 68 3 42 44 12 54 36 82 63 23 6 59 18 73 48 74 51 49 75 66 81 25 10 26 39 47 50 71 32 76 87 40 9 21 77 52 89 0 56 33 22 84 67 53 57 43 86 72 31 16 64 14 30 46 45 55 5 65 38 2 34 4 69 85 70 15 7 60 80 1 24 28 27 13 62 19 41 83 61 37 17 11 88 29 20 8 79 35 78 
57 88 51 29 79 87 19 43 34 24 60 10 9 37 36 83 78 31 76 32 47 6 69 65 17 33 13 4 20 16 85 64 48 0 61 71 82 15 22 45 89 54 21 55 53 3 75 38 2 73 11 1 74 5 68 84 35 26 56 39 40 8 49 12 52 77 81 42 18 66 46 28 80 14 7 62 58 70 44 50 41 59 30 86 67 63 27 25 72 23 
1 2 7 3 61 46 67 64 22 58 56 62 84 5 43 72 0 27 88 59 65 74 40 41 70 79 29 25 20 4 18 38 68 73 11 16 24 15 30 86 42 28 71 14 87 63 32 52 39 35 81 75 49 89 17 78 69 83 19 53 85 34 50 31 57 45 6 9 33 48 44 26 66 8 76 37 51 12 23 55 54 13 80 82 60 21 36 77 10 47 
8 45 16 55 28 76 17 38 31 32 77 47 24 49 72 80 75 37 85 23 83 14 52 41 70 30 42 74 19 66 54 58 53 0 13 79 89 33 50 34 12 18 26 62 27 46 10 87 65 86 68 5 56 78 84 67 60 48 39 73 3 2 36 44 21 29 11 20 4 9 63 35 25 57 61 81 64 71 82 6 51 22 59 43 88 69 7 1 40 15 
40 71 19 75 35 26 51 60 69 14 80 27 63 23 54 15 25 59 11 82 50 2 41 31 81 6 4 21 65 68 64 87 61 43 77 66 8 7 55 48 18 28 53 73 13 3 37 5 49 44 20 70 88 56 34 57 42 12 78 29 30 85 46 84 79 72 17 38 1 9 58 32 86 16 76 10 39 62 89 74 67 33 0 52 24 22 47 36 45 83 
24 21 5 22 39 67 48 33 36 34 86 66 42 15 79 88 7 1 89 64 52 82 83 30 20 0 9 74 47 63 51 59 29 56 57 25 80 58 6 27 85 73 41 46 2 62 60 61 12 84 76 13 3 45 54 10 37 50 17 69 14 32 44 81 87 65 23 55 75 78 18 77 40 72 8 70 28 49 68 26 31 35 4 19 38 53 71 43 16 11 
59 54 64 12 35 84 83 85 38 9 7 50 17 4 86 8 36 68 70 44 3 15 53 40 72 20 19 45 30 77 22 21 11 69 26 75 16 31 33 29 25 47 78 74 43 0 82 23 67 81 76 71 10 79 18 58 37 88 62 56 80 49 24 28 2 13 87 63 41 1 55 14 51 52 57 73 60 65 89 6 48 5 32 42 61 34 27 39 46 66 
14 57 35 63 33 49 16 72 78 89 61 53 32 55 4 81 46 39 73 28 29 0 65 52 25 76 70 6 37 40 47 88 71 8 48 2 41 1 69 83 27 56 82 30 22 86 20 77 51 66 75 36 17 62 11 67 10 42 13 9 21 5 87 60 26 58 23 38 3 85 59 18 12 44 45 15 74 54 7 43 34 79 50 68 80 64 31 84 19 24 
50 9 10 44 85 34 18 38 46 43 39 61 65 26 77 6 60 87 23 68 74 62 58 70 11 5 78 1 31 49 19 82 45 27 89 36 12 54 79 32 30 42 13 40 64 17 37 88 8 7 59 80 69 83 66 28 0 81 4 14 52 24 56 15 55 72 76 51 57 25 75 3 20 63 35 48 22 29 71 41 2 47 67 86 33 73 84 21 16 53 
43 10 41 74 73 67 2 18 45 66 52 81 53 20 3 24 54 27 84 31 80 60 51 42 71 77 13 21 44 86 48 11 65 23 22 75 47 17 76 8 78 68 61 32 25 1 46 35 33 63 0 30 15 83 37 59 39 62 16 56 19 7 82 79 58 38 28 36 29 89 72 55 9 6 4 12 26 50 69 70 85 57 34 64 49 40 14 87 88 5 
28 84 79 5 13 48 55 57 67 87 56 58 16 7 88 26 80 37 23 75 22 69 40 3 76 45 63 64 12 62 11 38 0 61 6 60 15 36 21 51 44 46 73 41 20 89 33 19 85 86 1 30 49 34 70 53 35 68 14 66 29 24 4 65 83 71 81 78 50 47 25 39 72 54 10 8 27 31 43 59 9 52 18 32 77 2 74 17 82 42 
4 69 66 82 79 30 72 47 68 8 2 6 86 83 27 29 89 39 33 21 14 64 24 40 32 78 31 34 87 50 19 15 44 42 12 58 11 65 71 36 49 62 85 17 18 38 16 5 25 57 84 51 53 41 7 46 77 1 55 43 23 59 22 54 63 74 88 67 9 26 52 35 10 3 60 73 80 20 76 48 70 28 56 75 37 0 61 13 81 45 
13 56 77 76 78 84 81 3 9 28 35 20 17 65 34 73 59 60 26 42 10 48 51 37 24 88 29 57 5 52 68 67 43 55 25 4 54 53 14 74 12 64 49 82 19 63 62 86 18 33 23 72 7 40 36 32 44 2 31 69 87 8 27 45 85 89 50 58 47 39 66 79 6 41 0 75 1 16 15 38 61 70 21 80 22 83 11 46 71 30 
19 71 70 74 83 41 38 25 0 58 47 15 52 32 72 61 80 43 85 51 5 1 45 57 50 49 3 21 55 20 17 88 81 36 87 16 86 37 46 35 64 31 28 4 34 59 77 39 68 10 44 18 2 12 56 24 60 9 79 8 69 33 6 73 89 63 23 84 27 53 76 42 75 29 14 54 7 13 11 30 22 66 40 26 67 82 48 62 78 65 
62 1 11 37 29 52 30 65 46 22 47 82 31 7 39 75 48 32 18 10 70 84 53 49 73 6 19 9 50 83 60 16 87 72 63 54 59 35 24 55 67 78 34 71 14 81 40 12 79 61 21 80 38 13 41 25 76 64 27 45 23 85 5 26 89 2 15 0 33 28 3 88 57 68 58 42 56 74 43 20 77 66 69 44 51 4 36 8 86 17 
86 88 89 27 1 71 43 0 66 26 16 36 23 42 11 4 22 45 77 34 21 50 84 81 40 49 3 58 61 41 67 83 14 33 8 6 38 87 13 82 75 48 29 24 69 70 51 52 37 28 7 78 2 35 76 80 44 9 79 39 74 53 5 72 59 47 17 32 30 68 20 64 54 85 60 63 56 18 25 19 62 10 46 57 65 31 15 73 12 55 
39 53 2 63 40 12 72 8 42 68 30 17 85 56 73 57 15 28 0 45 38 7 34 13 64 46 51 89 66 18 80 25 54 69 55 32 59 5 78 87 74 47 70 48 9 65 22 10 79 88 82 43 11 71 23 31 29 44 35 20 21 26 61 19 62 75 24 83 4 3 60 6 77 37 67 76 16 27 14 81 84 50 33 36 86 52 41 1 49 58 
49 44 21 76 27 75 74 6 18 14 29 4 36 86 54 73 60 24 62 3 88 80 20 79 70 28 15 16 12 55 69 61 65 0 58 33 32 13 19 31 81 64 7 57 63 8 37 84 68 45 67 10 46 52 43 26 23 56 17 85 59 22 9 71 77 5 51 87 82 50 25 83 30 66 42 39 53 35 1 41 11 38 40 2 89 47 48 78 34 72 
87 44 25 56 33 20 75 12 64 2 76 9 41 59 82 14 11 23 51 15 1 67 47 26 17 89 8 39 58 35 79 81 74 78 69 13 24 30 77 46 40 53 36 37 3 83 38 10 61 16 31 48 49 22 65 50 84 66 45 86 42 27 60 80 52 88 73 62 34 6 43 57 63 5 28 21 18 71 4 0 70 55 19 32 54 72 68 29 85 7 
54 38 5 58 50 42 71 83 31 70 29 66 4 57 73 63 7 35 62 86 60 77 22 18 48 85 28 2 55 10 30 59 36 17 49 82 37 61 11 32 34 75 20 27 89 72 1 23 65 76 51 56 43 46 15 41 52 40 14 84 0 69 64 12 6 39 88 16 47 74 33 25 19 68 78 3 80 26 44 45 53 87 13 81 79 24 21 67 9 8 
48 65 81 80 13 74 41 69 67 26 56 16 36 79 9 8 1 85 33 35 87 6 43 19 55 54 62 21 47 25 14 29 34 30 68 45 72 63 42 53 84 10 12 52 3 77 39 22 15 2 4 71 50 20 44 37 0 88 5 32 78 66 49 27 76 61 31 40 60 83 23 86 57 70 89 7 82 24 75 28 18 59 11 73 38 51 64 58 46 17 
32 49 5 43 51 68 80 84 27 6 82 46 48 17 61 44 7 89 63 34 45 19 22 57 28 15 8 72 73 53 52 41 62 21 23 9 78 24 1 75 77 11 10 18 66 85 64 13 31 33 69 58 25 86 50 4 26 88 38 0 47 42 67 40 39 71 65 2 81 12 29 20 54 79 87 14 70 36 56 76 30 60 16 35 55 74 37 59 3 83 
14 30 60 79 37 71 78 22 12 70 11 3 88 67 50 24 2 26 76 55 59 18 0 25 73 80 21 72 39 31 83 89 47 82 86 4 40 9 44 10 29 43 68 28 35 66 46 54 45 17 41 7 5 6 52 62 74 8 57 56 33 81 38 58 16 27 1 36 48 77 42 87 65 53 51 63 49 85 19 84 69 64 34 15 23 32 61 13 75 20 
69 13 53 61 51 77 16 18 57 20 15 85 36 40 50 35 47 59 7 62 54 76 87 52 65 42 38 56 58 83 66 67 1 68 9 41 89 72 37 75 71 19 8 24 46 32 81 44 3 14 82 25 0 30 70 74 23 64 63 29 5 33 28 88 84 34 21 6 73 11 27 55 79 60 2 4 48 17 31 80 39 43 49 26 78 22 45 10 86 12 
60 81 40 10 0 36 78 64 28 85 63 39 75 42 83 23 46 12 49 37 67 77 1 68 20 2 4 43 32 55 58 13 34 86 31 21 16 25 11 19 70 57 5 65 73 30 33 29 8 44 66 80 24 50 3 74 71 38 26 9 84 15 72 61 62 53 48 22 14 51 6 79 56 41 7 76 87 69 52 82 54 18 47 45 89 35 17 27 88 59 
4 26 33 23 52 0 86 24 73 31 27 74 55 38 88 46 17 64 35 15 76 87 11 56 54 45 19 20 18 44 48 78 84 6 49 68 85 10 41 72 22 29 57 58 14 43 83 79 81 21 80 34 47 3 40 89 59 30 7 5 75 32 51 1 61 2 82 37 71 70 63 8 65 36 62 66 77 60 9 53 39 25 50 67 13 16 12 69 42 28 
45 18 8 59 71 7 12 27 10 88 39 52 25 63 3 19 79 62 61 53 6 82 67 34 16 66 49 37 47 42 69 41 78 60 84 74 36 30 48 5 58 43 14 75 35 56 57 31 87 86 50 20 51 26 13 2 85 64 9 28 65 22 33 32 81 89 24 17 29 72 68 80 11 83 70 21 54 55 15 38 40 76 1 44 4 77 46 0 73 23 
64 73 29 33 69 21 89 17 26 25 65 28 3 60 76 2 88 77 70 39 22 61 9 66 44 72 80 53 59 50 7 51 83 11 55 14 84 19 12 20 87 48 74 38 46 42 0 24 16 13 1 75 43 71 34 56 23 45 54 15 67 85 27 32 57 31 40 30 63 79 58 18 52 86 49 36 4 10 8 81 78 41 35 62 82 68 5 47 6 37 
34 21 41 63 82 10 24 8 81 32 40 37 59 58 54 47 1 62 22 44 15 55 4 29 89 35 11 9 51 57 80 86 5 70 78 30 56 67 23 71 20 64 42 45 72 16 48 13 12 6 83 19 43 27 39 18 76 66 53 68 88 79 0 65 87 26 46 38 50 17 75 69 77 73 28 60 25 52 36 7 49 31 33 84 61 3 85 74 2 14 
14 75 66 5 62 68 6 85 32 83 79 76 77 56 48 35 70 51 31 0 22 3 1 36 2 28 78 41 54 60 87 69 40 17 27 74 52 4 26 46 23 71 59 38 53 57 80 84 29 67 88 24 65 50 30 8 13 64 7 89 61 49 45 16 10 11 9 44 12 39 82 19 86 21 37 43 73 47 20 15 72 63 34 55 42 81 33 25 18 58 
6 11 25 68 58 34 38 84 20 13 39 23 43 9 55 46 80 74 65 2 52 33 28 37 81 89 85 63 75 44 16 17 73 36 47 82 86 61 48 12 30 7 4 60 88 42 40 27 51 5 78 41 50 18 21 8 49 54 69 67 14 0 77 56 53 57 83 10 71 59 35 79 45 76 24 70 66 3 15 31 87 32 1 29 62 22 26 19 64 72 
84 32 87 46 0 53 33 49 18 42 72 50 19 45 60 9 64 66 15 82 56 86 37 61 26 30 69 62 27 73 1 35 36 16 57 77 5 63 31 3 79 43 74 48 38 12 47 76 23 70 14 6 25 83 39 8 55 81 65 80 58 67 10 78 7 54 4 40 21 11 2 22 24 20 75 34 17 89 85 44 68 13 59 41 52 51 29 28 71 88 
42 47 19 16 82 88 52 65 72 15 13 29 68 67 78 75 20 41 4 22 55 63 24 87 74 31 62 59 27 54 2 49 28 10 53 39 26 51 70 89 3 58 34 45 23 25 46 7 38 83 76 30 77 36 71 69 8 40 12 81 35 14 1 56 85 61 80 17 33 32 21 66 6 73 5 18 64 86 57 60 79 0 50 43 37 48 9 84 44 11 
16 43 10 7 61 89 79 71 86 57 48 44 17 8 40 2 70 31 68 81 14 87 47 4 25 76 55 0 72 9 59 26 73 50 18 12 64 80 30 85 52 67 13 11 22 84 77 32 69 41 51 37 58 49 23 78 15 27 60 34 20 3 54 1 21 53 6 36 28 63 38 45 29 33 65 62 24 19 56 74 35 75 42 66 39 88 5 82 46 83 
37 50 57 63 39 14 60 3 35 85 29 79 58 27 56 33 5 77 75 21 83 81 18 45 49 71 13 15 74 53 30 84 25 1 44 88 42 17 10 54 34 48 38 73 64 24 69 82 19 59 67 46 47 26 87 66 70 8 51 0 68 6 86 72 20 11 89 62 52 40 9 32 61 28 41 7 36 76 43 12 4 22 55 65 78 16 80 2 31 23 
8 20 24 21 69 1 36 41 49 71 65 46 78 74 9 52 6 66 19 23 51 12 18 33 80 76 7 28 11 83 5 62 40 72 45 73 22 30 44 87 4 56 26 55 32 0 42 81 89 2 68 61 88 35 34 37 17 58 31 82 25 54 75 43 79 67 15 84 16 29 38 86 13 50 10 64 53 60 70 77 47 85 59 48 57 39 14 63 3 27 
23 53 80 43 70 38 64 35 31 51 67 12 75 29 1 44 59 40 88 77 45 54 27 89 2 37 85 41 72 48 82 33 55 5 61 83 39 28 21 65 36 57 60 22 81 6 16 0 26 32 42 62 20 10 47 49 11 63 69 13 78 84 50 17 68 79 86 58 3 15 18 73 52 66 56 30 87 4 14 25 76 9 19 71 8 46 24 74 7 34 
15 86 60 73 54 24 26 34 50 53 25 17 78 32 8 28 2 62 14 61 71 4 41 79 75 19 83 42 18 40 39 22 77 85 63 81 9 16 7 6 46 65 47 51 48 84 58 11 33 52 31 3 43 66 68 20 67 64 59 0 35 76 21 10 5 49 13 88 45 80 36 69 38 57 27 55 30 70 82 23 44 89 56 74 72 29 12 37 87 1 
55 23 72 82 38 9 84 25 56 66 30 3 81 22 76 70 12 37 87 13 6 63 31 75 43 34 19 88 11 64 32 71 7 8 4 36 47 79 74 46 57 28 52 29 69 59 10 18 17 42 86 1 15 44 24 21 65 14 49 27 2 45 41 85 68 48 73 16 40 83 50 20 35 67 39 61 77 62 54 80 53 51 58 78 0 89 26 60 5 33 
59 48 45 31 68 17 76 35 11 16 64 4 30 56 5 51 42 62 13 50 14 21 61 32 88 33 85 78 44 86 34 10 63 80 46 58 55 12 36 7 26 24 84 81 66 83 65 18 82 28 53 27 20 2 74 39 6 38 71 37 29 0 67 3 52 15 43 75 87 47 23 77 22 72 19 9 8 60 54 73 1 41 70 89 57 49 25 79 40 69 
8 89 65 26 20 3 57 58 54 78 15 21 47 0 48 7 77 40 73 17 27 43 83 56 19 69 79 60 39 28 29 41 12 70 86 82 44 80 49 64 75 87 88 14 23 52 10 74 84 76 5 16 6 37 38 2 67 11 31 25 62 53 72 46 66 68 32 42 45 33 1 35 55 24 9 18 36 51 34 71 50 59 22 81 4 61 63 85 30 13 
44 67 30 87 61 80 17 3 51 5 52 74 71 85 23 9 66 39 36 53 72 2 24 10 29 82 35 78 14 11 69 70 54 49 13 59 1 77 60 58 4 0 26 22 18 79 81 55 57 33 41 27 8 43 32 73 34 12 16 46 89 64 7 76 20 50 86 42 88 25 68 40 75 47 19 38 62 45 6 15 21 84 63 31 28 83 65 48 37 56 
45 28 50 36 0 40 27 47 88 81 73 57 89 22 33 4 43 1 37 66 84 54 85 51 6 9 38 62 59 18 2 53 23 63 80 34 70 25 68 24 46 87 74 13 83 14 15 19 56 7 76 58 49 20 21 12 82 31 3 77 78 42 16 39 61 72 26 65 55 5 64 35 41 52 48 71 86 29 11 79 32 60 10 17 8 30 67 75 44 69 
20 32 42 11 76 38 69 22 61 25 10 73 26 86 30 33 45 75 13 68 72 60 70 29 5 52 65 89 6 79 58 35 9 8 23 49 36 67 41 21 48 59 39 64 27 85 71 28 31 34 19 1 87 63 84 56 77 55 47 7 18 78 82 24 57 0 88 53 15 50 16 17 37 54 51 44 2 43 4 83 80 14 62 40 74 66 81 3 12 46 
30 16 46 74 84 83 41 55 65 34 12 22 66 49 44 77 69 39 35 24 25 4 88 1 57 71 64 56 60 17 40 28 21 89 59 31 78 48 8 70 58 3 13 62 47 63 15 32 51 85 67 52 50 75 76 79 14 43 38 54 18 42 9 11 37 82 61 7 87 6 33 29 53 68 72 20 23 80 81 73 19 10 86 5 2 36 45 26 0 27 
20 18 77 75 53 29 72 11 67 37 52 7 42 87 6 5 3 40 86 10 0 84 81 36 82 80 32 55 14 56 51 39 83 62 19 8 73 15 66 85 61 17 71 38 50 78 88 47 12 26 63 34 4 79 44 1 48 89 45 65 24 59 21 33 35 31 23 74 16 60 30 46 68 69 2 28 76 64 41 27 70 58 57 13 25 49 54 22 9 43 
83 58 14 37 41 2 64 68 79 19 7 54 26 57 65 18 1 86 82 49 52 12 33 50 13 81 48 59 85 23 61 45 62 29 31 43 4 74 27 9 88 44 35 46 25 11 76 0 70 69 66 63 16 21 78 40 75 15 30 84 17 36 89 73 8 55 42 39 6 60 72 38 71 22 32 53 87 56 28 3 20 51 24 10 5 80 47 77 34 67 
46 10 63 76 62 28 78 15 33 50 80 31 25 71 27 79 54 1 32 82 24 12 34 60 29 51 56 73 72 36 38 16 0 53 74 3 68 14 9 86 89 44 37 21 43 49 59 67 17 22 35 47 8 87 13 5 75 65 20 84 58 69 18 39 6 48 70 64 30 4 66 40 81 23 61 55 83 57 45 26 2 7 88 41 19 42 52 11 85 77 
44 19 70 56 13 42 2 53 89 24 21 49 85 55 31 52 79 4 66 39 87 17 67 40 68 48 60 62 57 20 77 6 5 25 69 34 11 54 30 46 75 43 27 47 84 80 81 64 0 58 35 16 41 26 73 10 61 28 83 15 18 1 22 72 8 74 37 88 23 50 12 82 36 29 63 45 76 33 7 9 32 71 3 65 51 59 78 86 14 38 
88 81 27 58 5 35 8 63 19 51 59 9 22 47 38 45 32 41 73 40 60 76 69 74 29 15 0 48 79 3 7 77 24 71 23 65 14 75 46 2 86 26 20 34 85 78 55 62 37 87 42 44 12 57 4 28 39 50 36 72 64 67 82 18 66 49 83 84 43 13 89 1 10 30 80 68 33 11 16 52 54 61 17 6 31 56 25 21 70 53 
21 64 49 34 0 12 24 61 16 54 2 36 80 30 87 76 48 19 59 6 70 86 38 78 77 66 53 63 37 89 60 45 71 88 18 13 33 14 23 9 17 74 50 8 22 68 1 5 67 51 10 3 42 73 29 83 41 55 15 81 69 58 62 82 28 40 25 11 57 52 46 47 39 4 44 32 84 31 26 75 20 27 85 35 65 7 79 56 43 72 
7 47 51 31 72 16 43 11 83 21 26 9 15 82 57 84 28 71 5 35 3 66 25 33 65 89 10 46 85 42 17 2 12 79 23 77 63 37 45 20 88 87 80 73 8 22 56 39 53 41 4 19 36 75 27 61 62 67 30 52 55 68 6 70 44 86 29 32 81 76 40 13 64 59 54 48 74 24 14 50 18 69 60 38 78 0 34 58 49 1 
55 36 43 33 1 58 50 69 6 67 56 18 4 32 0 72 23 47 64 41 44 85 75 28 57 22 11 9 60 17 78 45 71 61 7 68 10 74 30 48 86 79 19 38 39 34 73 3 54 80 76 88 29 77 27 59 35 25 52 81 13 20 31 66 49 89 26 2 65 83 46 5 62 87 42 21 14 12 51 40 63 53 16 8 37 24 70 15 84 82 
69 81 63 52 48 70 65 38 15 84 83 18 46 6 16 45 53 59 79 27 29 26 8 61 14 80 72 24 76 60 4 66 82 54 47 1 10 64 43 40 49 7 58 17 44 34 3 39 51 67 74 13 56 50 32 22 36 11 42 25 62 2 87 31 88 75 78 57 23 5 73 37 30 33 41 89 77 86 12 0 28 85 71 55 9 21 19 35 20 68 
3 89 70 30 68 75 57 37 12 34 35 61 28 25 43 62 74 26 55 8 86 53 73 33 5 15 40 32 21 13 78 45 38 11 82 58 2 84 66 10 14 87 54 51 16 0 29 85 27 31 69 52 19 64 81 41 77 67 24 39 71 17 56 42 1 49 80 7 46 60 76 83 23 4 65 18 9 63 48 59 36 79 72 20 44 47 50 88 22 6 
50 74 13 80 20 39 44 31 23 71 32 83 67 7 78 64 6 57 65 15 37 76 81 22 58 68 60 72 42 14 89 51 84 40 77 47 88 18 70 24 27 45 69 19 55 33 8 5 10 35 53 29 30 86 3 48 63 9 85 16 61 56 49 75 4 21 52 12 25 62 41 34 2 59 73 1 87 38 43 36 79 46 17 0 11 54 28 26 82 66 
62 82 17 59 40 16 1 24 69 88 66 73 36 12 49 46 10 80 87 44 86 52 65 20 9 29 47 38 21 55 70 79 3 63 28 77 48 41 19 56 85 84 8 4 83 43 42 27 37 22 64 26 35 0 51 7 71 11 5 60 31 14 54 68 45 32 25 89 81 34 74 30 53 33 72 58 57 2 6 50 61 18 75 78 13 76 39 23 15 67 
0 7 39 78 67 5 76 9 54 52 75 21 79 61 11 31 14 45 8 20 18 2 57 83 42 53 88 23 32 74 43 28 89 50 82 72 46 13 36 34 87 41 38 51 25 60 4 48 37 26 17 56 49 71 58 22 66 16 27 15 59 85 55 70 65 6 81 35 62 44 33 19 73 80 3 47 24 63 77 40 1 69 86 12 10 64 29 30 84 68 
34 10 77 27 30 72 85 25 15 68 88 18 22 50 23 26 4 28 60 56 11 1 47 61 64 24 0 33 6 40 52 67 16 69 70 82 42 66 59 81 79 5 76 19 53 89 20 12 2 44 55 14 37 49 65 54 13 35 86 51 74 73 45 80 17 71 84 78 36 21 75 7 9 3 58 43 63 46 57 83 38 62 39 32 29 48 41 8 31 87 
85 39 55 44 13 86 63 41 87 2 29 73 47 22 84 36 5 6 75 54 43 12 65 14 38 35 82 3 58 17 69 37 72 31 50 42 76 78 26 30 62 7 57 20 46 24 21 74 80 1 59 81 71 16 34 49 19 79 32 70 56 23 53 15 0 52 33 11 48 8 83 88 40 25 9 68 67 64 27 66 61 4 77 10 18 28 89 45 60 51 
27 37 36 46 67 51 48 40 71 62 60 30 56 19 20 58 17 84 25 4 29 53 81 38 54 87 88 44 31 52 61 39 3 82 28 45 18 12 68 33 1 77 15 83 34 55 7 89 80 11 70 22 76 26 41 43 9 50 8 63 73 2 10 79 75 49 57 0 69 24 65 64 21 5 47 86 23 13 59 85 16 72 66 78 35 14 42 6 32 74 
38 9 51 49 81 86 0 74 11 59 33 77 29 64 79 25 28 35 62 23 6 89 32 20 68 66 57 39 16 82 54 24 7 4 50 85 10 83 41 13 1 30 75 22 72 80 67 15 18 8 53 43 84 12 27 78 70 47 56 71 37 2 26 31 34 69 48 45 61 44 46 14 3 55 36 5 87 58 63 40 42 73 60 21 88 65 17 76 52 19 
73 42 58 4 45 14 11 78 12 64 3 60 9 56 40 1 48 71 41 72 80 67 50 32 53 8 74 63 26 68 17 70 6 54 87 36 66 43 61 15 46 21 13 37 89 18 83 75 88 30 47 49 79 16 39 0 20 85 24 62 35 59 2 25 29 34 51 52 65 27 84 86 69 55 33 77 82 23 57 19 22 44 76 7 10 81 31 28 38 5 
31 29 78 49 13 10 66 59 41 19 17 33 74 8 57 61 30 81 69 82 60 84 37 72 46 2 7 6 18 85 21 56 40 35 45 67 63 9 23 5 77 65 47 89 22 0 38 36 52 25 58 83 24 86 76 68 32 43 44 54 73 55 62 51 88 53 11 14 64 75 87 3 70 50 26 4 27 80 28 48 20 79 15 71 42 16 12 1 39 34 
0 8 1 65 62 35 64 55 83 84 10 75 23 52 88 50 14 42 71 5 24 76 77 39 89 26 69 38 87 33 43 86 63 2 40 7 15 29 19 58 13 28 34 70 20 73 61 3 53 32 68 30 59 31 47 22 25 17 60 36 12 51 27 44 80 48 9 45 67 46 78 81 6 72 82 37 18 74 56 66 21 79 85 49 54 41 16 4 11 57 
56 27 65 86 57 37 32 80 2 66 15 11 21 76 52 34 49 26 75 12 3 55 79 63 77 16 9 18 58 5 78 68 44 53 81 72 70 20 1 42 22 46 69 4 38 39 74 19 43 85 45 50 41 51 14 71 25 89 82 28 88 31 48 7 64 84 60 0 62 30 36 29 73 35 13 59 24 10 61 40 54 6 23 33 47 87 67 8 83 17 
35 17 68 47 6 31 41 25 83 87 14 48 21 73 61 42 54 0 67 7 81 70 44 20 43 66 19 28 55 24 38 36 9 85 40 86 16 76 23 60 33 65 18 46 71 27 10 79 82 15 63 57 78 69 51 34 75 13 32 39 62 30 88 5 45 64 2 56 8 11 84 1 12 72 89 59 77 49 3 26 29 80 22 50 58 4 37 53 74 52 
22 3 71 45 85 24 64 87 4 16 34 73 81 23 6 52 21 50 26 41 12 17 89 46 11 53 62 5 37 56 57 72 60 7 69 51 44 27 42 65 59 82 25 33 83 0 49 29 18 38 20 30 31 74 78 14 63 36 32 13 28 61 8 80 10 40 48 77 43 39 86 76 54 70 68 84 35 79 1 19 75 55 67 15 9 88 66 58 2 47 
55 2 15 51 32 74 59 70 28 34 63 26 43 88 1 75 30 54 84 68 47 4 66 36 58 19 67 40 62 48 35 13 5 25 89 49 53 79 86 76 18 44 23 52 37 65 83 6 0 72 77 21 12 8 10 46 60 81 24 61 71 31 42 9 56 17 80 78 73 11 39 27 14 50 57 16 85 87 29 7 41 45 20 64 38 22 82 3 69 33 
48 82 79 31 67 39 66 4 76 61 29 80 25 50 38 46 69 42 33 68 37 2 12 53 19 28 52 58 87 22 10 32 5 8 45 20 11 77 88 23 54 35 62 21 3 47 72 57 64 9 65 14 17 40 74 55 59 6 84 36 41 34 78 86 30 16 73 43 1 7 49 81 44 60 71 15 26 0 75 51 18 27 24 56 83 13 63 85 70 89 
36 7 14 22 23 13 84 89 71 1 42 16 79 75 54 63 65 85 39 74 80 10 18 64 28 77 57 0 3 19 11 21 2 31 35 27 86 44 12 9 47 56 51 17 66 52 87 58 40 55 8 83 33 26 59 72 34 82 49 60 53 24 45 29 38 73 68 37 88 70 30 76 15 43 61 41 6 4 78 20 48 69 62 67 50 25 32 5 46 81 
18 69 44 83 3 30 38 62 19 8 75 80 20 56 7 58 33 50 24 73 39 51 55 77 49 16 60 76 35 27 40 46 43 78 72 6 59 48 9 17 53 85 57 61 68 42 14 29 37 12 86 26 22 41 15 10 89 54 66 11 65 67 28 88 81 87 13 34 79 74 32 47 63 21 71 36 23 31 0 4 70 1 45 64 52 2 84 82 25 5 
49 88 78 73 82 34 85 75 27 71 84 47 13 89 32 20 29 59 50 46 45 5 64 25 60 43 41 70 1 11 4 79 3 15 9 81 76 44 52 22 66 86 55 67 87 61 6 39 16 77 40 30 14 57 36 2 56 62 8 0 54 10 48 31 68 63 74 33 24 72 38 83 51 19 17 65 42 18 28 21 12 80 23 7 69 53 58 37 35 26 
18 14 5 70 9 88 54 78 47 65 37 23 87 10 69 24 53 22 61 35 28 12 68 33 79 15 43 0 63 59 71 49 1 77 38 56 81 30 42 41 80 6 7 50 84 26 85 60 20 17 2 72 83 64 73 52 4 8 57 16 58 74 27 21 31 46 62 11 67 48 36 75 29 51 55 19 25 82 76 86 32 3 39 45 13 40 89 44 66 34 
49 36 44 72 45 83 11 32 17 0 55 87 25 89 67 31 63 1 82 60 85 26 48 5 41 29 59 64 21 53 12 50 76 23 33 47 34 40 74 3 27 7 80 24 6 35 62 19 65 4 58 2 84 69 37 88 51 16 66 8 79 56 70 71 15 28 10 43 18 81 9 54 52 68 30 22 39 13 38 86 20 73 42 46 75 57 14 78 77 61 
72 77 79 46 81 15 51 21 52 86 57 19 41 54 58 42 16 2 39 80 5 13 40 28 61 31 70 3 73 89 76 43 56 6 30 7 69 36 34 4 29 1 24 82 45 26 71 38 78 18 10 25 75 83 67 84 74 20 63 35 22 55 60 47 87 66 50 32 27 0 64 9 37 65 48 53 14 68 44 49 11 23 12 62 8 85 88 17 59 33 
8 13 26 86 74 70 12 62 47 57 36 53 22 39 27 52 46 68 50 69 17 4 23 45 35 10 66 67 85 0 14 88 48 31 20 73 37 19 63 89 80 1 42 38 81 24 32 6 77 49 78 75 82 11 44 61 51 43 3 58 34 72 9 76 25 56 60 84 65 41 15 64 28 83 54 5 16 29 2 55 30 79 59 21 18 33 40 87 71 7 
58 55 20 26 56 28 77 18 30 62 37 9 40 59 63 2 83 38 21 69 66 33 14 3 89 88 84 87 65 23 54 78 8 25 16 32 57 5 67 6 82 34 27 17 48 64 45 29 1 13 71 86 72 75 51 35 73 11 80 44 60 43 22 24 19 36 31 52 0 47 85 15 50 12 10 7 76 41 61 39 70 42 79 81 4 68 46 53 74 49 
61 10 53 34 7 24 15 35 48 70 40 39 33 44 84 11 18 2 75 29 71 62 56 60 76 4 51 64 21 87 86 37 8 25 31 65 36 74 41 43 89 16 22 85 49 77 88 32 14 83 26 57 38 6 9 42 50 45 79 81 12 28 66 55 1 73 20 17 58 72 5 68 78 23 52 13 19 59 80 3 47 0 54 82 63 69 46 27 67 30 
51 6 81 12 75 7 80 19 64 78 38 52 30 1 4 59 0 21 68 25 72 46 27 79 17 63 35 33 49 3 47 54 13 62 66 76 71 84 73 28 20 15 74 41 67 50 82 29 88 11 5 34 85 32 45 57 53 40 60 42 37 58 23 55 61 87 14 22 44 43 39 69 48 9 83 36 2 70 26 24 89 86 8 77 18 56 65 31 10 16 
22 36 15 43 5 87 82 83 28 51 11 49 54 68 10 65 55 42 74 78 37 24 14 39 66 64 27 45 16 8 48 32 46 86 84 20 69 9 26 76 4 31 70 56 41 59 0 47 18 13 67 44 40 73 58 7 79 50 1 3 21 81 29 63 77 61 34 38 57 80 52 6 33 12 62 85 88 19 60 75 25 89 17 2 53 30 71 35 72 23 
12 9 40 60 89 82 19 57 61 47 88 77 29 67 46 66 17 2 26 85 86 44 84 15 74 13 72 81 23 48 32 16 80 20 83 58 71 33 21 1 7 0 30 28 31 53 79 27 25 36 59 11 78 18 6 63 14 69 42 50 73 55 70 62 75 5 68 22 41 10 52 37 43 64 65 34 24 35 38 45 54 4 51 3 8 49 87 39 76 56 
60 45 42 22 34 76 52 11 85 49 51 43 73 19 68 71 69 8 2 27 10 23 87 30 33 53 83 47 28 25 72 88 57 56 62 35 3 75 38 63 79 78 18 44 7 17 1 12 16 54 64 81 39 41 9 14 4 70 86 37 36 5 66 29 24 21 48 55 61 58 84 82 6 89 0 67 46 40 50 31 77 20 15 59 32 80 74 65 13 26 
57 40 24 50 8 5 16 13 48 30 55 82 89 6 79 70 3 32 81 88 74 45 33 35 80 18 42 51 34 31 17 65 15 41 77 63 9 67 28 12 4 14 38 36 86 64 39 62 61 87 53 27 23 25 75 49 73 69 59 0 72 20 71 21 83 43 54 44 52 11 66 26 10 22 46 58 19 68 2 85 1 56 37 78 7 47 29 76 60 84 
79 25 64 7 59 58 37 60 38 53 10 4 63 80 20 0 69 65 41 70 17 89 72 56 32 45 42 81 23 5 62 77 71 84 34 85 67 78 43 6 40 26 76 31 3 49 86 46 22 39 21 1 8 35 24 36 2 82 61 19 68 33 12 52 87 48 13 66 16 50 14 18 47 55 51 28 74 30 44 88 11 29 83 27 57 54 73 9 15 75 
21 56 71 23 50 76 84 67 68 10 49 65 24 44 3 29 73 1 31 14 25 18 62 34 83 36 59 58 16 11 0 72 77 13 46 2 45 5 75 89 26 54 82 52 88 61 37 47 39 78 15 40 20 28 74 42 12 19 81 6 4 87 57 86 30 85 35 22 69 9 8 70 51 33 79 27 41 60 66 48 63 53 7 80 17 55 43 64 32 38 
47 8 75 44 22 66 59 30 41 33 1 20 73 86 28 15 53 19 48 26 87 43 80 23 89 14 60 50 83 35 52 18 4 39 38 77 64 32 55 31 37 29 71 12 36 84 74 51 63 57 81 85 2 45 79 7 34 40 3 56 11 13 46 9 70 21 54 42 69 5 88 68 10 16 76 62 25 82 58 49 67 78 17 6 65 61 72 27 0 24 
67 9 27 78 62 7 26 55 42 0 81 16 37 68 36 28 47 72 14 61 53 30 32 29 13 58 65 54 60 64 73 17 46 12 44 49 56 34 19 83 75 15 66 2 8 6 3 77 43 51 10 33 70 22 76 63 11 50 35 18 80 48 20 39 82 24 52 5 25 1 88 23 41 31 85 38 69 87 84 21 89 86 45 74 40 57 59 4 71 79 
54 9 76 1 85 71 20 86 66 61 39 35 77 24 75 27 49 45 21 65 67 70 38 0 4 7 74 51 58 48 5 82 12 6 63 26 30 47 87 10 55 42 33 46 17 16 79 56 78 25 52 69 88 40 29 59 72 31 15 73 44 57 37 22 18 13 3 23 68 2 11 50 64 43 8 53 84 80 28 32 89 60 19 34 36 41 62 14 81 83 
41 11 88 33 69 34 31 2 46 14 38 48 52 73 63 13 80 32 29 21 37 27 0 74 66 57 59 12 64 10 79 75 22 87 18 60 83 36 40 16 5 72 81 70 61 50 56 85 8 19 44 47 26 51 9 43 1 53 62 86 20 58 67 82 68 71 35 49 77 4 39 17 30 65 89 7 23 15 54 28 3 84 24 78 6 55 25 42 45 76 
50 80 8 4 84 78 54 66 88 70 86 83 6 23 17 56 58 82 87 25 30 74 61 24 9 3 57 38 71 53 55 43 20 85 29 48 5 75 89 49 13 21 63 26 2 45 18 7 14 39 15 76 19 69 62 27 68 36 41 11 1 28 72 79 12 77 33 46 34 64 81 31 42 51 60 44 35 52 16 65 47 10 32 67 0 37 40 73 22 59 
56 19 32 54 33 11 89 87 40 58 24 52 59 22 63 78 42 81 44 10 69 15 35 88 46 6 57 31 30 74 16 2 77 76 50 68 45 84 37 70 7 80 23 36 62 85 0 86 41 60 72 25 27 39 34 55 3 17 47 71 28 13 79 61 48 20 49 53 67 64 26 43 38 82 51 4 21 9 12 8 1 14 18 75 5 29 66 73 65 83 
4 51 60 43 61 12 18 41 49 39 76 42 83 44 79 22 89 15 27 62 46 59 5 75 31 21 65 38 64 25 67 69 13 45 29 86 37 88 78 24 35 11 73 82 1 23 53 68 63 9 52 70 57 71 80 33 54 14 47 40 19 26 34 2 32 17 30 3 85 74 20 0 6 10 48 55 72 58 36 28 7 81 84 16 50 77 66 56 8 87 
39 28 21 24 74 35 19 20 34 1 17 47 25 3 84 79 13 64 27 68 77 65 57 43 40 7 72 81 46 32 14 71 36 23 38 22 8 6 37 53 54 9 76 16 59 83 30 31 55 89 58 52 29 73 51 85 11 50 66 4 48 56 70 44 60 5 80 87 2 15 75 26 86 88 33 67 0 62 69 45 12 18 82 78 42 41 63 61 49 10 
28 53 67 23 45 36 84 27 2 79 15 55 26 6 71 73 85 41 47 72 17 80 86 49 31 88 48 10 66 59 69 16 68 12 9 57 65 50 82 78 75 7 40 33 51 77 1 62 18 87 58 74 21 32 76 24 61 5 39 8 0 54 60 83 81 4 3 22 89 37 64 25 35 29 30 34 42 70 44 11 46 19 56 20 63 38 14 13 52 43 
43 82 62 13 50 0 63 12 70 73 89 10 14 20 46 17 51 33 65 29 4 77 67 69 8 34 38 71 41 55 52 76 61 81 64 88 16 42 54 18 68 60 26 78 48 5 31 84 7 56 58 19 40 75 66 24 72 45 9 49 79 11 85 28 74 36 30 83 86 37 1 87 22 27 2 57 3 59 23 44 32 47 39 53 6 80 15 35 21 25 
56 72 64 14 5 80 63 45 44 18 48 25 77 23 61 3 6 4 2 47 11 57 82 86 21 54 49 19 15 22 32 9 42 28 81 87 7 70 37 35 0 39 78 58 51 50 73 59 75 65 36 20 53 16 31 66 67 8 13 34 89 62 74 68 38 33 79 40 29 27 76 12 88 55 84 17 1 85 46 10 41 52 30 83 24 43 60 26 71 69 
82 38 48 40 55 35 12 26 22 53 13 3 74 78 86 56 5 46 89 24 60 11 83 72 18 7 67 85 28 33 8 44 61 34 80 81 79 50 32 59 75 58 57 52 54 25 65 9 84 27 0 1 68 19 87 10 23 30 66 29 17 49 21 62 70 51 42 4 88 39 36 69 15 2 20 73 6 64 63 31 77 43 16 41 14 71 45 47 37 76 
42 29 9 21 17 56 31 6 60 37 84 30 44 1 81 16 69 27 83 85 39 10 53 54 71 32 57 43 52 78 65 87 36 73 33 35 70 45 64 7 89 5 13 23 20 66 12 4 51 28 86 40 74 41 25 88 15 49 47 76 68 58 24 38 26 77 34 2 75 55 50 80 11 22 63 82 18 19 8 0 67 14 79 59 61 72 46 48 3 62 
2 43 0 3 59 77 40 41 36 15 72 10 48 55 1 20 88 58 52 45 19 22 75 83 8 29 13 11 17 71 9 12 34 61 25 85 6 64 54 87 32 42 73 14 62 84 63 89 60 57 37 30 46 4 23 76 69 80 67 82 28 21 38 39 68 18 16 24 49 27 44 66 5 47 79 35 50 81 86 7 51 65 33 56 74 26 53 70 31 78 
1 28 36 70 14 41 53 3 82 29 60 40 76 16 68 51 6 47 52 34 55 23 88 21 46 67 59 11 77 49 32 7 31 71 63 20 26 69 19 39 18 4 15 57 24 86 43 84 42 87 56 48 61 0 22 37 79 8 58 38 74 35 66 78 83 80 27 10 33 30 64 54 65 85 5 73 81 12 72 62 44 17 9 13 45 2 89 75 25 50 
32 18 30 58 47 85 35 66 80 50 74 0 49 69 14 87 8 81 38 31 5 64 24 22 62 52 37 67 25 15 17 79 10 89 19 39 55 73 88 65 76 4 26 45 54 7 83 43 75 61 56 16 41 2 28 48 82 71 53 72 27 21 63 23 60 34 77 57 20 86 6 9 46 12 1 3 13 40 78 84 42 70 29 33 44 59 11 51 68 36 
46 43 16 31 1 86 76 65 17 19 62 26 63 18 71 55 74 67 51 33 70 89 3 27 75 10 42 64 85 13 57 37 66 6 2 59 29 20 50 24 41 30 8 0 35 72 58 11 44 47 5 68 40 78 38 60 25 45 12 36 14 56 73 39 4 21 53 9 79 28 32 83 84 61 69 15 80 88 22 48 77 49 82 81 23 34 87 7 54 52 
52 7 12 13 73 78 66 16 68 86 38 42 24 61 25 4 76 39 85 54 65 1 80 37 15 36 34 62 67 81 87 9 50 11 35 60 6 3 45 51 19 5 44 31 59 72 23 27 18 22 48 69 57 46 55 0 43 70 83 47 26 84 17 33 82 21 56 8 30 77 20 10 32 71 40 14 75 49 29 53 64 2 74 88 28 79 63 89 41 58 
71 87 58 10 79 7 28 30 46 34 48 0 2 66 54 33 57 14 43 61 83 81 32 68 9 77 47 74 15 82 62 5 16 41 88 69 50 78 23 44 67 60 42 21 80 85 19 73 6 27 26 4 45 63 11 56 29 13 35 89 53 65 38 64 52 70 3 84 55 18 22 1 72 8 20 25 59 37 49 86 76 36 24 12 40 31 39 75 51 17 
53 37 26 22 27 47 77 28 18 25 45 20 74 38 65 41 75 68 69 51 49 70 84 78 82 64 39 62 21 44 5 17 76 81 2 34 29 33 79 87 50 12 71 10 15 63 66 13 55 43 83 0 4 6 59 36 3 60 11 85 56 89 16 58 19 80 54 23 61 32 14 86 40 72 88 7 48 30 52 46 73 57 35 31 67 42 1 9 24 8 
9 4 75 33 54 36 31 49 29 17 80 57 83 59 48 72 10 84 41 50 24 52 23 14 28 56 20 73 88 44 34 8 78 3 37 51 46 12 53 35 30 1 82 64 45 66 65 43 32 13 55 77 0 6 40 70 81 27 25 60 7 86 2 38 79 42 87 67 19 68 39 18 15 5 76 16 22 61 89 85 63 58 47 69 71 11 74 26 62 21 
61 52 85 3 63 89 22 4 58 79 11 26 9 14 67 19 24 62 17 31 6 88 32 81 29 5 21 84 40 25 66 51 77 44 8 49 70 43 12 53 57 27 50 75 39 72 54 60 73 15 23 76 47 87 59 42 13 7 33 65 64 82 1 78 48 55 68 38 35 86 83 71 41 74 36 0 28 46 34 56 18 2 45 80 69 37 20 10 16 30 
86 71 72 84 53 36 9 68 27 38 80 55 2 64 69 48 74 60 73 32 12 13 19 39 44 62 56 5 76 47 40 23 79 30 65 1 49 61 82 14 41 25 24 85 89 45 51 20 70 37 16 18 28 46 43 67 31 87 10 52 0 7 59 3 8 4 66 34 17 35 11 21 63 78 22 42 83 75 6 26 15 81 57 58 29 88 54 77 33 50 
34 15 21 8 45 65 81 57 61 20 88 76 49 87 72 85 2 18 84 78 40 16 37 6 35 56 29 33 26 59 39 14 11 43 58 86 48 67 25 46 54 12 64 55 51 62 32 71 10 7 69 47 27 52 28 63 80 70 74 89 83 42 77 0 4 3 73 50 24 23 5 66 36 38 22 53 31 30 82 79 41 9 19 44 60 17 68 1 13 75 
83 68 37 69 34 80 58 60 7 16 31 74 12 79 20 71 39 0 52 2 82 77 19 28 47 64 75 29 33 61 38 24 8 63 67 41 89 36 30 70 23 56 76 42 59 43 81 6 48 84 15 73 78 65 17 57 27 22 21 9 3 13 49 4 18 10 1 32 35 26 51 72 86 87 44 40 5 54 88 11 66 45 55 62 53 46 14 25 50 85 
70 55 6 65 88 83 54 35 5 19 10 79 41 46 45 37 75 27 78 52 26 50 86 82 47 25 89 21 18 77 3 1 73 84 56 58 39 62 22 80 8 72 33 69 0 30 51 85 13 9 74 53 40 15 81 59 14 12 49 20 34 11 23 17 24 71 48 76 7 68 43 29 16 36 32 38 28 63 57 87 61 60 44 42 66 31 67 64 4 2 
50 11 38 81 57 44 23 60 66 63 74 7 55 87 71 29 40 54 36 8 20 42 80 12 25 31 84 4 15 69 32 59 1 53 26 73 21 39 78 30 43 75 85 24 28 72 5 88 89 77 0 51 62 61 16 83 41 49 14 82 17 64 79 2 68 33 9 37 3 19 45 70 13 10 48 18 56 47 86 65 27 67 46 6 35 76 52 58 34 22 
57 44 64 51 1 63 46 24 58 68 30 88 56 10 42 13 9 87 22 11 4 48 45 77 16 8 54 76 19 78 2 18 67 14 15 65 74 5 17 7 66 43 12 34 52 0 20 81 36 70 32 33 26 49 40 53 29 3 47 41 28 75 27 21 23 72 60 89 35 71 85 69 37 31 84 61 38 50 79 82 39 25 62 86 80 59 73 83 55 6 
82 73 62 15 89 23 48 72 83 30 38 29 81 3 34 41 10 65 28 2 0 87 67 37 68 21 85 49 53 18 77 47 66 46 6 71 35 43 79 13 86 51 14 55 50 52 40 75 17 80 33 31 45 56 59 58 26 22 44 69 84 54 76 19 36 64 25 24 4 78 11 39 27 63 1 74 88 20 5 42 70 9 57 61 12 32 16 60 8 7 
33 22 46 39 56 58 85 61 20 17 37 42 6 70 0 21 38 47 16 3 23 8 5 60 82 59 35 32 84 36 11 24 86 75 83 40 2 1 73 13 27 62 66 57 76 9 81 34 25 52 64 28 69 67 19 71 41 80 63 50 89 15 74 45 7 65 14 88 26 44 31 18 48 4 54 29 68 12 87 79 51 43 77 49 53 30 72 78 55 10 
17 18 13 43 88 53 30 40 76 79 73 84 63 57 10 37 26 59 7 31 2 69 66 71 78 54 11 34 42 61 75 9 6 55 35 48 15 49 52 82 85 46 3 23 70 45 5 39 8 44 87 62 12 36 64 33 0 22 67 74 1 21 86 4 25 56 16 77 72 19 32 24 41 38 27 29 50 65 60 20 28 89 58 83 81 47 68 14 51 80 
6 39 51 77 32 2 46 60 48 50 68 12 20 14 66 74 72 87 45 4 7 62 22 35 86 65 75 70 59 41 30 27 9 18 8 19 31 28 21 61 63 29 40 10 13 57 82 25 44 17 3 55 83 79 5 80 37 64 58 47 54 33 26 52 89 71 1 16 49 36 76 34 53 81 11 88 67 78 73 56 85 38 69 24 84 42 15 43 23 0 
25 45 73 74 42 63 55 40 21 59 86 50 7 53 23 81 19 5 0 58 14 83 87 17 16 35 49 26 52 79 67 89 11 64 51 60 12 9 88 1 10 82 28 71 76 65 22 44 80 85 27 66 39 29 18 37 61 62 68 41 3 38 57 84 56 4 30 78 2 13 75 32 33 31 46 36 6 24 47 54 77 69 48 20 72 43 8 15 34 70 
37 14 85 84 33 5 21 43 56 19 72 41 30 60 75 67 70 29 26 22 15 51 0 78 27 80 8 24 16 50 87 42 62 34 59 74 20 57 52 32 49 38 44 55 54 11 47 2 9 76 31 3 89 53 88 64 36 4 61 71 35 86 17 65 48 46 7 77 45 69 6 79 66 63 73 23 13 58 82 1 81 10 83 12 39 28 25 68 40 18 
64 31 53 32 34 80 48 11 47 1 89 10 25 86 4 82 68 40 3 70 78 54 69 38 57 66 56 27 88 19 33 28 51 43 36 65 45 76 6 23 2 42 60 30 50 29 22 58 83 85 79 35 16 73 37 61 5 7 75 8 9 72 46 39 84 26 13 77 24 71 21 55 59 12 74 63 14 81 15 17 41 67 62 44 49 20 0 87 52 18 
83 49 69 28 36 54 81 13 26 41 9 11 4 64 3 77 31 44 71 38 10 59 20 42 61 78 35 50 84 52 47 16 55 62 79 0 25 74 15 7 45 30 39 40 22 34 58 48 66 18 46 86 19 12 53 87 24 72 63 85 29 75 5 73 6 51 1 76 88 65 67 32 80 33 37 17 60 43 82 8 14 21 23 89 56 2 70 68 57 27 
87 35 42 66 76 17 22 60 29 20 55 51 58 80 1 25 52 56 59 10 79 14 49 38 13 81 21 2 53 44 0 62 48 57 11 65 27 41 63 83 33 36 4 6 15 40 47 85 18 78 88 39 89 9 31 8 61 12 82 26 50 30 28 67 43 16 54 32 86 64 24 72 7 74 19 77 68 70 71 73 34 46 37 69 3 45 84 5 23 75 
1 62 3 56 8 73 49 23 47 44 67 31 77 63 78 69 80 87 86 74 34 71 37 82 28 45 58 89 24 32 57 18 54 16 84 75 29 4 52 14 6 83 40 2 33 19 0 70 7 41 65 48 88 85 64 26 13 55 66 79 5 68 39 42 76 59 50 38 72 81 20 10 22 46 12 27 9 36 25 30 61 21 17 15 60 51 53 35 43 11 
15 39 54 51 81 36 5 75 16 43 26 32 56 17 9 49 7 65 68 12 47 46 35 89 30 18 50 77 14 23 6 82 2 11 61 72 60 19 71 58 70 25 37 53 40 69 57 59 79 24 67 33 80 87 88 83 34 13 41 21 66 62 45 64 1 3 8 76 48 20 44 38 4 74 55 52 84 63 73 27 42 10 0 78 28 85 86 31 29 22 
70 88 25 62 0 44 5 65 22 66 74 6 26 32 36 3 30 84 67 13 39 4 29 79 46 50 61 68 20 63 87 82 52 85 35 57 28 56 14 12 2 55 21 16 77 60 45 83 69 51 78 73 15 23 42 31 86 81 38 49 19 18 71 10 48 59 72 34 24 43 80 1 7 11 17 76 89 8 75 40 9 53 47 27 54 37 64 58 41 33 
72 54 37 16 46 24 4 62 39 66 43 23 64 27 75 82 26 63 0 45 18 9 53 76 20 41 85 25 42 86 44 88 14 71 73 32 48 52 17 87 15 67 10 61 81 34 51 89 80 12 58 59 47 70 3 77 36 68 35 19 79 60 11 74 40 5 78 84 38 6 31 2 56 50 29 33 8 57 22 28 83 21 7 69 13 30 49 1 55 65 
19 65 47 52 12 86 30 64 13 83 85 3 60 72 48 21 69 18 27 74 26 73 45 68 22 7 6 78 80 57 39 77 35 88 51 1 36 53 34 67 70 62 15 56 71 20 4 8 59 76 25 0 50 24 84 9 89 17 11 2 43 82 31 29 63 66 5 37 28 16 46 54 87 33 41 42 58 79 40 10 14 61 49 75 44 38 32 23 81 55 
45 8 59 49 1 61 12 43 34 37 19 60 7 74 15 79 68 88 89 69 31 55 87 72 26 0 84 44 76 82 30 54 5 17 10 70 64 38 42 33 32 24 36 53 75 80 56 57 20 25 29 23 58 18 46 65 14 27 47 62 50 22 86 21 77 71 39 81 28 78 40 13 66 52 83 67 41 35 11 73 6 48 16 4 63 9 85 3 2 51 
41 70 77 33 18 29 61 68 63 87 78 47 39 71 0 55 27 46 45 51 21 34 73 58 11 17 9 80 24 83 22 49 84 26 36 20 57 74 14 85 72 69 35 3 30 54 40 50 4 86 13 8 31 23 7 60 42 38 89 28 37 67 25 2 12 62 52 82 56 75 15 88 5 64 53 32 66 81 44 76 16 10 1 48 6 19 79 59 43 65 
38 64 9 16 6 15 73 40 43 2 42 70 76 54 83 50 29 84 79 41 74 33 69 58 24 31 81 28 11 68 66 14 53 3 21 63 75 89 13 55 27 51 36 22 65 37 0 25 7 18 87 23 59 77 32 72 20 88 85 30 4 45 34 62 60 8 57 82 1 17 47 86 52 78 26 56 71 12 80 5 35 46 67 10 19 49 48 44 61 39 
66 50 89 29 15 82 51 65 14 45 49 20 12 80 22 71 53 23 13 87 84 8 33 56 46 85 76 1 3 39 68 69 9 6 28 40 5 64 43 52 70 73 79 18 54 48 44 38 60 58 7 17 77 35 21 67 72 63 57 2 27 4 81 10 19 86 16 0 74 62 32 75 78 37 59 26 11 24 30 55 61 25 42 83 41 31 34 47 36 88 
59 17 50 5 57 47 56 78 48 71 53 76 51 26 67 24 83 6 86 30 12 49 63 31 34 8 70 11 41 29 1 32 62 75 82 22 79 16 61 54 36 23 27 7 73 72 28 15 10 87 38 14 40 39 65 64 43 0 80 68 19 81 37 85 44 88 42 45 13 66 20 2 4 58 18 69 9 84 46 60 55 21 77 33 74 52 25 3 35 89 
44 42 79 10 37 64 86 49 4 32 52 15 7 77 89 12 41 66 28 5 21 34 9 55 0 69 6 27 19 65 47 83 22 31 35 45 46 11 67 59 17 61 74 57 38 1 88 43 53 16 3 48 13 36 70 20 8 50 76 72 14 33 78 84 56 62 51 85 68 2 26 60 73 58 87 80 30 81 23 54 39 82 75 29 18 71 24 63 25 40 
42 23 73 2 81 43 8 28 52 39 20 37 80 75 47 55 3 25 18 22 54 69 72 26 29 40 88 48 34 49 4 84 64 15 11 45 33 30 89 77 63 16 46 24 13 87 79 71 70 44 66 61 65 27 19 21 50 10 12 9 5 57 82 36 41 58 68 53 56 51 38 85 59 76 14 17 60 67 32 74 6 78 86 0 83 31 35 62 1 7 
85 36 62 7 70 76 13 33 20 61 37 31 39 32 72 27 16 49 60 79 6 58 41 53 67 88 74 25 78 19 0 80 18 21 50 42 1 87 12 57 14 46 15 3 68 45 66 17 54 81 48 4 73 10 83 2 59 26 38 22 23 9 30 71 51 28 44 52 65 8 89 5 63 64 82 84 29 77 34 75 86 43 47 40 11 55 24 56 35 69 
34 51 11 59 26 37 28 68 70 77 52 41 36 64 25 84 62 71 80 13 24 35 73 65 22 14 78 40 0 86 45 32 82 50 67 81 23 69 3 85 53 19 47 17 87 15 7 18 66 31 61 60 9 10 88 6 30 63 39 33 56 29 27 8 44 58 76 49 46 72 89 57 20 83 79 12 42 48 4 74 5 54 38 1 55 43 21 75 16 2 
13 16 83 23 22 27 1 67 14 17 35 79 59 2 4 5 66 46 31 34 24 30 10 89 53 3 64 41 54 39 29 56 6 68 38 69 86 0 85 82 45 60 73 20 58 21 63 36 75 52 11 25 65 26 32 78 47 42 43 70 81 74 9 80 15 51 28 8 7 40 62 87 19 57 33 50 61 71 77 72 84 44 76 48 37 88 18 12 49 55 
16 62 33 6 78 5 52 79 40 58 2 19 63 61 35 87 77 82 8 44 14 60 55 21 47 70 26 80 68 22 11 48 29 85 41 36 73 23 86 56 71 76 4 18 42 20 83 75 43 24 32 46 88 59 69 57 1 38 27 28 51 89 84 17 81 3 39 54 66 0 64 30 37 12 34 31 50 7 9 13 65 72 45 74 67 25 53 15 49 10 
40 48 86 35 78 77 12 82 24 43 1 58 42 13 84 34 50 45 47 26 20 10 80 38 30 3 60 83 74 52 54 79 8 49 89 75 14 15 7 23 36 57 69 11 39 17 28 56 22 64 70 63 85 61 73 81 67 62 37 76 53 71 88 55 44 29 32 27 19 41 21 66 18 33 5 65 87 25 68 31 72 59 51 2 16 0 46 6 9 4 
69 61 57 45 21 81 40 87 47 13 7 3 14 12 27 79 80 76 52 86 73 67 83 85 88 89 74 68 55 84 71 78 75 70 64 63 49 58 77 54 66 65 60 59 62 48 82 53 41 56 72 51 50 36 37 31 38 43 46 33 6 35 39 32 24 42 25 30 29 34 44 28 26 22 9 16 18 23 5 17 15 8 20 4 10 19 0 2 11 1 
