107 4 27
12 18 20 23 25 24 17 26 15 19 4 22 16 5 10 14 11 21 13 7 6 9 3 1 0 2 8 
8 0 1 3 9 6 7 13 21 11 14 5 16 22 4 19 15 26 17 24 25 23 20 18 12 2 10 
10 2 25 15 13 23 3 26 4 18 5 21 0 12 14 16 8 1 11 22 19 20 17 9 6 24 7 
2 24 22 16 7 6 9 17 20 19 11 14 8 1 0 21 10 12 18 4 26 3 13 5 23 15 25 
11 5 4 26 3 23 13 9 1 25 7 10 24 17 8 2 6 12 0 18 20 19 16 22 15 21 14 
14 21 19 18 15 6 12 0 10 17 20 7 24 25 1 8 2 9 22 23 5 13 3 26 4 11 16 
4 5 11 20 12 6 21 22 15 8 16 18 2 1 14 25 23 0 3 7 13 24 10 26 9 17 19 
19 17 9 16 13 26 22 24 3 0 18 2 8 25 12 10 23 7 1 14 21 15 20 6 11 5 4 
7 1 23 8 26 15 20 10 14 9 3 22 19 16 5 2 12 11 25 18 24 0 4 6 17 13 21 
10 0 16 21 6 4 24 13 15 12 5 19 3 9 14 2 7 20 23 18 17 11 25 26 22 1 8 
25 14 20 26 13 6 11 2 16 8 17 5 18 9 7 3 15 21 4 19 10 23 24 22 0 1 12 
15 1 22 8 24 21 17 23 4 7 0 25 18 11 2 19 3 6 16 9 26 5 10 20 13 14 12 
17 14 23 22 1 12 13 9 2 5 6 10 19 4 21 8 24 25 11 20 15 26 0 7 16 3 18 
6 18 3 0 22 26 11 25 19 2 20 21 1 7 12 17 24 4 23 14 10 5 9 15 16 8 13 
12 21 9 3 8 5 15 11 24 13 17 10 1 18 16 20 0 26 6 23 14 4 2 22 7 25 19 
19 26 7 13 16 20 4 25 0 24 9 5 12 1 11 15 23 21 8 22 6 10 2 18 17 3 14 
25 10 11 7 0 22 18 3 8 4 16 14 23 17 15 12 5 2 9 26 13 6 20 24 1 21 19 
18 24 5 2 10 8 20 13 7 19 21 22 9 23 12 25 14 1 16 4 26 3 17 6 15 0 11 
23 2 14 0 17 11 24 3 15 12 7 4 21 6 26 1 20 19 13 22 18 8 9 16 10 25 5 
16 4 20 3 10 19 6 1 5 17 15 8 25 22 26 9 14 18 7 21 13 2 12 0 24 11 23 
21 2 5 25 9 6 16 1 24 26 23 11 19 4 14 10 18 12 7 22 13 0 15 17 20 3 8 
18 9 12 22 0 13 15 19 6 4 23 7 26 8 11 17 14 10 16 1 3 21 25 24 2 5 20 
13 1 20 7 2 0 15 5 24 14 3 18 25 17 16 22 8 10 11 6 12 19 23 21 26 9 4 
22 14 24 11 10 26 23 8 6 0 9 20 25 5 21 12 17 3 16 19 2 13 15 4 18 1 7 
4 16 21 25 17 8 19 3 20 11 12 7 2 13 26 14 23 15 5 0 1 9 18 10 22 24 6 
10 9 26 15 1 17 7 12 18 4 11 14 19 6 5 23 20 24 2 21 16 0 13 25 3 8 22 
19 3 23 8 24 22 18 21 5 1 6 15 13 20 10 2 16 11 7 17 25 0 4 12 9 14 26 
13 12 14 7 26 17 25 21 22 20 18 5 4 1 3 0 2 10 16 9 23 19 6 11 8 24 15 
4 15 11 24 9 25 0 1 16 2 22 14 13 20 26 19 6 12 10 8 3 21 23 17 5 7 18 
20 9 17 8 6 0 23 3 10 18 13 24 19 5 14 4 26 7 11 15 12 22 25 2 16 21 1 
12 16 2 18 1 11 8 26 17 25 6 10 15 13 3 9 22 24 4 0 21 7 20 5 14 23 19 
5 19 0 21 7 10 26 14 8 11 2 1 13 12 4 18 24 6 9 3 25 22 16 20 15 17 23 
6 21 14 23 16 22 7 3 25 9 12 20 1 15 4 24 13 11 18 5 8 19 17 0 26 10 2 
2 19 11 10 5 17 16 0 23 14 22 25 24 15 18 9 3 20 4 13 21 8 7 6 1 26 12 
26 6 5 24 0 8 20 4 18 23 17 1 13 16 2 21 14 15 9 12 25 7 10 22 19 11 3 
7 15 12 3 9 25 21 23 26 6 2 8 14 4 10 19 13 20 22 24 17 1 16 0 18 11 5 
1 9 4 16 22 10 2 23 21 3 0 17 5 20 18 12 26 19 25 7 8 15 24 6 11 13 14 
13 17 11 18 21 10 24 1 3 15 19 25 14 26 8 12 0 16 5 7 23 6 22 4 20 9 2 
11 7 13 8 23 6 19 15 2 1 18 4 22 12 5 20 26 16 24 3 9 14 21 0 17 10 25 
10 20 22 13 3 11 14 4 12 0 24 1 17 21 9 6 7 26 2 25 8 19 18 15 5 23 16 
23 15 16 0 6 8 25 5 26 12 7 19 21 3 18 9 17 24 22 1 14 2 13 4 11 20 10 
18 17 9 20 14 8 15 21 16 2 26 11 0 4 1 24 5 6 19 22 25 3 23 7 12 10 13 
25 24 12 3 7 5 22 15 19 17 20 6 13 16 10 4 2 18 26 23 8 9 0 21 11 1 14 
4 8 14 3 0 2 26 21 20 16 22 13 10 15 7 6 23 24 12 5 25 11 19 1 9 17 18 
5 14 1 0 19 9 25 18 23 11 21 20 4 17 13 3 22 10 2 6 26 16 15 24 12 8 7 
2 12 8 7 23 10 25 1 11 20 21 0 16 5 13 17 24 4 6 22 14 9 26 18 15 3 19 
24 6 26 3 16 25 11 15 18 13 14 10 1 23 2 19 7 9 5 0 17 21 12 8 20 22 4 
17 22 5 26 12 15 21 9 7 23 10 0 13 24 11 16 19 20 2 3 14 6 1 8 25 18 4 
25 4 18 19 6 9 14 5 8 2 15 22 10 17 12 3 1 11 7 0 24 13 23 21 16 26 20 
14 19 5 18 3 16 1 10 4 7 24 26 20 12 22 21 23 11 8 0 9 15 13 25 2 17 6 
15 13 0 20 11 26 2 23 10 22 21 4 9 18 7 5 6 1 25 14 17 19 8 16 24 3 12 
20 1 8 12 16 19 14 6 11 24 9 7 4 23 18 13 25 10 3 21 2 17 0 15 22 26 5 
24 21 22 26 2 5 18 3 6 17 4 12 13 8 19 25 9 20 0 15 1 10 14 11 16 23 7 
13 3 22 20 17 25 23 7 0 11 9 19 12 16 5 14 10 8 18 1 6 2 26 4 21 24 15 
19 16 2 4 15 17 23 13 6 24 7 21 11 10 22 8 14 18 20 5 3 9 26 0 1 12 25 
16 12 26 22 24 15 5 25 0 10 1 4 3 6 8 14 17 11 18 20 19 13 7 21 9 23 2 
23 9 1 3 10 21 18 24 11 8 14 25 7 19 26 16 17 22 13 20 15 12 4 6 2 0 5 
18 4 7 17 6 10 9 16 25 21 1 15 13 8 5 11 12 26 2 20 22 23 19 0 14 3 24 
23 12 17 19 0 6 2 1 20 26 11 3 5 8 25 24 22 13 7 10 15 9 4 16 21 18 14 
25 22 2 7 21 24 0 14 4 8 15 13 16 9 18 23 3 1 19 12 20 5 26 11 6 10 17 
3 2 19 26 1 14 20 13 6 0 23 12 16 18 15 9 22 8 17 25 5 24 21 4 10 7 11 
5 7 24 12 14 11 0 10 2 15 16 17 3 22 23 19 26 18 4 8 25 1 21 9 6 13 20 
25 8 9 20 1 10 7 6 17 4 24 23 26 21 5 0 22 2 3 11 12 15 14 18 13 19 16 
11 20 9 18 0 12 21 19 15 5 13 2 7 8 3 4 25 14 24 16 26 6 10 1 17 23 22 
21 10 23 13 22 17 2 26 6 1 16 9 3 4 14 11 5 15 0 20 7 18 24 8 19 25 12 
13 8 15 14 26 17 10 25 4 2 24 19 11 21 12 23 20 9 18 6 1 16 0 7 3 22 5 
17 4 5 7 22 1 16 6 19 12 10 13 18 0 25 23 20 14 11 24 15 26 2 9 8 21 3 
24 1 18 7 5 9 15 14 23 6 26 8 13 22 21 25 12 3 2 17 0 20 11 16 19 10 4 
20 3 21 18 24 0 16 8 12 9 11 6 22 23 26 7 1 2 25 13 4 19 14 5 17 15 10 
11 5 22 6 20 26 14 19 15 4 25 3 12 16 17 0 2 7 21 9 24 18 8 23 10 13 1 
16 3 0 23 2 9 13 12 4 15 19 24 22 10 20 11 5 1 25 21 26 18 14 7 17 8 6 
17 14 10 13 25 5 1 15 8 3 6 24 9 19 18 16 0 2 7 11 20 23 12 26 21 4 22 
4 2 26 8 0 7 11 17 16 9 18 12 24 14 5 21 20 10 22 3 25 19 1 23 15 6 13 
25 6 12 13 21 26 7 19 15 11 1 9 22 18 20 14 8 23 24 10 0 3 16 17 4 5 2 
19 21 8 22 25 0 14 17 6 1 15 5 2 4 10 20 23 12 18 26 7 16 13 24 3 9 11 
23 16 20 7 10 11 19 25 4 3 13 18 6 2 14 22 21 17 24 12 8 1 15 9 5 26 0 
1 19 9 5 3 12 17 26 2 22 24 13 23 18 11 6 14 8 21 7 20 15 4 10 25 16 0 
2 21 18 6 13 0 9 24 10 25 5 11 12 4 23 8 3 26 19 16 17 1 7 14 15 20 22 
20 16 15 22 8 3 21 14 26 5 12 1 23 19 10 24 13 4 2 25 9 7 0 6 11 18 17 
15 14 7 24 6 2 4 0 13 10 3 20 8 17 5 21 9 12 11 1 25 19 22 23 26 16 18 
11 4 1 20 0 25 15 19 21 26 23 24 17 12 18 9 13 5 3 10 6 16 14 22 8 2 7 
14 10 9 22 16 6 23 8 26 15 20 18 11 7 2 12 13 0 24 21 19 25 17 5 1 3 4 
1 21 18 22 11 12 13 10 5 9 3 0 4 23 2 7 16 26 25 20 6 24 15 17 8 14 19 
8 18 3 26 17 23 1 5 2 0 13 4 14 19 15 11 16 7 10 9 12 6 25 22 21 24 20 
18 16 11 22 7 24 20 25 9 17 2 3 6 10 15 5 0 26 23 1 4 8 19 14 13 12 21 
14 7 26 17 24 0 25 10 13 23 18 8 6 22 16 4 19 3 12 9 15 11 5 1 21 20 2 
19 23 21 12 2 15 9 20 1 17 3 16 14 25 6 5 0 4 22 26 11 24 7 10 8 18 13 
15 9 19 11 4 10 6 20 24 22 13 21 2 25 7 16 17 12 8 26 5 18 1 3 0 14 23 
7 5 21 6 23 18 4 9 10 16 14 19 0 1 3 24 8 15 26 22 13 17 11 2 25 12 20 
3 24 15 2 23 22 0 17 14 20 9 7 5 16 25 11 1 8 13 18 4 26 21 12 10 6 19 
8 0 25 14 5 12 16 10 1 21 26 20 24 6 22 19 7 3 18 4 15 2 11 23 13 17 9 
13 10 26 22 18 12 19 1 8 25 11 2 6 5 17 14 4 3 20 23 21 0 24 7 16 9 15 
20 12 4 26 9 13 24 19 1 15 23 2 0 14 21 22 10 8 16 18 6 11 3 5 25 17 7 
24 17 21 3 9 4 25 7 2 18 20 22 14 16 8 11 1 23 5 12 0 6 15 26 10 19 13 
6 26 17 21 8 13 10 23 20 5 11 15 4 16 12 1 2 7 3 22 24 25 19 0 14 18 9 
0 22 7 6 14 15 25 3 10 1 9 26 12 2 13 18 16 23 11 24 5 8 4 20 21 17 19 
2 12 16 14 11 8 22 19 1 5 21 18 24 26 20 10 9 17 15 0 25 4 13 7 3 6 23 
23 8 4 10 15 7 22 20 6 2 21 11 17 19 14 13 24 26 25 5 0 3 9 16 1 18 12 
17 12 25 18 7 15 14 0 4 20 22 2 1 5 11 3 9 10 24 26 6 23 21 19 16 13 8 
7 3 20 10 5 17 19 14 23 12 4 13 1 16 9 24 6 8 0 21 2 18 26 25 11 15 22 
26 4 7 6 0 19 3 16 11 13 21 17 20 1 2 8 10 15 23 22 14 25 5 9 24 18 12 
9 19 24 14 16 13 12 17 21 3 6 23 18 26 25 11 10 2 4 5 1 22 0 20 15 8 7 
11 1 4 22 24 8 6 23 12 10 9 19 7 5 15 18 26 13 25 3 17 16 21 14 0 2 20 
6 16 2 0 21 19 3 26 23 24 1 25 10 18 20 14 9 8 17 11 15 4 7 13 5 12 22 
4 1 5 2 13 22 9 25 15 8 7 23 19 17 10 21 6 20 3 11 14 16 18 0 26 12 24 
25 11 17 10 5 7 26 0 12 2 13 18 15 14 22 16 9 4 6 20 8 19 24 21 3 1 23 
12 8 5 4 22 13 24 21 23 14 0 7 20 10 9 1 26 17 19 15 11 3 18 25 6 16 2 
