166 4 70
6 1 3 0 7 14 20 13 11 30 23 29 27 19 33 34 36 37 38 48 44 54 55 57 58 61 65 62 63 68 69 66 67 52 60 64 51 47 56 59 49 53 46 40 50 42 45 43 41 35 39 31 28 26 32 25 22 24 21 17 18 15 16 12 9 10 2 8 5 4 
59 42 50 40 46 56 35 31 28 22 25 32 21 17 15 12 10 9 5 4 8 2 16 18 24 26 39 41 43 45 64 60 67 69 68 58 55 48 38 37 36 6 33 7 3 1 19 0 47 29 54 11 63 13 62 14 52 65 20 27 23 53 66 30 57 34 44 49 61 51 
19 34 63 66 51 43 41 45 53 49 39 26 24 10 18 16 5 8 2 4 9 12 15 17 21 22 25 32 28 31 35 59 56 61 40 57 65 46 50 42 44 30 23 20 27 13 11 14 52 6 62 54 47 37 38 48 55 29 58 64 60 69 67 68 36 0 1 3 7 33 
17 25 22 58 65 54 69 2 68 67 64 60 53 62 49 52 47 61 57 44 8 4 5 10 51 66 34 19 29 63 7 0 3 1 36 33 48 55 38 30 23 6 11 9 21 15 12 16 18 24 26 43 37 32 59 14 39 56 28 45 31 13 41 42 27 46 20 35 50 40 
24 9 12 33 48 38 23 30 62 57 28 61 31 37 55 44 41 35 47 52 13 40 50 27 14 20 0 16 15 18 2 17 42 46 21 49 59 51 19 3 7 1 63 22 25 56 34 66 53 36 68 67 60 69 64 58 54 65 6 11 29 32 5 4 8 10 45 39 43 26 
54 46 67 65 21 55 64 16 37 18 27 29 30 13 11 4 43 20 14 7 3 6 36 26 39 8 5 10 45 40 32 53 60 42 50 56 59 25 63 1 19 51 61 69 68 44 58 34 17 57 2 9 12 22 35 15 49 66 47 0 62 41 24 48 38 52 31 28 33 23 
29 10 27 31 35 41 62 48 43 51 23 66 38 8 56 11 26 1 49 52 68 69 15 39 45 36 20 0 47 60 32 33 3 6 65 4 58 64 25 40 46 14 13 55 5 28 9 12 17 19 37 21 24 67 34 22 44 57 30 63 2 42 50 59 54 16 18 61 53 7 
39 59 15 0 5 52 7 28 47 69 53 58 50 42 63 44 57 61 32 33 45 60 26 43 36 54 11 27 16 30 67 23 24 38 66 29 2 34 22 25 1 19 35 40 20 55 37 4 8 10 31 46 49 64 65 48 41 12 17 56 9 62 18 3 51 21 68 6 13 14 
42 40 48 4 44 3 49 32 36 53 34 60 6 2 68 20 14 18 52 23 13 35 31 12 9 45 33 69 56 63 7 39 1 41 51 62 8 10 67 27 37 29 61 25 28 16 43 54 11 50 21 46 59 0 55 15 19 38 57 30 26 17 5 65 64 24 47 58 66 22 
8 1 26 11 61 58 14 66 57 13 68 22 18 50 37 16 21 47 62 9 24 64 65 54 17 46 28 23 33 12 5 32 0 6 36 69 51 25 20 60 31 35 43 53 42 52 41 40 39 7 63 49 3 29 38 48 4 2 34 30 44 67 19 55 27 45 10 56 15 59 
5 57 3 20 47 7 67 2 15 41 45 30 59 6 64 56 18 21 65 55 0 38 31 12 48 24 68 22 9 34 10 4 49 19 60 17 46 39 32 66 11 51 54 36 25 27 33 23 8 50 16 44 29 69 42 28 40 62 52 35 26 43 61 53 63 13 14 58 1 37 
52 62 16 10 12 49 64 22 29 50 37 53 51 55 67 54 17 38 24 58 45 41 56 63 34 19 42 59 13 23 14 43 27 30 44 28 33 9 4 32 68 26 11 3 0 61 7 60 48 8 2 5 65 40 31 35 25 47 39 6 36 18 66 57 20 15 21 1 69 46 
14 2 33 6 4 24 65 66 63 36 19 43 21 46 58 15 40 47 69 13 48 38 1 31 35 61 25 59 26 30 27 32 29 7 45 42 53 60 23 5 11 54 3 18 16 0 28 50 68 51 56 10 12 64 67 52 41 62 49 57 44 8 22 17 9 39 55 34 20 37 
9 0 17 26 55 69 44 28 59 56 20 37 1 8 25 39 51 62 35 60 50 18 34 13 30 57 32 10 45 14 7 3 36 4 52 23 48 22 24 49 21 12 40 53 42 5 29 64 66 46 65 15 31 58 47 61 11 38 43 16 33 6 54 68 27 19 2 63 41 67 
61 56 11 8 38 27 43 18 15 35 46 44 63 34 19 6 64 54 37 67 33 62 22 39 20 68 41 9 12 31 66 1 7 2 57 5 3 53 42 40 69 58 23 14 17 16 10 13 65 60 24 0 32 26 50 59 21 45 55 30 28 52 29 4 25 36 51 48 47 49 
34 58 49 27 10 30 17 42 16 40 51 50 47 39 52 68 55 21 1 25 28 31 6 46 65 48 36 41 45 66 29 2 24 57 5 67 54 53 60 22 15 32 7 0 13 61 3 14 20 37 62 26 9 56 44 63 43 69 8 18 11 64 23 35 59 12 19 33 4 38 
38 51 64 59 13 20 67 3 44 69 5 22 21 28 23 26 41 63 53 15 46 68 48 40 19 43 4 55 29 57 16 25 33 47 49 37 52 35 66 36 14 2 18 50 8 61 62 60 32 17 10 54 27 42 31 34 12 24 45 1 39 11 7 6 9 56 58 65 30 0 
50 66 37 61 55 23 31 29 65 39 19 7 4 0 9 33 12 11 32 60 41 15 53 6 36 28 17 22 64 14 45 49 1 47 52 68 59 2 3 30 26 43 58 67 21 35 46 34 51 10 63 38 69 20 8 5 44 57 62 27 13 16 56 18 54 25 40 42 48 24 
19 0 48 18 68 57 40 30 35 28 69 9 24 67 5 42 27 62 12 65 54 58 25 1 39 11 56 26 59 13 45 34 2 63 38 29 6 61 33 47 15 43 8 21 66 36 44 49 51 17 14 10 4 20 3 41 64 7 32 60 55 16 50 31 37 23 22 46 53 52 
23 46 63 56 3 7 54 25 24 16 21 45 52 35 14 60 32 44 58 18 31 47 15 8 49 53 4 37 20 66 36 30 55 57 43 39 17 48 62 0 9 68 22 50 27 13 40 19 28 26 5 67 41 33 6 38 51 64 65 59 11 10 12 61 1 69 29 42 2 34 
20 54 22 4 26 8 43 13 56 6 41 33 29 2 1 44 46 52 16 59 42 38 24 12 10 57 34 11 53 67 36 50 28 0 7 51 69 60 32 65 66 27 21 9 39 68 64 61 62 37 18 49 47 58 30 19 15 55 48 35 25 23 45 3 31 63 14 5 17 40 
51 12 63 65 2 47 14 25 42 5 62 37 49 45 69 40 64 7 11 17 46 1 26 41 15 27 23 31 55 9 61 50 48 36 30 10 33 34 18 32 13 60 58 66 8 4 56 20 38 67 35 57 29 19 52 44 28 0 39 68 53 54 59 24 21 43 6 22 16 3 
52 35 17 40 69 68 11 30 0 31 19 53 10 21 3 13 59 39 49 43 64 37 62 38 2 6 16 8 48 58 60 20 27 61 32 36 63 7 24 42 41 54 46 4 47 22 18 15 44 34 51 65 50 28 33 9 56 5 57 26 45 14 29 1 66 12 67 23 55 25 
16 10 53 42 57 64 15 61 39 21 66 25 14 34 55 58 3 35 1 44 38 33 56 9 29 40 23 22 67 45 51 27 12 24 50 20 36 59 6 52 8 11 4 19 54 5 18 32 30 48 65 60 7 13 46 2 17 41 31 49 37 63 43 26 62 69 68 28 47 0 
41 31 45 43 29 18 61 28 32 60 50 38 48 34 55 62 47 36 5 16 44 63 58 46 3 21 1 26 39 49 65 4 7 11 24 42 59 67 69 17 37 12 14 40 54 57 8 52 53 13 10 6 35 23 33 68 19 64 15 25 56 51 0 2 30 9 27 20 22 66 
18 27 66 25 26 23 67 33 54 6 47 9 22 60 68 28 42 32 43 59 56 19 48 30 20 14 36 49 17 0 61 64 15 2 63 29 24 45 37 50 13 10 39 52 53 12 65 40 31 16 35 57 55 69 51 11 44 34 5 38 7 46 21 41 8 3 4 1 62 58 
37 24 21 33 2 50 49 13 65 34 3 28 30 11 29 57 68 25 1 58 12 56 8 26 40 48 7 43 66 4 27 59 62 69 5 9 55 22 51 19 63 6 39 53 0 67 54 35 46 18 31 16 20 52 23 10 17 14 38 44 41 15 47 36 32 60 45 61 64 42 
53 69 41 51 9 16 7 19 46 1 6 62 0 4 5 8 31 40 45 68 44 54 63 65 22 30 27 24 36 35 56 3 38 17 55 37 61 60 2 21 10 52 23 14 32 67 28 50 43 66 20 58 34 15 12 11 33 48 42 39 18 64 47 49 13 25 29 59 26 57 
38 63 5 48 8 29 13 17 47 12 52 23 58 64 32 18 60 51 36 22 59 45 0 9 27 66 57 4 14 1 42 34 10 41 62 6 25 35 55 50 53 69 20 2 65 26 30 56 37 3 16 43 33 31 15 24 19 54 68 49 46 21 7 61 67 11 28 40 39 44 
12 4 55 14 10 68 67 44 17 15 7 39 20 35 46 34 47 24 16 61 29 49 48 31 64 25 26 0 28 43 30 23 52 69 11 65 22 56 1 3 57 41 42 18 54 66 2 63 19 6 40 21 5 51 59 45 33 58 62 37 50 13 32 60 36 53 27 8 9 38 
59 15 54 58 53 11 36 60 45 62 32 40 12 25 28 33 3 21 65 0 51 41 39 57 66 19 44 13 52 48 8 67 56 42 46 50 47 23 64 37 7 10 29 20 69 14 6 18 4 63 24 16 1 61 34 22 17 38 27 5 68 26 43 30 31 55 35 9 49 2 
13 24 40 19 37 22 11 55 23 52 26 5 44 20 38 61 45 6 3 1 2 39 43 28 31 51 64 10 17 66 54 27 18 42 8 0 49 56 67 14 30 9 25 68 47 16 4 58 62 69 7 53 59 29 12 21 15 33 57 34 50 41 35 63 65 46 32 60 36 48 
1 64 9 49 35 21 42 30 43 65 67 50 36 32 60 57 16 22 31 63 59 20 47 68 33 8 38 51 45 15 18 6 37 41 26 23 44 34 58 5 2 52 14 40 11 24 25 61 28 27 10 3 53 0 55 17 62 46 48 12 19 54 4 29 69 66 56 7 13 39 
33 26 4 31 57 58 34 0 7 29 46 39 62 15 66 27 2 69 37 14 8 63 64 56 28 48 32 49 55 21 16 54 44 61 6 60 41 25 68 42 10 38 13 5 35 17 12 11 20 30 19 9 22 53 36 45 59 50 23 67 51 40 1 3 47 18 43 24 65 52 
23 42 39 66 10 62 30 59 41 54 56 69 47 67 18 3 46 43 2 65 35 29 61 17 9 6 53 52 26 7 13 38 55 48 50 27 37 40 5 45 57 49 20 33 36 1 11 12 22 24 4 63 44 28 16 25 60 32 58 31 14 64 8 34 15 21 0 51 19 68 
2 5 68 34 19 20 14 60 25 32 27 4 36 61 38 65 45 35 16 22 13 49 9 54 46 48 58 55 50 41 15 64 40 42 0 66 43 8 23 53 7 26 24 62 37 47 59 1 51 17 63 44 6 21 57 39 29 33 28 18 56 52 3 11 69 31 10 30 67 12 
15 57 43 25 17 14 28 27 18 21 53 19 11 24 47 41 63 7 20 51 67 12 8 38 58 50 3 10 52 36 35 9 56 29 49 55 13 30 31 32 34 33 69 26 1 62 64 46 61 0 4 60 45 54 16 2 6 59 44 39 66 40 68 5 23 37 42 48 65 22 
39 30 49 63 61 69 12 37 0 10 46 33 5 68 44 59 18 52 19 6 67 56 66 23 42 58 8 31 51 1 55 24 16 43 22 13 40 26 15 29 65 48 53 21 3 34 9 47 60 7 64 28 27 32 36 62 50 2 4 17 45 57 25 38 20 35 41 11 54 14 
24 6 17 44 48 4 50 45 51 60 40 16 32 36 64 62 11 2 56 29 33 54 3 67 57 15 58 31 26 22 5 30 38 35 9 61 46 47 69 65 19 53 20 21 39 55 34 12 59 0 10 1 8 25 28 42 49 27 43 14 23 63 52 37 41 7 68 13 66 18 
59 1 55 7 52 9 47 29 54 66 41 34 21 53 22 31 33 11 56 18 5 69 25 14 27 40 35 63 51 42 57 2 17 64 48 43 3 12 28 68 37 38 44 65 61 39 4 0 23 46 30 24 13 20 8 45 26 19 15 62 32 67 49 10 60 36 50 58 6 16 
26 3 22 16 65 50 60 32 13 35 67 62 69 36 42 66 28 24 6 45 48 19 27 7 9 10 68 34 15 31 14 57 52 46 29 30 58 41 17 25 4 18 21 23 1 44 38 51 37 8 63 2 0 59 11 33 64 39 55 43 47 12 40 49 61 20 56 53 5 54 
46 20 53 55 65 56 28 23 64 40 13 38 0 58 34 61 10 37 8 2 54 31 36 19 52 57 25 59 24 12 49 68 60 18 41 39 32 1 5 33 63 50 11 14 45 48 21 15 16 35 67 30 66 69 4 29 47 27 9 6 62 3 26 22 17 7 42 44 43 51 
7 44 12 43 54 15 68 10 51 14 4 37 47 6 57 8 3 23 11 50 42 27 49 48 38 21 45 17 0 65 35 19 53 18 5 62 69 59 31 66 2 28 25 34 22 1 64 61 52 67 26 16 20 32 39 29 40 9 60 36 13 55 58 46 30 56 24 33 63 41 
9 6 11 13 61 29 16 49 63 2 5 56 41 20 47 62 39 30 35 15 21 60 67 51 44 54 24 32 64 7 1 40 14 36 66 43 26 4 52 0 19 12 45 50 18 22 23 68 27 48 46 53 8 25 34 58 65 42 10 3 33 69 28 57 31 55 59 38 37 17 
27 67 25 46 11 39 34 4 18 51 53 59 30 48 17 42 37 8 69 13 14 41 28 31 66 0 33 58 45 36 65 22 68 23 44 54 7 16 20 12 5 49 32 43 55 38 63 52 60 50 62 61 21 9 3 24 2 57 29 56 15 1 6 10 47 19 40 35 64 26 
47 66 1 3 10 8 40 55 62 63 58 19 38 50 60 12 7 20 43 32 44 29 24 5 68 30 41 42 56 33 59 37 64 36 26 28 17 15 45 16 69 13 48 53 18 14 39 25 46 61 9 49 2 22 27 11 51 52 54 0 35 6 57 34 67 23 21 31 65 4 
38 52 2 33 22 21 10 39 0 57 26 36 20 32 17 63 19 62 37 11 43 60 55 29 31 40 23 6 9 7 65 42 34 35 25 69 67 56 3 47 48 5 45 50 51 8 66 41 13 59 54 58 15 49 68 4 12 61 18 44 16 27 28 24 30 46 1 14 53 64 
52 6 27 5 40 49 14 28 33 34 53 22 26 65 12 59 18 37 46 62 30 0 3 29 4 64 47 24 44 35 1 21 15 41 9 38 58 16 23 20 57 68 31 13 54 67 69 48 50 43 66 39 56 11 45 17 42 60 61 55 10 32 8 51 63 36 25 2 7 19 
41 25 57 31 61 23 64 8 51 35 55 45 7 36 16 13 68 6 1 69 60 59 32 39 19 12 26 17 65 24 50 56 49 63 38 28 18 53 54 29 37 42 27 44 20 47 4 22 66 33 67 30 48 10 46 3 21 62 40 5 0 11 15 2 34 58 52 14 9 43 
56 65 31 67 14 51 43 21 42 54 62 20 16 33 9 10 63 0 58 64 53 28 17 48 55 32 1 5 19 24 46 2 27 66 6 13 49 18 69 57 47 23 4 34 12 40 26 39 52 3 61 11 15 35 68 59 7 44 60 36 45 50 8 38 22 41 30 37 25 29 
18 26 21 69 35 58 52 15 22 4 8 54 61 30 7 64 1 34 2 48 33 50 49 3 17 45 41 46 24 14 37 36 51 67 25 59 27 43 42 5 29 47 39 68 19 40 9 56 11 60 32 55 16 20 38 10 65 23 62 31 0 44 57 53 6 13 66 12 28 63 
42 24 18 63 0 68 11 23 57 49 15 9 38 4 25 2 29 10 28 44 13 60 3 53 59 40 6 65 55 62 32 43 30 46 16 22 7 14 12 8 61 66 69 47 36 54 39 64 67 41 31 37 1 58 51 5 45 19 21 56 50 48 20 26 35 33 34 52 17 27 
56 68 5 46 66 50 45 36 51 64 61 44 0 17 48 41 20 43 59 35 26 11 12 21 27 57 31 7 58 6 30 52 34 25 13 10 40 47 9 67 38 63 14 39 2 28 37 33 53 22 19 1 24 15 62 60 3 49 32 55 8 69 65 16 29 4 18 42 23 54 
12 60 32 47 1 19 39 37 2 54 28 16 35 36 38 3 51 69 33 30 34 45 50 55 61 53 8 9 4 67 25 26 64 52 14 15 13 63 48 58 31 11 44 10 18 68 56 43 20 40 42 41 66 21 65 22 6 57 29 49 7 24 23 59 62 0 5 17 46 27 
9 20 43 44 62 19 27 29 55 8 25 48 59 50 60 66 65 3 52 23 46 17 15 39 10 16 33 58 30 67 63 35 57 21 5 2 0 51 7 11 26 53 41 42 61 68 22 54 14 4 40 49 34 18 12 56 64 1 47 28 13 31 37 6 32 24 36 45 38 69 
0 67 1 22 40 17 49 41 13 35 56 29 58 16 3 44 11 6 37 63 12 57 25 55 45 23 36 34 46 42 27 4 21 15 64 52 69 62 18 33 66 32 10 54 59 31 28 26 53 19 24 5 7 20 2 61 47 65 43 30 68 38 60 9 50 48 39 8 14 51 
64 61 28 69 14 38 30 24 32 66 39 60 62 31 13 34 8 40 47 23 57 10 4 15 42 5 65 21 22 56 6 68 11 53 63 2 9 27 0 33 52 17 29 51 1 41 49 18 19 46 48 36 45 7 50 12 54 20 55 43 16 59 25 35 58 44 37 26 3 67 
3 33 21 27 1 24 68 61 53 15 4 56 20 42 5 37 54 7 26 23 63 51 31 58 12 41 35 62 29 65 30 28 18 34 52 17 10 6 49 22 16 19 8 57 39 43 47 38 14 59 25 46 48 55 50 44 2 45 69 9 0 64 36 32 60 11 40 66 13 67 
45 36 66 44 9 50 58 8 47 31 69 40 46 34 18 14 32 52 60 43 54 59 12 65 55 49 20 67 19 2 0 11 38 56 22 26 4 27 13 51 28 24 17 35 5 23 29 7 68 6 39 48 42 61 16 15 33 3 25 37 62 41 64 1 21 30 53 57 63 10 
31 48 50 36 24 14 7 5 67 6 2 55 53 37 39 59 32 62 10 23 26 13 18 27 25 19 43 64 21 12 22 40 46 57 66 54 16 44 3 63 41 49 51 0 30 60 1 45 33 20 38 68 17 47 58 28 4 56 65 29 9 8 34 35 61 52 42 69 15 11 
8 53 47 30 10 28 11 25 16 52 37 45 7 60 65 48 43 44 15 29 46 40 13 2 9 17 68 63 38 59 21 26 31 67 56 4 49 33 34 66 23 54 24 64 19 69 42 6 57 35 1 58 32 51 36 50 55 18 14 41 22 3 61 39 62 27 20 12 5 0 
26 68 41 42 35 0 4 19 27 55 50 32 3 63 51 22 39 69 47 38 49 12 11 57 56 65 24 40 14 33 58 20 43 23 67 18 54 60 7 36 10 9 45 21 61 52 13 37 17 2 66 5 64 1 44 31 62 48 16 59 25 8 46 15 34 53 30 29 6 28 
59 17 61 64 2 43 46 30 12 54 9 69 23 3 51 34 25 29 20 24 22 58 66 38 18 21 15 63 44 16 62 11 48 27 55 45 37 36 1 6 35 0 41 49 13 28 65 31 10 53 42 39 56 14 60 5 26 8 32 57 67 50 47 68 4 33 40 7 19 52 
49 57 5 48 33 29 13 65 50 45 60 1 14 37 19 6 41 22 16 10 15 67 52 28 69 56 8 30 66 20 38 7 25 54 11 39 0 12 62 31 64 61 4 24 59 53 9 2 42 40 3 44 35 68 43 18 51 27 55 32 36 34 17 47 21 23 58 26 63 46 
57 18 34 36 32 48 53 28 64 39 47 7 6 56 17 43 55 31 30 15 35 2 59 42 1 16 52 23 62 0 4 37 27 29 67 58 68 9 14 65 40 5 61 20 38 41 26 51 69 8 50 46 33 66 10 22 21 44 3 60 45 24 63 13 19 54 11 25 49 12 
12 34 58 28 35 44 63 67 26 13 45 53 60 0 54 11 20 46 29 5 49 51 19 25 31 32 21 9 10 17 61 65 23 33 69 38 7 37 40 30 3 62 27 22 14 18 47 36 59 50 41 56 2 68 6 57 15 42 16 8 55 39 48 43 1 64 4 24 52 66 
22 4 62 18 67 23 39 41 11 40 52 24 55 66 42 50 51 8 15 36 60 20 1 27 48 61 63 69 46 57 21 9 68 28 30 44 26 65 53 25 32 45 0 6 37 34 58 35 64 38 56 16 19 5 12 59 14 47 2 49 31 13 43 10 7 54 29 17 3 33 
24 33 42 47 63 9 59 39 16 3 19 13 41 17 64 25 6 8 5 34 66 4 11 29 37 38 49 68 0 67 52 54 21 46 62 28 43 10 61 14 50 7 26 45 55 35 31 65 1 12 57 27 48 51 36 15 56 58 40 2 32 53 60 23 22 44 30 18 69 20 
43 62 19 31 56 36 32 30 4 68 49 53 27 21 3 44 11 1 66 64 18 25 33 29 2 10 60 12 45 23 50 5 57 47 37 24 26 35 0 14 42 54 38 46 63 13 55 8 9 39 15 41 22 7 52 34 58 48 17 16 20 69 28 51 61 65 6 40 59 67 
7 65 51 38 37 60 69 32 29 0 35 25 26 52 20 54 16 12 2 14 6 66 57 46 15 18 28 44 59 17 61 43 68 40 56 41 5 39 63 34 13 58 24 64 36 3 45 50 19 4 23 55 47 9 30 10 27 53 62 67 8 11 33 49 42 1 21 31 48 22 
34 27 2 59 44 40 7 10 69 22 58 31 48 8 20 50 19 15 45 1 33 13 47 62 26 0 64 61 51 63 16 21 42 52 4 23 67 30 36 39 12 5 55 17 18 14 57 11 3 32 35 9 28 43 54 46 6 29 53 24 56 49 68 66 65 60 37 41 38 25 
49 14 48 46 8 22 6 58 9 35 55 38 37 36 23 3 56 4 28 47 57 19 41 42 30 10 12 61 51 17 54 15 68 26 29 34 5 7 31 53 63 60 21 11 67 24 66 33 40 59 13 16 20 27 52 65 43 32 1 25 64 39 45 50 0 18 44 69 62 2 
6 20 66 21 17 52 65 54 44 39 25 38 37 50 1 45 32 59 9 5 68 42 15 55 40 48 49 14 11 29 24 64 69 47 63 18 62 22 33 30 7 4 8 41 23 13 19 58 31 56 57 67 46 28 27 3 2 16 53 60 36 12 35 61 34 51 43 26 0 10 
1 23 21 56 12 13 16 55 53 45 61 46 36 67 11 35 65 68 17 41 8 62 3 47 2 22 58 59 48 60 33 27 66 43 28 24 63 0 40 10 39 14 34 30 31 18 51 69 49 64 6 29 44 32 15 50 37 38 9 25 54 52 20 7 26 42 5 19 4 57 
18 46 16 57 69 10 49 41 14 54 26 40 0 25 50 60 51 23 1 4 2 38 30 33 29 58 64 39 27 17 43 35 8 47 59 44 31 48 22 62 7 53 19 32 24 15 65 3 67 12 6 52 11 34 20 5 56 13 36 21 45 37 61 28 63 66 55 42 9 68 
10 7 34 5 9 15 3 43 61 42 28 37 32 0 66 52 13 60 24 26 67 55 41 18 64 65 12 49 62 4 33 63 56 20 38 25 53 6 69 48 51 1 36 40 68 22 31 8 11 17 16 44 2 30 45 50 58 46 57 29 27 23 39 54 14 21 47 35 59 19 
43 51 30 61 63 27 64 31 19 28 50 45 5 57 36 3 29 40 68 46 39 62 22 54 52 12 4 42 25 16 9 6 10 7 20 67 21 33 2 13 48 38 26 18 65 66 35 23 11 0 69 8 37 34 47 44 24 32 1 53 59 56 17 55 41 60 14 58 15 49 
24 47 17 25 56 33 20 41 27 19 14 59 65 60 57 32 11 44 61 26 69 37 55 53 10 21 16 58 22 9 43 68 36 45 30 5 1 18 52 29 6 4 62 51 39 3 15 48 38 50 34 42 28 67 54 63 46 31 8 13 23 64 7 49 40 0 12 66 35 2 
59 51 68 0 29 49 8 2 13 18 42 53 31 15 58 20 17 38 6 67 26 50 45 24 1 66 7 60 35 55 21 54 23 19 43 40 14 34 57 64 69 44 28 11 48 4 10 46 56 41 52 63 3 47 22 62 9 5 25 32 36 37 30 39 61 65 16 27 12 33 
40 66 23 64 11 30 32 67 48 41 35 7 5 10 33 58 44 55 2 0 16 54 21 8 25 37 28 49 69 47 15 46 34 12 39 6 65 14 52 1 27 24 50 19 51 9 43 31 63 61 42 4 38 60 17 53 57 26 29 13 62 3 36 45 18 22 68 59 56 20 
4 62 45 36 15 60 16 13 27 43 56 37 22 34 47 12 39 69 23 17 21 3 63 65 61 59 26 2 20 38 66 42 7 9 29 53 46 52 57 19 64 8 14 0 58 32 50 40 31 49 25 5 30 6 28 1 24 41 51 48 54 11 18 44 33 55 10 35 68 67 
52 3 5 48 39 31 63 24 22 14 35 1 53 34 54 18 50 13 29 44 65 0 15 68 55 17 45 6 30 26 36 51 8 33 10 57 47 42 20 40 27 28 41 12 59 19 37 61 23 2 25 32 60 66 58 38 16 56 62 7 46 4 49 21 69 43 11 67 9 64 
48 12 56 22 52 38 6 46 32 60 9 7 62 28 18 40 21 53 19 43 44 61 1 69 58 41 64 14 49 25 0 42 39 26 29 68 3 67 66 59 10 47 51 27 2 35 11 8 30 20 57 63 16 17 31 23 33 37 4 55 65 54 50 36 45 13 15 5 24 34 
15 16 23 20 42 51 68 2 11 9 47 34 37 39 24 46 67 57 13 54 33 56 30 69 28 22 59 50 35 49 45 62 10 5 4 36 64 6 63 55 27 43 32 60 12 17 0 58 25 44 66 3 18 19 41 40 48 1 61 7 31 52 14 29 8 38 65 26 21 53 
64 26 31 67 38 65 58 4 9 42 50 45 44 25 53 27 30 66 2 68 18 12 49 52 8 16 40 3 61 41 59 1 19 28 36 55 62 21 7 13 63 20 15 5 54 23 35 56 39 37 33 29 43 17 6 34 0 32 60 51 46 22 14 11 47 48 10 69 24 57 
67 1 40 0 46 29 32 35 61 60 5 45 57 37 23 11 63 43 20 17 66 59 53 3 4 36 48 49 56 34 9 24 28 50 54 8 51 2 14 58 68 69 33 13 52 65 7 21 47 55 42 16 19 38 31 44 12 64 18 27 62 30 39 25 22 10 26 41 6 15 
21 28 30 62 6 55 19 8 14 69 58 59 2 36 44 7 29 65 45 33 35 41 18 64 10 49 11 17 66 61 34 4 24 0 20 12 47 56 67 15 22 53 39 13 26 25 54 57 16 31 50 48 9 68 38 32 3 63 52 51 37 60 46 1 27 23 40 43 5 42 
3 26 17 54 12 8 63 14 39 1 5 21 27 60 50 53 0 69 34 67 44 6 31 41 9 38 24 47 43 46 16 37 56 18 48 64 61 57 25 65 49 7 15 59 22 35 10 62 13 11 51 19 30 40 23 55 4 29 33 28 66 58 68 42 52 20 32 2 45 36 
33 43 7 13 47 10 25 39 68 42 30 36 58 32 57 51 54 65 61 4 20 19 24 0 31 49 52 41 22 5 34 37 8 27 3 64 59 44 69 35 66 2 14 28 21 23 46 40 9 67 16 56 53 11 26 15 38 6 29 17 12 18 48 1 62 60 45 55 50 63 
65 7 40 57 6 28 33 49 39 18 9 12 38 27 36 45 26 22 63 10 55 48 25 11 64 14 2 3 5 46 62 51 52 42 58 43 23 68 60 15 35 1 24 44 32 13 21 20 34 54 50 56 67 29 41 30 17 31 53 4 19 66 61 16 59 37 69 47 0 8 
52 66 69 34 56 50 60 42 62 11 37 38 17 61 19 68 13 4 35 15 48 22 16 44 40 25 31 18 57 47 43 55 51 1 24 14 0 12 21 7 5 20 27 10 8 59 67 46 54 32 45 6 36 33 29 63 53 49 26 65 3 23 58 41 39 2 9 64 30 28 
13 63 15 8 54 55 10 35 59 24 2 9 20 52 51 47 31 53 29 0 30 58 46 68 48 50 12 37 62 11 64 1 3 39 16 66 23 38 19 65 25 34 18 41 26 40 36 7 43 33 42 45 32 67 28 60 44 5 27 22 57 69 21 6 61 4 49 14 17 56 
16 41 23 45 32 67 14 57 29 37 1 21 48 38 19 12 20 30 51 40 53 56 15 31 52 25 47 22 69 58 49 13 5 42 66 44 6 8 4 17 26 50 60 2 33 0 39 43 10 65 18 27 36 63 46 68 61 35 64 7 9 55 11 54 24 28 59 34 3 62 
48 10 44 27 36 38 4 11 17 64 28 49 50 41 54 18 65 19 26 53 58 37 69 56 1 3 6 32 9 7 24 46 34 23 47 16 20 35 59 2 63 66 8 29 5 22 31 0 42 30 43 55 25 13 60 45 62 52 33 40 67 61 68 51 12 57 15 14 21 39 
62 4 35 28 21 54 40 17 68 59 57 33 29 60 2 14 51 5 52 41 56 66 55 67 23 8 61 30 27 32 45 26 46 42 3 6 22 1 64 49 15 13 0 65 63 9 39 12 7 31 50 36 19 58 10 25 38 69 43 16 37 44 47 34 11 48 53 20 18 24 
20 11 29 8 23 6 3 25 31 0 42 61 44 43 64 41 22 69 12 45 34 14 33 36 40 30 15 53 62 24 26 50 17 49 39 56 67 60 32 48 28 55 58 59 7 21 19 38 47 68 1 37 9 5 46 66 27 13 35 65 52 54 10 16 18 4 2 63 51 57 
24 69 36 60 1 28 55 51 15 4 10 59 22 18 31 43 66 27 6 13 61 37 57 33 67 5 34 39 35 2 46 47 41 49 20 19 17 58 9 62 32 45 7 30 11 68 50 26 53 42 21 64 23 44 29 40 14 25 8 12 38 65 63 52 16 48 56 3 0 54 
64 0 39 68 22 7 46 33 38 25 29 53 16 48 63 55 61 9 27 67 56 47 26 18 44 4 58 13 50 6 54 15 14 69 52 12 19 10 36 45 28 5 21 8 57 40 66 30 51 32 60 31 17 62 37 41 23 59 34 24 11 43 2 35 1 42 3 65 20 49 
47 9 57 15 63 16 26 65 18 44 35 49 32 66 3 61 38 27 42 8 51 58 13 62 39 2 23 56 43 19 12 46 24 1 69 55 48 67 33 52 68 59 54 4 10 53 14 0 37 34 25 45 17 30 20 28 11 41 21 7 29 22 60 36 40 5 50 31 64 6 
14 26 2 49 40 67 19 62 34 24 52 53 17 37 64 45 35 54 36 7 48 57 66 65 42 46 8 31 11 63 5 21 20 22 50 4 47 59 61 60 25 39 18 12 3 6 10 68 30 56 55 29 28 32 58 43 27 44 69 38 23 33 1 51 16 41 15 13 0 9 
52 30 43 23 41 3 58 60 5 4 1 14 32 31 55 25 11 45 6 56 65 54 62 13 51 40 59 34 38 7 39 9 20 15 21 2 16 10 63 68 22 35 28 26 27 57 61 24 66 48 33 8 37 12 47 18 36 50 53 17 0 44 64 46 67 69 42 29 19 49 
15 41 12 68 0 21 44 50 39 66 65 36 8 62 5 30 29 54 20 43 13 49 63 28 14 18 2 9 35 3 48 27 40 42 45 38 6 16 59 31 64 57 69 37 51 60 17 52 32 58 53 67 24 10 25 22 33 4 47 11 1 46 55 23 26 61 19 7 56 34 
9 7 19 65 34 1 47 16 53 56 6 64 60 69 11 33 50 52 23 59 13 24 30 12 42 3 46 40 2 37 10 54 27 15 48 8 26 21 20 41 55 67 51 49 61 0 68 38 5 29 25 14 58 32 45 28 57 43 18 39 36 44 17 35 31 62 22 4 66 63 
26 22 31 48 59 21 37 46 36 45 25 51 24 10 55 38 63 28 34 61 0 3 69 43 11 4 54 32 60 41 30 42 9 50 58 6 62 52 19 20 2 17 1 33 56 47 53 23 44 49 57 35 18 15 27 12 67 64 16 8 7 66 65 40 29 14 68 39 13 5 
19 5 61 32 58 17 23 6 50 53 29 10 69 18 63 28 25 20 67 16 33 34 55 12 35 13 14 7 68 40 22 43 49 64 65 57 15 8 42 27 9 37 0 54 56 11 39 62 41 1 46 60 45 44 36 38 47 2 3 21 4 31 51 59 30 52 66 48 26 24 
54 0 31 40 66 17 20 44 42 51 35 18 4 60 64 63 37 27 10 53 45 33 38 65 21 13 58 14 48 29 9 67 39 68 15 43 24 12 2 34 30 23 16 19 61 1 22 5 7 52 41 69 55 26 3 11 49 46 50 36 32 59 47 57 56 6 62 28 25 8 
53 5 56 49 42 66 27 0 29 2 46 51 47 33 55 62 31 69 59 3 36 32 26 8 18 11 14 22 41 16 30 68 61 34 7 19 65 28 40 57 24 10 1 17 44 67 25 4 52 48 9 38 64 13 35 23 63 6 50 15 21 58 20 37 60 45 54 43 12 39 
19 59 1 63 30 49 52 21 4 39 33 46 23 26 44 7 62 17 28 68 38 9 45 67 36 18 14 40 47 11 37 16 50 20 66 34 15 51 65 6 32 60 31 58 69 3 0 12 25 29 42 22 27 8 10 24 53 61 35 48 54 55 57 5 2 13 64 41 43 56 
52 51 2 28 25 8 3 56 37 65 57 36 67 41 10 14 21 13 53 12 16 23 24 62 29 61 9 35 5 4 11 44 19 69 39 0 43 42 58 22 55 48 63 66 26 45 1 32 7 59 31 54 64 15 27 6 60 30 50 46 38 40 49 34 47 68 33 20 18 17 
47 36 45 58 39 37 50 44 67 22 61 27 56 13 68 38 12 25 64 49 29 30 20 63 55 24 7 62 46 57 42 35 2 41 6 18 59 43 23 8 11 17 4 5 65 0 53 26 60 32 34 52 69 21 28 33 51 15 48 3 31 54 14 1 16 19 66 9 40 10 
12 54 57 13 1 48 68 60 18 32 10 8 46 30 2 66 16 15 45 56 5 26 64 11 62 28 14 23 3 44 61 55 25 52 33 20 19 49 27 59 24 31 43 9 65 22 39 41 47 53 21 35 67 58 17 51 42 38 34 69 40 50 36 4 29 0 37 6 63 7 
37 34 26 66 64 58 15 40 43 11 41 24 36 16 60 12 18 7 6 67 51 31 59 20 47 48 54 29 19 42 22 23 63 3 62 39 13 0 53 35 17 1 56 57 9 2 4 65 25 38 49 61 10 14 52 8 33 55 28 27 30 44 50 32 45 69 21 68 46 5 
43 8 35 55 67 33 6 25 69 32 63 38 57 65 46 21 31 50 52 27 4 0 29 22 24 1 61 47 3 40 62 10 49 44 28 54 51 59 48 7 64 5 20 34 60 37 39 42 16 56 23 58 17 66 45 36 41 14 26 30 2 68 18 53 9 12 19 11 15 13 
2 53 58 38 3 20 17 4 42 49 69 43 16 25 11 28 5 56 0 66 9 48 15 30 39 64 50 1 21 57 26 19 22 65 36 41 37 14 13 33 10 51 40 52 6 59 12 47 34 68 54 55 23 61 44 46 63 31 45 29 8 60 32 67 35 62 7 24 18 27 
62 29 20 34 41 46 27 48 7 12 35 50 68 33 6 9 69 21 11 16 60 24 53 52 31 55 32 43 8 45 54 2 23 1 63 64 4 26 13 17 25 57 51 30 5 47 49 36 15 40 38 66 61 3 18 44 10 19 22 42 14 56 67 58 0 65 37 39 59 28 
14 39 40 41 13 28 7 61 21 27 3 42 23 55 47 15 22 2 18 60 64 32 26 34 59 45 8 5 35 37 19 33 54 29 44 24 11 48 68 36 53 46 57 56 69 51 50 6 43 31 52 0 16 58 66 49 9 63 17 20 38 30 4 10 25 12 62 65 1 67 
55 33 16 25 18 30 17 5 10 59 40 6 35 19 63 50 69 36 65 24 26 62 15 8 23 68 38 64 51 31 66 9 46 14 67 54 56 0 7 39 21 44 4 45 1 49 13 3 41 57 60 32 28 34 53 20 27 48 52 42 43 29 2 11 37 12 61 58 47 22 
5 16 7 58 57 68 1 67 9 31 61 17 10 29 54 59 40 47 35 28 44 13 6 4 39 14 30 18 56 22 69 60 11 48 34 3 62 38 66 12 20 43 52 63 50 49 32 41 53 19 45 46 37 0 15 21 36 55 33 24 2 27 51 23 65 26 25 42 64 8 
46 19 22 37 0 45 32 15 30 55 48 56 42 53 29 63 35 65 14 52 51 10 64 12 66 39 59 47 9 27 18 1 43 6 44 28 49 17 54 5 13 21 67 25 60 50 11 36 20 8 62 4 69 31 41 58 3 61 57 26 40 16 38 34 24 2 33 23 7 68 
39 24 38 51 23 3 2 27 36 60 8 65 18 54 41 42 25 7 17 56 12 49 47 58 16 21 32 50 34 29 52 67 10 33 40 62 13 0 31 19 63 28 22 44 6 26 1 15 64 35 66 68 45 43 5 69 55 37 20 53 11 30 59 14 48 4 9 57 61 46 
49 13 9 38 33 48 11 53 4 59 57 0 19 24 3 69 27 45 32 14 61 16 17 2 31 8 39 55 66 5 20 52 12 23 58 68 60 6 64 28 29 44 21 34 62 42 18 35 56 30 50 36 65 46 37 7 63 40 26 67 43 1 47 54 15 10 41 22 51 25 
0 62 1 34 14 56 25 63 54 15 43 22 67 68 41 50 10 8 65 55 36 57 37 69 2 40 4 17 6 29 58 12 45 32 42 7 9 46 23 26 19 31 20 33 61 59 51 30 48 16 18 60 28 5 47 3 64 11 21 49 44 66 52 35 13 53 38 27 39 24 
11 26 33 35 41 65 64 44 42 30 23 61 21 47 2 10 20 45 60 66 7 24 22 28 37 48 62 51 39 13 4 29 25 1 58 32 31 57 12 50 59 68 43 63 14 40 19 56 36 69 55 3 34 0 15 16 17 54 67 27 18 52 49 53 8 6 46 38 5 9 
15 6 19 28 43 58 21 46 51 56 69 57 67 45 24 60 9 49 37 44 68 34 53 14 35 13 52 2 18 26 7 27 63 39 40 5 30 59 33 38 41 16 47 4 54 1 25 62 42 48 65 0 64 32 55 8 3 50 23 61 22 20 36 31 11 10 29 66 12 17 
59 40 56 9 54 27 23 13 18 1 7 52 50 28 61 66 31 65 30 36 15 11 53 32 44 48 38 26 29 25 57 4 67 63 58 47 34 46 51 17 43 21 3 62 5 64 41 68 55 35 19 39 49 12 14 16 6 42 33 24 22 8 37 60 2 20 45 69 0 10 
8 48 18 22 62 5 11 20 64 55 59 68 67 0 10 3 45 33 25 66 46 42 31 52 60 49 6 12 16 4 47 51 57 2 40 32 43 53 24 38 61 50 41 34 27 39 54 7 36 37 65 69 35 28 30 15 14 23 63 13 56 19 44 26 29 21 9 17 58 1 
14 66 42 41 5 17 1 52 49 24 43 38 35 16 12 3 30 60 7 54 55 39 11 8 22 67 58 44 53 26 46 23 33 57 25 20 18 64 68 10 2 9 37 63 69 32 29 40 6 48 21 45 50 36 0 27 28 13 62 15 4 59 65 47 19 56 34 61 31 51 
63 25 28 40 6 12 29 16 10 2 20 50 37 47 36 27 69 49 39 4 66 19 34 45 23 30 61 3 56 32 60 41 0 18 38 51 59 11 64 31 21 55 46 13 1 68 9 17 14 7 42 43 24 65 35 54 44 48 33 62 58 57 52 53 26 8 5 22 67 15 
47 20 29 53 28 4 14 6 67 68 65 44 63 61 21 37 9 31 10 8 64 11 15 0 34 23 62 35 50 26 58 2 59 36 1 22 42 18 48 24 27 33 17 25 13 46 51 56 52 19 41 45 38 5 30 40 49 39 69 43 32 60 3 7 12 66 54 57 16 55 
53 38 32 44 33 60 22 31 11 30 45 15 37 50 9 16 54 66 8 3 17 7 46 43 35 58 0 36 69 5 12 68 4 10 29 27 19 40 14 52 61 51 24 47 57 21 41 48 28 20 25 1 56 2 23 26 59 62 6 67 42 13 34 65 49 64 55 39 18 63 
42 68 46 24 34 59 49 64 67 8 65 52 20 38 69 32 36 39 27 13 51 57 40 21 43 6 33 48 26 55 19 62 47 41 15 66 12 17 30 0 14 10 16 5 1 53 28 7 56 4 35 9 58 25 61 54 3 18 11 50 60 23 45 37 22 44 2 63 31 29 
35 20 7 47 54 45 55 50 21 49 62 23 5 15 61 38 56 10 65 40 1 18 16 34 41 25 26 19 43 2 9 0 53 4 46 12 3 31 28 58 39 63 13 48 66 69 14 24 29 37 36 67 44 33 27 60 17 42 59 32 22 68 57 30 52 11 8 64 51 6 
12 1 64 51 19 34 18 66 55 4 47 57 60 23 32 48 24 45 8 17 27 13 37 69 41 52 7 68 50 3 43 63 9 22 21 33 58 25 54 39 15 67 6 29 53 42 5 62 65 59 11 44 20 26 30 10 35 36 46 38 31 40 14 16 28 56 0 2 61 49 
58 35 63 22 19 31 36 30 33 50 60 56 26 5 55 14 0 48 11 43 49 52 2 20 67 44 28 1 34 64 15 16 39 62 29 38 23 53 54 59 13 37 7 41 21 68 57 24 12 17 61 46 69 8 10 65 6 66 18 47 32 45 4 40 27 42 3 9 25 51 
2 62 44 8 61 42 41 27 10 65 54 37 6 39 52 38 3 47 57 9 4 16 60 12 59 48 36 46 26 20 14 40 30 31 35 68 22 25 58 53 51 34 18 5 33 15 28 7 0 32 67 21 49 56 17 66 24 55 23 19 43 13 29 50 45 69 1 11 64 63 
59 43 27 28 66 1 0 25 31 17 20 42 29 21 61 11 12 62 7 3 2 45 10 19 63 6 32 9 22 18 16 46 51 8 58 47 36 44 68 52 37 26 56 41 57 54 65 67 4 64 39 33 48 24 49 40 15 55 69 23 60 50 5 30 14 38 35 53 34 13 
30 25 35 57 11 43 10 64 7 6 53 5 14 13 18 51 36 65 67 58 56 15 52 45 8 27 23 69 55 66 22 37 28 16 48 9 68 42 40 3 17 61 50 33 60 2 47 62 26 19 44 38 29 0 32 24 12 49 59 31 39 63 4 21 41 34 54 20 46 1 
59 67 30 34 63 40 12 29 24 31 44 69 60 38 36 42 19 2 25 49 47 68 6 57 22 26 56 27 54 9 66 13 11 43 3 32 15 50 21 23 52 39 64 45 16 14 1 7 65 28 48 58 0 51 33 53 37 4 35 18 5 10 8 61 62 46 41 17 20 55 
46 39 4 18 62 33 40 45 58 48 50 17 37 63 12 5 53 51 32 22 61 23 65 34 47 21 68 11 13 16 67 35 1 15 6 64 20 66 2 29 56 28 55 54 3 57 38 60 49 41 44 36 27 10 7 25 59 19 0 8 52 9 43 30 26 42 24 69 31 14 
22 54 13 1 31 39 19 67 23 36 35 41 4 42 9 64 40 28 44 69 43 17 61 15 59 14 62 10 55 5 49 37 51 21 32 8 20 60 3 57 24 52 18 0 58 38 46 47 30 29 2 27 56 50 53 68 25 45 65 34 33 63 66 26 16 12 6 48 7 11 
13 29 16 38 44 26 17 65 51 52 10 23 56 48 11 7 5 32 19 60 54 50 36 39 24 64 21 61 30 14 27 0 63 12 43 28 20 15 59 69 49 41 62 42 8 55 34 22 35 18 58 25 47 4 6 2 45 68 46 1 53 57 67 37 66 33 9 31 3 40 
46 42 56 24 9 58 3 64 10 23 19 17 45 48 20 55 40 57 11 7 8 4 62 14 38 49 27 31 26 1 43 6 35 5 67 69 63 12 59 53 34 50 30 29 15 68 21 44 47 25 2 51 37 41 16 18 32 61 60 33 36 65 39 54 66 28 52 0 22 13 
66 1 22 53 0 51 20 15 3 50 8 41 10 48 32 68 54 35 40 49 39 24 31 27 25 26 59 4 64 65 56 14 17 42 16 9 33 7 67 61 34 45 36 12 52 2 6 44 43 47 23 13 57 63 37 58 46 18 55 19 69 60 21 30 11 38 5 62 29 28 
57 38 14 28 37 35 26 56 31 47 59 16 33 20 42 5 67 53 58 46 21 7 24 15 60 39 36 51 25 8 2 29 44 41 40 30 63 1 64 65 10 43 17 66 32 62 49 45 18 11 6 3 68 22 55 69 61 12 52 23 0 27 54 4 50 48 13 9 34 19 
49 30 19 0 68 43 66 1 41 34 39 61 16 25 51 21 5 48 50 64 23 33 46 4 15 3 37 60 18 52 2 20 40 58 28 7 38 8 63 6 12 67 56 54 27 35 24 22 14 57 9 65 31 45 59 42 29 36 10 55 32 11 69 53 47 26 13 62 44 17 
46 38 21 61 12 55 18 65 37 2 54 53 9 68 42 24 69 27 64 0 52 35 7 11 5 56 26 33 22 51 4 34 1 62 49 13 32 60 20 66 44 40 17 10 45 67 16 41 29 47 15 30 8 63 14 43 6 31 3 57 19 28 48 36 39 25 59 23 58 50 
43 55 37 34 69 48 54 39 29 32 28 25 44 11 57 19 2 45 49 7 64 15 33 59 18 38 20 66 3 10 41 61 62 30 35 63 1 12 52 13 53 5 9 50 14 27 58 56 0 65 67 36 31 23 68 42 22 24 60 17 8 46 40 51 16 6 26 4 47 21 
30 20 27 14 0 12 53 38 13 43 6 4 17 36 33 21 51 15 19 56 11 46 52 50 22 57 3 47 25 40 55 45 64 7 63 48 39 69 29 28 37 67 59 31 61 23 42 9 62 24 34 16 66 5 41 10 26 60 54 44 68 32 2 58 18 35 49 65 1 8 
17 28 41 46 57 23 34 6 63 26 48 68 13 15 47 45 8 1 58 54 66 52 65 59 60 18 49 19 31 3 36 61 4 11 64 29 9 16 56 50 69 10 32 53 21 30 25 37 67 27 20 22 5 35 39 24 44 14 12 62 33 38 55 43 51 2 42 0 7 40 
49 2 60 41 13 66 29 6 69 65 34 44 54 4 62 5 0 55 35 39 61 33 16 43 50 45 51 28 9 22 57 42 25 53 20 68 31 14 47 46 59 1 64 38 18 19 26 63 21 8 30 12 32 10 36 40 58 52 17 27 56 37 7 24 23 3 67 11 15 48 
64 31 13 37 3 30 33 54 15 1 46 19 62 28 66 32 14 22 69 47 16 50 11 42 0 18 21 43 63 27 4 53 23 24 55 25 36 67 7 38 45 51 61 29 26 59 39 41 8 20 49 34 6 40 2 60 5 17 44 35 58 48 9 57 10 68 56 65 12 52 
69 12 67 52 23 50 27 58 3 33 18 9 17 14 31 24 26 41 10 47 63 0 28 11 59 5 49 40 6 34 22 56 36 60 45 44 19 61 68 48 8 65 66 13 7 32 2 37 46 39 30 20 35 54 51 64 42 57 38 29 43 1 15 21 25 53 16 62 55 4 
27 63 40 16 13 22 9 61 57 7 53 68 35 8 15 10 34 17 36 4 11 43 1 60 32 46 65 44 18 23 21 31 30 26 14 19 12 38 64 45 29 28 66 0 49 2 25 51 3 56 48 62 47 5 37 24 39 67 58 59 50 69 52 42 55 54 33 41 6 20 
31 59 1 23 25 55 19 50 4 56 51 68 5 66 39 2 30 20 54 8 17 64 48 3 47 26 12 36 69 35 62 13 44 65 61 38 42 67 57 34 60 45 6 21 15 24 58 11 53 43 22 40 41 52 28 29 37 0 18 16 33 46 63 7 27 9 32 10 14 49 
25 69 62 42 26 16 38 21 47 10 55 40 68 59 13 9 35 37 63 49 41 23 44 24 12 27 7 29 46 3 54 66 58 61 53 19 2 67 31 1 14 34 39 56 4 32 5 48 28 22 20 52 51 6 50 0 17 57 18 11 8 30 36 45 64 60 15 33 65 43 
35 18 58 39 22 61 28 7 37 6 8 48 31 33 0 20 24 59 60 51 55 25 65 52 11 42 15 14 21 68 19 29 12 2 9 44 26 41 50 16 45 4 17 62 69 57 56 49 32 10 63 27 38 34 3 67 36 53 13 46 23 47 5 1 40 30 54 66 64 43 
58 44 9 39 54 3 56 57 34 55 4 16 29 52 6 33 24 23 53 0 5 68 36 17 47 31 18 43 41 51 27 40 14 45 35 15 69 25 50 13 66 10 12 65 1 48 11 46 67 61 60 62 42 8 28 7 64 32 49 59 21 22 30 20 63 2 37 19 26 38 
47 50 57 64 11 60 40 1 38 51 58 0 17 10 44 46 28 24 5 13 12 53 33 22 36 8 59 31 23 34 3 62 48 15 43 68 26 52 19 45 7 37 66 54 67 30 6 18 55 56 32 9 25 69 61 65 49 20 21 29 4 35 42 2 39 14 16 27 63 41 
50 19 49 7 15 28 30 29 22 17 35 61 32 66 62 65 55 45 48 25 46 6 36 54 11 9 68 56 2 47 60 42 59 69 67 63 38 43 21 37 64 51 14 0 41 23 12 57 24 5 52 44 31 16 34 33 39 40 10 58 4 8 18 27 53 3 26 13 1 20 
52 42 36 22 66 0 69 65 53 5 54 38 14 48 35 27 67 41 2 19 8 57 45 62 26 40 63 28 56 68 21 4 47 20 50 31 18 10 13 51 55 16 7 32 60 39 29 30 58 33 34 25 59 46 1 24 6 37 43 44 9 11 64 23 12 49 3 17 61 15 
50 13 56 34 21 14 26 11 1 32 63 57 49 59 62 45 4 65 5 28 17 55 58 16 20 7 0 2 35 52 8 40 41 43 67 47 30 61 12 29 46 38 27 31 37 6 54 51 44 53 36 42 66 9 25 33 15 22 24 19 18 3 23 69 68 48 60 64 10 39 
42 43 8 64 31 53 12 44 14 25 61 10 55 60 34 27 21 69 3 68 20 19 37 59 0 16 40 62 30 63 54 58 48 49 66 45 23 46 28 15 65 36 50 35 39 47 6 51 29 13 18 9 24 33 32 57 38 4 52 41 11 22 7 5 67 56 26 17 1 2 
12 0 24 44 9 4 28 51 60 45 13 49 38 22 7 3 64 62 67 18 56 6 15 2 25 41 29 1 55 17 48 5 35 46 14 30 19 66 23 33 20 34 26 8 36 31 61 65 59 53 52 32 27 57 42 39 37 47 21 40 10 16 69 50 68 54 63 43 11 58 
5 39 2 67 30 32 23 58 9 56 48 61 53 8 49 20 36 35 31 68 1 54 29 37 0 59 6 10 47 41 22 34 66 7 3 51 17 40 21 63 69 19 25 24 15 33 44 60 50 45 65 28 14 18 57 27 62 52 38 13 11 64 42 16 26 55 46 12 4 43 
48 44 27 15 33 24 52 9 50 8 41 25 22 29 21 20 0 69 17 54 58 43 11 6 31 60 45 47 14 68 66 12 39 65 64 19 61 51 3 62 63 67 4 46 55 37 2 49 59 42 40 53 57 35 36 56 38 34 32 28 26 30 18 23 13 16 7 1 5 10 
64 69 65 41 68 31 21 60 58 56 66 52 62 47 61 63 44 57 51 50 49 48 45 67 55 59 32 42 38 46 53 40 43 34 39 35 33 30 28 15 19 54 37 26 29 27 16 24 12 36 20 23 18 22 25 17 8 0 10 7 14 13 5 9 3 6 11 4 1 2 
