97 4 22
11 17 19 6 13 21 12 16 14 10 1 7 15 20 8 5 9 0 3 18 2 4 
4 18 3 0 9 5 8 20 15 7 10 14 16 2 12 21 13 6 19 17 1 11 
1 2 10 14 5 7 13 3 6 17 11 19 18 4 8 0 12 21 9 16 20 15 
2 15 20 16 9 21 12 0 7 8 4 18 11 1 19 17 6 3 13 5 14 10 
8 0 6 3 1 12 19 16 21 17 4 5 15 11 13 2 20 18 9 10 14 7 
18 13 19 11 7 14 10 9 4 2 20 0 3 15 5 17 1 21 16 12 6 8 
14 12 21 13 5 20 15 1 18 4 16 10 17 3 9 19 6 2 0 11 8 7 
6 8 9 17 7 10 16 11 18 15 5 21 2 3 1 0 14 20 19 13 12 4 
17 20 3 4 7 21 12 14 11 6 0 2 1 10 9 18 8 16 5 13 19 15 
16 15 19 3 10 13 8 2 5 4 18 6 12 7 20 14 9 11 1 17 21 0 
20 17 5 0 9 4 13 1 11 15 14 8 19 12 2 6 21 3 7 10 16 18 
10 19 18 1 21 8 9 14 15 11 16 6 4 7 12 13 3 0 17 20 2 5 
7 19 1 5 12 0 18 6 20 2 16 14 8 11 17 10 4 3 15 9 13 21 
2 11 8 13 5 16 0 7 21 9 10 17 20 6 12 15 4 19 14 18 3 1 
12 3 15 4 17 16 8 14 19 9 1 18 0 10 20 13 21 5 7 11 2 6 
0 14 11 21 3 18 12 2 4 6 7 15 20 5 19 10 13 8 1 17 16 9 
9 16 6 20 13 0 5 2 18 19 1 3 21 17 10 7 15 4 8 11 12 14 
4 13 15 12 6 10 21 18 2 0 11 9 14 17 1 19 5 3 20 16 7 8 
7 1 9 21 3 13 8 20 6 2 14 4 19 11 15 16 10 17 12 5 0 18 
15 5 8 3 21 20 17 10 11 7 18 13 0 16 1 4 19 14 6 2 9 12 
21 14 0 19 7 17 16 2 18 12 13 9 5 11 8 1 15 4 10 20 3 6 
11 2 10 1 20 9 18 12 5 17 8 6 14 15 0 13 4 16 7 3 19 21 
18 16 6 4 17 5 9 10 1 12 7 8 2 21 19 20 13 3 0 14 15 11 
2 19 17 15 14 0 20 10 7 6 3 16 11 21 5 9 4 8 1 13 18 12 
0 8 12 13 10 4 16 3 1 11 9 19 7 6 5 14 20 18 21 2 15 17 
5 6 15 12 9 11 4 3 2 18 21 16 14 1 13 20 8 7 0 17 10 19 
10 16 11 0 20 13 14 8 15 1 17 2 12 18 7 21 3 6 19 9 4 5 
7 19 4 14 8 18 20 21 9 3 5 17 2 6 13 12 16 10 15 11 0 1 
3 1 7 15 6 0 13 9 21 18 5 11 10 12 16 19 17 14 8 20 4 2 
5 2 1 3 14 12 9 10 16 4 15 8 17 6 20 21 18 11 19 7 0 13 
17 18 20 8 12 19 15 2 1 7 11 4 16 0 14 5 21 13 9 3 6 10 
11 21 4 9 19 1 10 0 2 13 6 17 8 18 16 15 20 3 7 14 5 12 
12 13 20 21 6 8 5 14 7 19 3 4 18 17 1 0 10 11 15 9 16 2 
15 13 17 9 16 14 2 4 11 7 6 3 0 19 20 12 18 8 10 5 21 1 
10 4 17 3 5 2 19 21 15 12 13 0 7 20 8 16 6 9 1 11 18 14 
18 11 3 20 14 6 1 16 19 8 5 13 10 21 12 2 9 0 17 7 4 15 
8 6 9 19 0 4 14 21 5 11 20 16 7 15 1 18 12 2 10 3 17 13 
13 7 14 2 16 12 18 21 0 6 1 15 3 5 8 20 11 4 9 17 10 19 
0 10 9 7 12 1 15 2 17 5 19 13 21 18 3 4 14 11 8 6 20 16 
1 4 11 5 19 16 9 14 17 3 12 13 18 15 7 10 0 6 2 20 21 8 
20 21 16 10 19 0 12 11 3 15 5 6 7 17 9 8 2 14 13 1 4 18 
18 7 17 10 6 14 4 13 20 15 9 8 1 0 3 12 11 21 5 19 2 16 
21 2 8 13 3 18 15 19 1 6 10 11 20 4 5 14 0 12 17 9 7 16 
7 16 20 18 11 13 4 12 3 2 10 19 8 17 6 0 9 21 1 15 14 5 
9 8 12 14 17 3 2 5 10 1 0 6 15 18 7 16 4 13 19 11 21 20 
4 15 5 1 16 11 20 21 6 2 17 13 0 12 19 8 7 10 3 14 18 9 
0 6 14 10 8 19 2 9 12 3 21 20 11 18 13 7 16 4 17 1 5 15 
18 17 5 21 16 11 3 2 7 8 14 15 9 12 19 20 6 4 0 10 13 1 
15 14 1 7 12 8 9 13 10 0 20 19 4 6 2 5 16 17 11 21 3 18 
0 17 21 1 16 4 20 18 14 8 6 7 3 10 13 2 5 9 12 11 15 19 
5 6 19 13 3 11 20 9 15 10 7 17 16 12 1 14 4 21 2 18 0 8 
11 16 8 1 2 4 21 10 7 5 15 14 0 3 18 9 19 17 20 12 13 6 
6 18 12 3 19 16 7 1 2 9 11 13 5 0 15 4 17 20 8 21 14 10 
12 20 14 4 7 9 19 15 11 10 13 5 18 21 3 8 0 1 17 2 16 6 
14 15 13 2 21 17 19 6 9 5 8 18 4 1 10 3 7 16 20 0 11 12 
1 20 3 13 9 0 8 19 16 18 2 12 14 17 15 11 21 10 5 6 4 7 
6 7 11 0 15 4 12 8 13 14 16 17 5 18 20 2 1 19 9 3 10 21 
0 4 10 20 17 18 19 2 5 6 14 11 7 12 1 15 21 16 13 9 3 8 
5 8 11 18 10 21 17 9 0 13 12 6 20 2 3 4 16 14 19 15 1 7 
16 20 5 6 21 15 1 12 19 0 10 9 3 14 18 17 4 2 7 11 8 13 
2 3 13 17 10 12 1 14 21 4 8 11 15 9 7 18 5 20 19 6 16 0 
1 17 15 19 8 16 7 21 20 5 13 4 2 10 11 3 12 9 18 14 0 6 
3 14 18 5 0 15 9 6 1 20 21 11 8 17 4 7 19 12 13 16 10 2 
19 12 2 9 20 6 17 4 10 13 11 1 0 16 5 21 18 8 7 14 3 15 
5 16 13 18 14 4 9 21 7 1 6 19 8 15 17 12 11 0 3 2 10 20 
4 6 7 16 3 21 17 9 0 11 14 15 13 10 19 2 5 1 12 20 8 18 
2 5 12 18 10 0 21 13 11 19 15 14 16 8 3 20 17 4 7 1 6 9 
8 19 15 20 6 1 18 21 2 12 13 7 17 14 3 0 16 9 10 5 11 4 
14 11 17 18 0 12 9 7 8 21 10 20 1 5 16 6 3 4 15 2 19 13 
19 10 3 16 6 15 18 2 8 0 4 13 7 21 12 5 17 1 9 14 20 11 
13 1 20 7 0 5 15 11 9 2 16 3 19 8 6 4 17 10 14 21 18 12 
21 0 3 9 12 2 11 16 17 7 20 19 15 13 18 1 10 14 8 6 4 5 
4 12 1 10 6 3 14 17 5 20 13 7 2 16 8 15 0 21 19 18 11 9 
13 19 17 9 3 21 18 11 6 10 14 16 4 20 12 8 2 15 0 5 1 7 
21 14 15 0 4 2 20 3 10 19 9 16 13 18 1 7 11 8 12 5 6 17 
16 15 10 11 5 12 0 7 19 1 2 14 6 18 21 4 13 9 8 20 3 17 
5 17 8 14 4 20 11 10 1 13 6 0 7 18 15 19 3 9 2 12 16 21 
7 3 8 1 2 16 18 17 13 20 9 21 19 14 0 12 4 6 11 5 15 10 
18 1 20 10 16 7 17 19 12 6 21 11 8 2 15 9 3 5 4 13 0 14 
2 7 9 15 6 14 16 1 19 5 4 10 3 13 21 0 12 8 18 11 20 17 
6 20 0 18 8 5 10 4 12 19 2 15 11 3 14 9 7 13 17 21 1 16 
13 8 11 9 12 21 7 17 4 2 15 20 5 14 3 0 18 16 6 10 19 1 
10 15 0 6 18 17 1 13 14 16 4 21 9 5 2 12 19 8 7 11 3 20 
15 3 4 2 19 21 7 17 1 6 11 8 12 18 10 20 9 0 14 13 5 16 
14 20 11 13 5 1 19 12 6 3 15 18 0 7 17 21 4 10 8 2 16 9 
10 20 4 12 9 16 8 0 13 15 11 6 21 14 5 17 3 7 19 1 18 2 
15 16 12 9 1 18 3 21 6 5 13 11 0 7 20 14 10 17 2 4 8 19 
9 17 0 2 16 10 3 4 12 19 8 5 7 18 14 1 20 21 15 6 13 11 
11 14 19 3 2 8 5 16 1 7 20 15 21 0 17 4 6 9 18 10 13 12 
6 2 19 16 10 4 13 8 14 9 12 18 17 0 20 21 3 15 7 1 5 11 
10 13 7 17 8 3 15 12 19 9 21 5 2 4 16 11 1 6 14 20 18 0 
19 7 0 18 10 12 4 13 5 15 1 14 3 16 11 2 21 9 17 6 20 8 
17 1 11 4 16 8 12 6 7 13 18 5 9 3 19 2 14 15 20 0 10 21 
14 11 6 20 19 2 21 5 9 18 0 12 17 15 7 10 1 4 3 16 8 13 
19 8 20 14 11 17 4 16 0 3 1 18 2 9 5 10 6 13 15 7 12 21 
21 15 11 7 0 16 20 3 14 5 18 8 12 4 9 2 17 1 10 19 6 13 
9 1 14 18 12 2 16 20 17 21 8 7 10 3 19 0 15 13 5 11 4 6 
