160 4 70
62 59 67 63 55 68 64 69 60 61 54 66 57 65 53 36 52 50 49 58 56 45 44 48 46 39 43 41 51 47 32 38 28 35 30 33 29 19 24 42 31 26 23 27 37 25 34 22 21 17 40 20 15 16 14 6 18 10 11 9 1 13 7 12 2 8 3 0 5 4 
4 5 0 3 8 2 12 7 13 1 11 10 18 6 16 15 20 40 17 21 22 34 25 37 27 23 26 31 42 24 19 29 33 30 35 28 38 32 47 51 41 43 39 46 48 44 45 56 58 49 50 52 36 53 65 57 66 14 54 61 60 69 9 64 68 55 63 67 59 62 
9 14 45 44 57 46 41 65 52 49 58 47 28 60 30 26 35 23 34 55 19 22 21 59 43 20 18 7 2 3 42 16 11 62 13 4 5 0 15 63 40 8 12 1 10 6 67 17 32 24 29 25 33 64 37 27 31 68 69 56 38 61 51 39 54 36 48 50 66 53 
9 27 37 33 25 24 39 29 17 48 50 53 66 38 32 6 36 10 54 1 51 61 56 69 68 64 67 12 8 40 63 15 0 5 31 4 13 62 16 42 11 3 2 7 59 55 60 14 43 49 65 22 57 21 18 28 52 45 44 20 47 35 30 19 26 58 46 23 41 34 
43 31 56 51 19 34 23 58 41 63 35 14 36 38 40 15 11 16 13 12 2 3 0 66 53 50 48 67 59 5 62 4 26 30 47 64 68 9 69 61 1 54 17 10 6 39 25 20 52 27 28 18 21 57 22 55 60 65 8 7 37 33 29 24 49 46 44 45 32 42 
42 26 30 51 31 32 37 7 8 18 20 21 22 60 55 28 49 52 65 46 57 44 45 61 69 54 68 67 64 1 10 6 25 29 4 5 62 59 0 3 2 12 13 9 14 53 66 50 48 36 39 38 56 27 24 33 17 34 63 41 23 58 11 40 19 35 47 43 15 16 
17 29 21 42 47 24 27 20 16 15 5 35 40 11 4 12 36 54 61 69 68 63 33 34 58 67 41 19 23 45 44 46 49 8 7 9 62 18 65 43 59 55 60 14 57 53 66 28 52 50 39 48 0 3 51 38 56 37 2 13 22 31 64 25 32 6 10 1 26 30 
56 6 10 1 64 32 38 48 39 50 66 53 24 25 33 22 13 2 37 3 0 58 23 46 19 45 63 34 57 65 18 43 55 60 8 27 59 62 12 7 9 68 54 69 61 26 30 35 47 44 52 49 4 11 14 16 31 5 15 40 41 36 51 42 29 20 28 17 21 67 
28 54 22 11 40 47 50 48 29 17 18 30 2 13 52 14 49 36 55 41 39 25 64 62 5 59 46 67 1 44 61 68 7 20 31 37 8 9 26 51 6 10 32 16 15 43 23 19 35 58 63 66 53 56 38 42 69 34 45 33 21 27 24 0 60 57 65 4 3 12 
33 61 4 40 35 52 28 27 26 3 53 65 57 60 0 69 15 16 38 14 51 43 32 24 42 39 10 7 66 17 1 9 59 62 8 23 67 41 34 45 63 46 21 19 58 20 36 31 68 5 25 64 50 49 29 30 47 12 13 11 56 6 44 22 48 2 37 55 54 18 
25 34 15 6 49 44 69 12 3 45 64 19 56 68 55 23 24 21 37 67 2 36 22 66 16 32 20 41 14 51 17 9 4 54 29 30 26 60 47 65 48 11 57 50 31 27 0 42 46 33 38 53 35 62 5 7 8 58 39 1 10 13 52 28 18 43 59 40 63 61 
67 20 59 13 43 18 10 8 7 46 39 30 47 42 38 26 58 0 41 36 57 53 14 31 33 54 4 66 16 35 61 37 27 55 2 48 11 56 44 50 12 29 65 21 19 63 45 23 24 32 6 17 1 22 28 62 64 51 49 3 60 15 40 5 34 52 69 68 9 25 
68 18 63 19 31 1 0 5 43 52 62 48 50 29 28 12 44 65 57 37 25 40 11 60 41 54 27 4 58 9 64 13 45 34 33 22 24 21 56 10 38 53 6 46 20 17 42 15 51 47 30 3 32 23 26 59 55 66 2 67 16 36 49 39 69 61 8 7 35 14 
35 5 66 21 55 7 23 58 51 39 64 44 14 69 49 15 27 6 34 25 52 31 8 61 33 1 42 48 47 30 60 63 9 62 18 32 17 16 36 26 2 3 46 40 22 24 56 59 13 45 38 28 53 29 50 4 54 37 67 12 57 0 20 68 43 19 11 10 41 65 
22 23 10 65 53 2 56 9 68 45 11 54 8 36 42 20 43 19 67 69 32 3 61 21 37 39 52 13 30 12 59 34 51 40 28 62 5 4 15 38 35 46 29 49 24 50 60 16 44 55 18 33 6 27 26 25 63 64 1 58 48 41 31 0 14 7 47 66 57 17 
41 57 16 68 24 1 55 26 47 49 12 38 59 46 17 10 14 0 13 60 69 29 37 3 20 22 64 28 63 56 36 6 50 4 45 9 66 7 61 25 40 43 18 15 58 5 62 48 35 32 8 65 19 39 67 2 21 34 42 52 53 54 51 11 31 23 44 27 33 30 
60 62 32 3 27 2 33 4 31 6 44 18 30 67 49 50 11 63 47 59 34 39 42 51 17 14 58 24 52 21 65 19 56 48 29 8 66 7 15 64 35 41 61 69 10 57 43 5 0 40 23 26 28 55 20 54 12 53 38 13 36 25 9 68 45 1 16 37 46 22 
46 64 51 11 54 45 16 36 53 25 28 21 9 58 7 17 22 66 12 0 63 1 38 33 31 27 52 44 39 55 5 35 19 65 10 37 26 68 57 41 2 30 48 67 42 15 40 61 32 43 18 47 6 50 20 14 34 49 4 69 56 59 13 3 60 23 24 29 8 62 
62 61 38 16 20 30 8 45 15 29 34 60 37 13 9 69 53 59 40 23 48 0 42 56 47 25 65 10 41 44 31 52 1 49 35 33 54 39 5 43 67 2 22 68 28 17 57 66 14 12 58 7 24 26 3 27 51 18 6 55 21 11 64 19 4 63 50 36 32 46 
7 50 32 26 66 43 46 67 24 23 40 6 13 57 5 28 29 19 42 8 68 35 65 22 56 17 48 4 31 9 3 69 14 41 63 18 49 33 11 27 2 60 51 37 1 16 54 53 25 20 55 34 44 61 36 12 59 47 58 30 45 10 38 64 52 39 0 21 15 62 
37 0 59 12 49 15 4 62 19 39 28 20 1 36 55 24 52 47 21 53 8 40 34 32 61 6 64 11 14 57 46 30 51 2 41 65 63 18 27 23 50 67 3 43 10 35 22 48 58 68 17 66 45 33 13 54 42 26 38 9 44 25 29 5 7 69 31 16 60 56 
61 14 12 29 26 44 2 55 33 58 5 38 21 56 43 10 59 25 45 50 16 52 36 63 27 54 18 3 1 41 69 11 24 35 30 31 7 51 62 66 4 42 22 53 9 13 8 49 68 23 0 46 57 34 32 48 6 67 15 39 64 65 47 20 40 37 60 19 17 28 
69 36 42 17 53 60 57 48 34 15 35 65 18 63 25 6 13 40 7 38 30 19 58 20 46 37 64 50 21 3 10 14 44 39 11 4 68 26 32 62 55 56 12 28 5 0 22 16 54 45 49 23 51 43 61 8 47 27 66 31 41 29 24 67 52 2 59 1 33 9 
47 22 31 51 39 67 33 27 3 54 9 23 64 13 60 20 41 68 56 29 46 26 40 12 34 32 1 15 57 52 66 62 7 0 30 45 63 10 44 8 11 24 50 21 58 61 16 4 37 25 28 14 69 49 19 17 35 38 59 65 53 18 2 42 48 36 55 6 43 5 
41 43 59 9 45 2 65 48 63 8 56 6 27 25 60 5 21 55 17 28 23 0 61 31 46 53 64 24 11 49 18 4 69 66 29 16 14 47 32 26 15 37 68 52 19 44 7 34 67 54 22 13 62 39 36 38 58 35 10 50 30 51 12 20 40 3 42 57 33 1 
48 8 68 30 16 11 64 3 38 62 35 19 58 42 6 57 1 44 28 7 33 13 67 36 52 66 12 54 60 29 20 18 31 69 17 47 24 25 23 59 43 2 65 32 55 15 9 51 49 4 10 22 0 50 34 5 53 46 21 45 61 41 40 27 37 56 63 14 26 39 
65 66 14 50 34 61 39 4 62 22 37 18 5 32 25 35 36 10 17 43 33 47 44 1 20 19 49 63 15 0 9 7 29 60 51 67 45 54 6 2 41 16 38 55 28 59 11 56 3 57 42 26 68 40 46 13 64 24 30 52 27 53 21 31 69 58 8 48 12 23 
24 10 52 69 27 56 58 49 5 55 40 20 13 17 57 67 1 54 63 32 26 42 23 39 16 21 9 51 50 2 47 31 19 6 45 43 0 48 59 30 33 12 36 18 14 44 34 68 35 37 64 25 53 28 65 41 8 62 29 60 61 46 38 3 4 7 66 15 22 11 
58 14 67 7 11 53 28 35 4 24 64 37 46 48 31 0 68 21 60 41 25 42 8 45 51 59 3 43 50 40 61 55 30 15 33 34 2 29 20 1 27 57 39 38 9 22 12 36 16 23 69 26 6 54 19 52 56 49 5 17 62 32 44 63 13 66 10 47 18 65 
42 2 44 45 32 62 40 0 19 23 66 38 26 39 49 13 54 69 11 7 15 27 41 10 64 18 3 37 31 5 65 53 63 29 14 46 36 52 28 59 17 47 33 22 4 6 12 16 61 8 30 21 56 9 55 43 20 58 25 57 60 34 67 48 1 51 68 35 50 24 
63 9 1 16 51 4 56 52 22 37 38 18 61 47 21 65 44 12 30 57 34 66 29 3 50 6 15 68 46 8 55 43 23 53 31 40 7 36 26 17 60 33 64 48 69 28 13 27 39 59 11 41 5 49 42 10 58 62 54 2 35 19 14 67 0 32 25 24 45 20 
25 6 35 59 26 41 21 29 18 13 38 34 57 8 51 63 32 20 24 54 28 67 47 53 11 5 56 10 60 33 49 62 15 12 48 30 17 27 45 68 22 1 14 19 39 31 69 66 43 40 46 36 23 52 55 3 42 61 37 7 65 0 16 50 58 4 64 44 9 2 
0 31 53 20 58 19 17 69 50 3 49 10 26 44 33 48 40 61 46 51 65 52 9 36 2 37 22 23 24 7 47 62 12 1 5 42 64 67 57 55 35 27 15 56 11 25 60 66 43 8 6 38 29 14 41 45 4 18 30 21 59 54 28 16 39 13 68 63 34 32 
52 4 68 16 5 39 14 23 30 46 54 24 27 66 28 45 6 2 40 43 50 10 15 56 60 7 65 12 35 57 59 47 38 61 51 44 32 25 64 42 36 37 0 13 19 62 48 49 69 21 58 1 22 33 31 11 34 20 67 63 55 53 9 29 8 26 3 18 17 41 
55 30 60 36 12 18 22 15 54 42 8 48 24 26 34 9 43 1 4 14 58 13 61 66 41 59 3 19 33 0 17 49 32 68 50 20 31 21 38 27 25 65 2 67 28 35 62 63 56 69 64 44 6 37 52 16 23 40 39 45 10 46 5 11 57 47 53 51 7 29 
17 53 36 29 28 11 23 6 8 26 39 45 67 55 47 1 58 62 25 37 4 56 65 50 7 16 46 5 57 52 3 63 34 2 20 14 49 41 69 64 33 0 31 19 32 18 21 13 42 38 40 60 35 68 9 15 66 48 30 51 24 22 44 61 12 10 59 27 54 43 
63 10 3 32 41 44 27 13 61 48 43 22 55 51 35 69 50 15 54 57 21 45 5 20 37 11 64 7 38 2 58 40 68 47 17 8 53 24 29 34 65 0 39 59 18 16 9 67 66 46 49 28 23 30 4 52 1 62 60 56 25 36 19 12 26 14 33 6 42 31 
33 29 19 0 51 46 32 34 25 64 59 43 14 12 42 60 47 16 10 55 28 30 67 5 18 9 65 39 40 37 69 31 11 61 45 26 66 23 17 24 68 3 54 48 58 8 13 6 53 57 22 36 15 44 63 1 35 56 62 21 27 2 41 52 38 49 20 4 7 50 
66 62 38 21 2 60 57 12 35 46 52 11 49 40 56 68 9 31 16 18 63 33 20 8 42 5 22 64 41 25 7 39 67 34 50 19 6 4 53 0 36 59 24 58 27 54 3 28 26 29 51 37 10 44 65 13 69 43 14 1 15 47 61 45 32 55 17 23 48 30 
17 7 40 43 49 66 56 65 45 24 44 1 30 25 39 68 48 4 53 20 29 35 27 62 61 21 13 3 59 54 41 6 16 0 26 67 58 9 22 15 64 33 14 47 42 5 23 50 32 8 55 10 36 51 18 11 12 52 69 31 46 38 63 19 28 60 34 2 57 37 
33 47 37 50 69 2 28 58 8 54 38 62 14 23 9 17 51 55 27 59 19 15 30 32 29 63 20 57 22 13 41 7 6 35 44 4 52 3 61 31 1 45 36 12 48 42 46 10 26 39 60 65 53 16 25 24 68 11 18 56 67 40 34 21 0 49 66 5 64 43 
41 37 61 1 48 42 67 36 10 18 64 49 34 11 23 27 22 69 35 24 28 12 30 52 53 44 31 0 47 63 13 59 19 16 60 32 4 7 38 2 66 45 43 57 5 21 39 55 3 25 56 46 17 20 15 51 6 62 9 54 14 33 29 8 40 65 50 68 58 26 
68 11 65 9 15 2 10 34 31 46 51 21 62 52 1 14 26 29 20 53 54 3 38 25 48 55 13 4 59 43 7 44 66 60 19 47 23 37 24 18 42 36 45 64 56 40 63 35 39 17 32 57 5 69 50 67 58 16 41 27 6 12 49 8 61 33 22 30 28 0 
33 64 15 22 49 57 26 58 36 8 6 5 50 68 30 40 18 51 16 21 61 19 0 56 39 59 45 69 4 41 48 60 29 53 9 12 13 67 24 42 7 23 20 63 25 52 66 11 46 38 32 14 1 35 2 65 62 17 55 43 37 47 27 10 44 31 54 3 34 28 
44 3 63 31 14 0 67 6 35 39 22 30 17 43 13 65 28 16 27 36 40 34 55 68 49 38 8 32 25 42 54 12 46 60 33 21 7 53 52 41 57 37 62 56 18 2 10 23 9 1 58 29 47 69 64 11 26 50 20 61 45 59 24 66 48 51 5 15 19 4 
48 69 45 18 12 56 57 61 27 28 14 19 8 5 42 50 64 47 6 20 62 1 51 58 54 49 37 43 66 24 26 9 40 3 10 46 59 34 16 29 31 38 2 11 67 65 32 0 7 41 44 33 25 52 68 17 60 35 63 36 23 55 21 13 39 4 30 22 15 53 
46 41 50 66 60 4 13 52 64 23 55 67 21 15 44 65 17 32 59 24 53 12 29 31 2 30 19 58 1 51 7 54 56 9 28 20 68 33 5 49 11 36 3 43 39 18 38 0 48 26 61 10 34 8 45 22 37 47 14 6 69 57 25 16 63 27 42 40 62 35 
47 43 0 7 3 54 34 21 5 31 57 45 32 69 56 4 55 22 35 28 36 67 48 16 63 10 26 42 29 62 37 19 30 33 25 66 53 59 49 2 1 52 8 58 40 15 44 27 24 11 60 64 50 6 23 61 17 46 68 18 65 38 12 13 51 39 14 9 20 41 
13 30 63 23 25 39 20 38 62 68 27 65 17 5 24 14 52 4 34 45 11 67 51 26 22 0 61 18 41 9 58 12 60 33 40 6 48 57 2 37 28 36 44 53 46 35 32 3 19 8 16 54 59 31 69 50 15 55 66 1 29 21 47 43 10 64 42 49 56 7 
41 39 59 35 44 40 10 6 20 29 7 2 15 66 9 28 12 69 50 58 37 60 26 42 19 27 55 16 22 14 62 34 68 47 1 53 63 51 18 25 48 57 17 23 21 61 33 43 56 54 4 31 46 0 3 52 30 67 8 32 5 45 13 64 49 65 38 11 36 24 
16 49 58 54 3 47 61 24 25 11 32 60 8 38 43 18 14 65 64 40 46 5 27 20 30 63 23 56 1 53 37 21 52 42 69 36 68 15 55 45 13 2 33 10 6 66 4 28 41 26 0 34 39 17 7 31 12 50 29 51 62 22 59 35 44 67 19 48 57 9 
36 5 57 12 2 9 53 29 22 24 39 64 33 49 55 44 65 19 16 62 35 42 45 31 10 13 4 38 23 48 61 40 51 50 28 7 30 41 8 3 47 14 67 43 21 46 54 17 6 66 63 69 0 34 11 26 20 56 15 18 1 32 58 68 59 60 52 27 37 25 
1 67 19 26 45 31 15 52 17 42 59 46 25 34 50 55 27 8 66 22 11 69 0 56 30 57 37 29 10 43 6 63 48 3 9 51 35 58 41 62 47 39 68 36 32 14 28 5 4 7 44 65 24 38 23 60 33 20 49 13 64 54 2 21 16 61 12 18 53 40 
56 52 33 53 21 18 37 61 7 32 60 51 13 16 0 26 68 17 35 6 11 23 50 36 47 44 4 45 1 14 58 28 63 10 9 29 27 40 49 20 30 64 67 57 34 43 31 12 54 22 62 24 41 39 55 65 8 2 15 5 42 66 25 3 48 38 19 59 46 69 
4 63 69 66 59 46 40 38 54 39 21 25 1 8 31 47 26 15 28 64 49 35 3 18 2 24 62 48 57 34 9 43 37 12 45 20 61 5 13 23 60 10 55 44 36 68 0 33 51 58 67 30 65 50 32 17 14 56 11 19 7 29 27 53 42 52 41 6 16 22 
23 32 34 7 48 10 59 54 38 16 41 65 0 64 51 58 6 42 52 29 14 68 8 22 27 49 56 46 19 17 62 12 50 15 11 66 67 2 13 61 33 21 53 55 40 25 5 3 20 57 28 39 63 44 24 60 69 30 31 4 47 35 37 26 9 45 43 1 36 18 
6 53 5 62 36 65 69 27 41 43 44 37 26 20 31 66 11 13 32 9 30 14 15 21 50 8 33 64 35 56 47 46 25 0 61 42 49 1 54 48 19 12 4 24 57 59 18 22 17 39 7 23 68 40 38 34 10 45 2 55 52 60 58 63 16 3 67 29 51 28 
67 40 20 28 51 10 24 7 18 55 48 3 45 39 43 17 52 19 60 2 38 4 25 47 50 9 11 13 69 61 63 49 66 53 22 42 29 33 31 68 21 41 1 14 58 5 12 30 23 15 16 64 65 27 44 32 57 46 35 62 34 36 59 26 0 54 6 37 8 56 
42 9 12 68 58 49 28 29 59 2 37 35 39 57 32 56 15 54 53 21 66 22 27 65 30 67 0 17 34 64 4 47 14 13 16 43 6 45 18 1 44 69 51 60 38 5 50 3 52 7 41 10 19 24 8 48 36 26 46 63 55 40 31 11 25 33 20 62 61 23 
0 23 1 54 30 40 33 60 61 11 19 35 5 56 8 55 25 46 67 44 14 18 62 53 69 38 16 12 22 51 20 48 29 10 15 32 41 34 63 50 26 65 4 36 13 6 2 9 24 7 31 37 52 39 64 49 28 27 58 68 43 3 59 21 17 57 66 42 45 47 
34 24 50 36 20 16 57 27 65 59 23 33 68 3 17 37 62 58 25 42 64 48 39 31 63 26 7 28 11 10 12 46 9 69 21 41 40 8 32 44 6 52 38 43 45 18 1 67 61 15 47 22 4 19 14 30 66 49 51 13 56 29 0 53 55 54 5 35 2 60 
13 36 35 31 45 60 43 47 19 29 68 22 6 61 3 24 8 44 25 66 58 51 57 2 52 26 64 53 38 4 41 10 62 49 39 16 56 11 17 37 55 59 0 34 54 7 1 30 69 46 23 42 28 27 40 5 48 32 18 9 21 33 63 14 65 12 15 20 50 67 
15 22 14 38 55 9 10 26 12 67 64 4 11 47 42 52 63 48 20 6 45 54 35 27 7 32 40 33 36 5 56 17 60 58 0 59 1 23 21 66 41 43 37 3 65 62 29 51 34 18 46 30 31 57 53 49 25 16 61 24 69 44 28 2 19 68 39 13 50 8 
0 7 63 13 15 18 51 30 44 37 56 33 2 24 67 46 3 25 1 23 49 69 8 5 66 68 19 47 28 42 59 61 31 54 41 27 50 16 40 58 4 26 36 22 62 65 60 52 29 45 34 20 21 39 55 43 6 53 35 32 57 12 14 11 10 38 48 17 64 9 
46 3 19 27 49 29 50 43 1 18 32 53 67 12 21 38 62 58 6 45 61 9 17 48 52 15 16 60 39 8 31 54 44 57 28 23 0 40 55 35 14 59 42 37 36 41 4 68 26 20 69 24 5 2 56 30 51 64 65 63 22 34 11 33 7 25 47 10 13 66 
16 19 69 30 11 43 64 55 34 1 39 2 8 29 17 21 10 65 35 33 50 60 0 66 7 24 37 41 22 20 14 40 59 36 5 52 13 63 47 48 56 27 51 38 45 12 32 26 67 18 28 54 4 68 23 44 61 46 42 25 57 49 15 3 9 53 58 31 62 6 
55 28 57 46 61 6 31 4 58 20 12 41 48 23 25 33 13 14 53 34 66 51 18 40 45 21 7 62 22 69 56 65 43 47 67 39 27 68 2 15 29 11 49 63 42 10 19 59 64 8 36 9 50 44 16 30 17 37 38 52 24 60 5 32 3 54 35 1 0 26 
26 44 9 17 10 62 50 14 8 28 21 68 41 5 54 32 39 24 63 53 11 34 42 57 25 3 12 36 51 16 19 0 64 60 47 2 15 35 61 52 65 66 23 49 1 13 29 58 37 43 69 6 31 67 18 20 46 30 40 7 4 48 33 27 56 55 38 59 45 22 
3 59 37 5 68 49 47 66 52 51 42 33 38 7 48 34 53 11 26 20 4 50 56 35 60 2 45 31 6 13 65 30 9 63 55 40 24 54 14 69 46 0 8 10 64 15 16 57 22 32 17 39 44 29 61 25 41 19 67 18 43 12 21 62 27 28 58 36 23 1 
62 27 25 65 38 36 2 40 51 22 23 57 60 30 66 32 5 58 1 28 24 54 6 47 44 67 7 12 21 46 63 13 59 0 50 34 42 15 43 16 56 9 4 41 69 18 17 61 26 10 35 11 48 8 64 29 3 55 39 53 45 68 20 31 14 33 19 37 52 49 
32 52 37 41 45 31 17 64 69 10 9 25 20 18 35 16 67 56 2 4 57 36 55 15 38 33 14 23 39 62 3 68 44 60 43 59 40 8 6 27 49 1 53 13 19 46 5 11 22 48 24 34 42 26 28 65 30 29 58 66 61 50 54 51 0 12 47 63 21 7 
42 23 24 18 29 26 61 56 52 22 15 63 65 0 60 62 21 64 54 37 27 47 28 39 2 48 38 66 20 8 19 16 31 45 3 7 12 58 36 35 17 53 30 49 50 43 11 25 67 68 33 51 5 14 9 59 10 55 13 34 46 4 1 32 69 57 40 6 41 44 
45 34 46 13 48 49 40 33 44 58 35 53 66 6 4 5 1 11 68 55 37 43 52 59 12 32 3 27 63 29 19 10 36 67 14 24 30 28 9 62 23 57 2 25 7 41 61 38 50 18 8 17 64 65 56 20 15 31 26 21 60 0 69 42 39 51 16 47 54 22 
64 54 14 30 4 69 31 7 39 63 29 0 6 65 61 59 23 19 57 24 68 55 9 22 58 18 51 10 20 21 50 42 13 5 1 53 60 11 26 17 28 38 27 49 3 56 33 43 67 37 35 44 16 15 32 46 36 40 66 45 47 48 25 52 8 2 62 12 34 41 
4 50 2 48 26 67 12 1 65 47 8 39 69 11 16 44 18 41 46 56 60 51 0 59 33 35 21 43 57 52 17 9 62 6 22 25 30 54 32 55 40 38 58 49 31 66 36 53 45 3 27 10 42 13 19 20 28 64 15 7 63 68 24 14 37 61 29 34 5 23 
66 30 57 8 36 17 45 16 31 34 9 5 15 43 20 41 67 38 61 29 21 19 7 46 12 28 10 53 54 6 13 32 2 62 27 49 63 47 52 51 64 25 42 14 3 55 0 50 44 22 68 40 33 65 48 18 26 1 23 24 37 59 35 60 11 58 39 56 69 4 
53 28 56 42 59 20 44 38 1 32 68 51 49 18 64 36 41 5 27 8 58 22 29 23 40 69 14 55 0 31 52 12 4 35 61 25 34 46 7 3 17 47 37 63 11 39 54 15 43 13 60 21 26 19 9 24 48 6 50 65 62 33 67 57 16 10 30 2 45 66 
16 21 48 15 13 60 22 61 42 62 46 33 9 63 24 30 55 56 35 11 50 23 49 3 7 6 10 2 34 41 45 43 12 26 28 51 69 36 57 59 14 39 37 65 31 25 27 1 64 32 20 29 53 58 40 18 0 5 54 17 4 52 19 38 66 8 44 67 47 68 
7 47 19 68 67 25 40 36 37 0 14 24 62 44 33 17 57 45 18 54 10 13 21 29 43 4 51 8 35 65 31 12 56 64 58 26 50 34 27 23 63 48 52 5 69 59 66 20 39 60 3 15 22 42 49 41 1 2 46 53 61 28 38 32 30 55 16 6 9 11 
11 2 47 28 66 27 10 30 65 3 12 26 4 68 55 6 33 15 56 52 58 31 38 67 37 61 19 29 5 39 35 22 69 20 48 18 0 32 34 40 62 46 23 64 43 41 24 1 36 16 8 9 42 44 53 49 57 21 63 54 51 14 45 60 50 13 25 17 59 7 
25 11 53 19 54 1 49 63 13 61 17 0 14 58 2 60 39 12 45 24 32 41 9 7 50 46 29 42 6 69 67 38 34 56 30 33 4 47 3 44 62 5 37 20 28 66 8 57 22 23 48 64 52 16 27 65 26 10 21 59 68 36 35 40 31 51 55 15 18 43 
42 43 46 5 60 17 51 13 8 39 21 58 62 10 23 22 16 4 53 18 20 66 59 44 64 33 36 48 15 57 32 47 11 52 68 69 1 65 25 28 6 67 26 3 45 37 50 24 7 34 54 19 40 14 9 0 55 38 31 2 35 61 12 27 30 29 63 49 41 56 
60 65 7 21 29 41 67 1 36 5 40 8 68 50 6 30 31 38 59 63 69 45 49 57 14 2 35 19 52 32 37 61 15 26 3 54 23 43 12 27 44 16 39 33 9 34 48 47 0 53 20 46 66 4 58 11 18 25 55 64 28 51 56 17 42 24 10 22 13 62 
27 35 56 63 64 34 17 54 26 42 52 38 24 55 12 25 53 14 8 43 18 29 19 40 37 49 15 57 41 68 7 32 9 31 30 59 4 51 44 66 28 10 61 11 1 22 16 20 33 2 6 50 48 62 45 13 60 65 23 47 21 0 36 69 46 3 67 5 58 39 
62 55 6 3 35 9 46 0 48 20 16 56 38 61 31 47 65 50 18 24 32 68 15 10 69 30 27 28 5 58 29 36 66 39 59 25 41 45 13 11 37 51 21 60 67 17 26 1 42 44 57 34 22 4 23 43 63 12 19 52 2 40 7 54 64 14 49 53 8 33 
54 40 20 11 22 51 37 59 58 6 55 66 16 49 9 19 34 44 0 26 60 8 27 43 39 63 5 64 45 23 50 7 2 57 62 3 4 42 15 14 28 25 30 69 53 36 38 67 21 31 10 56 18 46 12 24 13 52 48 35 68 47 17 29 61 65 33 1 41 32 
14 59 1 28 69 33 15 65 4 16 2 10 61 13 57 44 17 18 53 34 55 64 67 26 41 3 49 25 54 30 48 23 29 66 63 9 52 5 37 21 40 62 42 58 27 11 32 35 60 68 50 46 22 8 7 51 20 12 45 56 47 38 0 6 24 36 43 19 39 31 
32 35 48 37 40 69 52 50 45 1 41 62 19 47 3 12 22 21 39 49 23 42 67 58 13 25 65 26 16 51 24 63 5 29 43 66 0 61 36 10 53 33 34 38 68 31 56 28 18 7 60 15 14 57 8 55 4 20 54 17 46 11 27 30 44 9 6 59 64 2 
4 51 38 42 17 57 1 56 46 43 30 26 27 2 7 64 11 34 61 31 68 24 44 67 13 14 36 55 0 47 62 53 40 22 52 16 19 15 20 66 69 39 3 58 59 41 65 6 12 45 33 8 60 50 35 18 5 10 49 54 21 23 37 29 25 9 28 32 63 48 
48 15 49 18 33 22 31 47 12 10 36 28 45 46 14 0 2 32 20 6 8 68 11 66 53 43 23 60 17 54 25 24 35 37 39 63 59 67 26 21 16 41 7 5 38 65 50 40 64 44 30 9 29 27 13 62 55 61 69 3 19 51 52 57 56 1 34 42 4 58 
25 41 39 52 36 3 64 56 51 28 63 8 29 46 9 18 23 58 48 21 44 4 55 60 10 19 30 6 42 54 34 47 67 7 1 59 12 50 35 45 66 40 27 20 5 53 69 65 32 13 2 33 16 61 38 62 14 43 24 11 49 37 15 22 17 31 68 57 0 26 
0 11 20 57 15 39 55 29 31 43 50 52 34 26 49 54 68 33 36 13 44 17 61 27 28 18 69 56 7 32 38 9 46 65 8 12 16 35 1 51 48 19 5 67 37 14 3 45 6 21 22 59 58 24 47 62 64 30 53 42 2 4 60 66 63 41 40 10 25 23 
23 53 10 31 21 5 30 3 41 58 24 62 19 2 9 37 18 34 6 65 45 54 57 17 33 11 61 59 14 68 0 15 56 63 55 40 47 1 36 7 42 48 22 4 44 32 51 28 39 66 49 35 64 26 46 38 20 8 13 52 27 29 25 67 16 43 12 69 50 60 
58 64 16 32 43 26 20 63 59 25 69 30 67 51 12 49 62 53 47 7 48 22 55 5 56 41 61 13 4 9 17 24 60 19 27 35 46 8 44 68 2 52 21 37 23 28 10 33 18 31 38 50 6 0 54 34 29 42 1 39 15 40 3 11 66 57 65 14 45 36 
66 59 22 14 11 57 21 23 8 40 38 32 33 69 27 44 2 50 60 31 29 25 42 0 68 45 48 16 39 54 4 37 24 20 49 1 62 52 30 41 15 63 43 17 10 56 55 6 53 51 12 67 58 46 47 34 9 65 19 61 64 18 35 13 26 7 36 28 5 3 
7 8 27 66 65 42 9 3 28 61 13 50 40 47 38 55 64 0 6 21 19 37 14 52 67 60 11 53 62 26 2 5 51 68 12 43 25 34 46 54 36 56 23 18 41 63 17 45 10 16 58 22 57 49 20 32 48 1 30 44 39 29 15 35 59 33 4 31 24 69 
61 69 6 35 4 65 29 7 54 25 45 28 46 33 24 64 15 17 12 30 63 43 60 20 0 48 2 44 36 49 22 34 52 58 10 47 31 23 8 56 3 13 38 40 59 14 9 26 50 42 18 57 67 66 19 51 62 16 32 1 39 41 27 37 11 21 5 55 68 53 
45 50 5 13 34 67 27 49 60 1 64 18 4 10 51 19 41 65 66 24 16 35 28 39 30 42 32 47 37 12 14 55 15 56 62 63 11 31 8 9 38 53 58 36 57 21 40 22 69 33 7 29 25 3 52 54 26 61 2 59 6 44 46 68 17 43 0 20 48 23 
54 6 18 22 53 52 62 1 46 68 14 47 13 42 2 50 35 9 69 23 64 3 57 8 41 17 43 63 29 66 58 15 39 12 5 40 31 56 36 55 34 37 16 24 67 48 0 38 33 51 44 21 11 28 30 32 65 20 10 19 60 4 59 49 61 25 45 27 7 26 
8 26 19 27 44 59 24 40 36 67 1 68 46 38 48 2 4 28 32 5 9 60 56 13 7 58 15 25 53 49 20 63 30 43 16 39 23 57 11 35 45 42 47 54 34 51 0 37 6 33 29 3 22 17 21 61 18 10 69 12 55 65 41 31 52 50 64 62 14 66 
44 43 58 33 12 39 17 37 29 30 60 15 31 45 32 11 51 40 42 5 68 41 62 26 35 61 65 49 19 48 16 38 3 1 64 25 55 59 66 50 18 23 2 6 20 4 57 46 69 14 7 67 10 63 54 21 8 28 36 34 24 52 22 0 9 47 53 27 13 56 
50 52 56 57 0 21 39 66 14 13 20 3 22 25 32 40 12 10 61 47 9 63 28 59 48 34 31 29 17 69 11 53 51 24 27 23 2 46 5 36 45 35 62 64 6 30 49 7 54 41 60 4 1 68 33 18 16 67 26 38 58 42 8 19 43 55 44 65 15 37 
37 19 54 44 60 5 21 53 67 27 26 31 23 61 38 9 66 34 36 18 25 59 55 3 22 33 57 39 47 52 14 6 15 7 11 24 58 32 16 48 13 28 41 46 1 69 65 51 50 12 68 43 8 49 20 10 42 64 35 62 45 17 4 0 29 40 30 56 63 2 
43 62 63 30 66 18 2 51 36 0 10 4 29 46 9 14 49 58 38 24 25 27 19 8 41 52 69 64 16 32 26 45 65 1 57 48 33 6 40 17 13 22 68 3 7 56 21 54 35 53 60 20 11 47 34 28 61 15 55 42 5 59 31 39 50 23 12 44 37 67 
63 40 41 55 68 7 16 24 22 32 34 67 31 17 37 2 58 45 64 18 47 53 12 35 62 29 42 44 3 39 28 1 0 27 59 8 33 20 65 69 51 13 56 30 21 48 14 57 5 50 46 19 6 25 9 15 61 26 38 49 36 11 60 10 66 52 23 54 43 4 
12 57 23 59 25 52 36 35 61 67 4 11 56 49 50 0 66 26 10 15 37 33 43 42 13 6 60 20 21 54 38 69 28 19 44 41 5 31 58 55 68 30 3 64 53 40 47 63 1 17 29 45 65 8 27 14 2 7 62 51 24 48 16 32 9 18 39 22 34 46 
34 56 69 28 47 45 23 60 50 12 46 38 21 19 4 27 48 17 33 51 16 20 39 0 8 3 55 42 68 52 65 44 41 63 59 53 22 62 67 36 54 18 2 14 37 43 1 61 7 26 40 29 24 64 31 10 35 6 25 32 11 57 66 30 5 58 13 9 15 49 
6 54 23 37 16 35 52 48 10 7 57 9 30 39 24 51 53 43 69 55 40 33 47 21 49 32 18 41 46 28 26 36 0 11 15 58 3 60 4 62 68 44 34 13 25 27 61 29 22 56 14 64 2 45 66 38 67 59 31 63 12 65 5 42 1 19 17 50 8 20 
7 63 32 10 20 16 40 21 14 8 1 22 64 45 59 44 56 65 24 31 60 66 34 6 36 58 55 11 47 9 39 4 26 61 27 41 13 54 52 57 48 19 38 62 43 67 50 33 30 42 17 25 5 29 12 15 46 18 0 35 51 69 37 53 23 68 28 3 2 49 
49 29 3 62 15 5 26 30 64 17 33 65 58 67 52 53 27 10 1 22 20 63 0 38 46 43 50 42 35 55 28 45 37 4 68 57 19 69 18 13 23 9 24 47 25 59 8 44 12 54 11 21 31 16 66 39 2 60 7 61 41 6 34 32 56 36 14 51 48 40 
34 2 68 19 46 69 26 47 42 6 29 1 41 10 61 11 49 65 4 51 32 18 31 40 23 13 64 50 38 27 60 48 25 9 59 15 36 62 45 0 16 43 22 12 30 63 14 44 28 35 8 52 17 5 33 56 7 53 21 37 66 57 24 58 67 54 39 20 3 55 
5 9 3 66 35 53 49 51 8 2 36 48 12 44 57 42 63 20 1 46 17 60 14 54 67 68 31 30 13 56 65 50 10 45 15 7 32 55 58 23 62 33 61 52 25 16 26 59 28 22 27 19 11 39 47 0 64 69 34 24 40 43 4 21 18 29 37 38 41 6 
21 51 37 41 11 28 17 15 24 5 39 13 43 54 6 67 25 52 16 57 65 8 69 38 35 42 48 4 29 58 2 63 59 9 19 68 0 64 31 23 27 66 56 12 22 26 40 46 10 53 61 7 45 44 36 18 3 50 49 1 32 30 34 55 60 14 47 20 33 62 
50 22 18 33 55 24 59 40 43 25 3 14 31 38 7 20 27 53 34 66 30 44 15 54 5 52 10 9 39 23 19 29 37 46 57 67 56 60 0 61 2 21 12 26 8 64 62 11 65 13 4 1 17 49 36 48 16 63 6 51 47 32 68 41 45 35 58 28 69 42 
20 68 0 33 38 66 41 47 30 18 56 6 62 53 67 60 39 45 64 32 28 48 49 1 34 26 29 21 7 44 42 61 58 9 23 2 31 43 35 54 10 17 24 69 19 14 50 4 40 59 46 22 57 3 52 63 25 55 51 11 37 36 12 5 16 27 8 15 13 65 
15 12 27 7 58 2 61 68 36 21 62 55 69 17 16 13 37 34 40 54 10 50 46 8 51 24 14 28 1 32 49 39 4 33 45 23 11 20 56 66 53 43 52 9 31 44 25 35 65 42 22 67 18 63 6 5 41 60 29 30 38 64 48 47 19 26 3 0 57 59 
58 4 64 8 36 22 3 60 28 25 65 51 29 56 9 69 57 5 15 59 62 19 31 47 11 18 44 20 40 43 48 26 14 49 53 6 0 55 1 30 41 37 50 17 12 2 42 21 32 38 67 34 24 61 33 39 16 63 35 7 23 66 13 46 10 68 27 52 45 54 
42 12 16 13 44 36 11 14 46 59 48 18 65 23 35 26 67 51 17 61 32 41 66 3 45 0 27 9 39 38 20 37 7 19 56 33 63 29 15 22 8 4 47 52 34 2 68 69 25 5 55 50 57 64 43 58 30 1 28 54 62 60 31 49 24 10 6 53 21 40 
25 29 69 32 55 11 59 19 13 31 68 63 53 4 39 35 45 52 1 30 54 60 47 3 21 43 0 64 22 65 46 33 5 16 62 41 7 36 6 42 24 2 20 49 50 15 51 27 18 57 66 61 34 37 26 67 56 48 8 14 44 9 40 10 12 38 28 23 17 58 
38 40 42 23 34 55 8 57 20 35 50 62 31 49 44 6 59 5 47 17 10 61 30 4 16 63 21 2 48 37 3 29 43 54 60 46 22 27 69 19 64 33 13 32 53 51 28 58 0 36 67 39 18 45 26 15 7 11 1 56 9 65 41 12 66 24 14 68 25 52 
46 56 10 54 48 34 8 52 24 39 67 0 17 65 12 23 6 28 61 43 57 15 7 64 45 1 3 18 30 63 41 26 37 66 51 40 59 13 68 33 16 9 50 11 62 31 60 42 53 69 32 27 20 58 2 4 5 14 21 29 55 47 36 25 35 49 19 38 44 22 
26 35 39 60 12 30 45 56 14 58 24 1 64 43 28 48 32 10 29 44 16 38 2 21 47 20 23 57 40 68 65 53 15 19 27 50 5 22 52 37 33 17 25 66 8 13 18 0 67 49 9 61 51 63 4 36 6 11 46 59 42 34 3 41 62 31 55 69 54 7 
31 28 52 50 4 62 15 69 7 51 6 35 38 8 41 10 23 55 0 49 25 27 67 14 44 34 42 9 2 47 68 11 39 24 54 58 45 61 33 20 26 36 57 46 63 5 12 22 29 65 53 66 40 37 1 56 16 3 64 21 59 17 19 30 60 32 48 43 13 18 
9 36 27 63 21 19 58 66 46 47 61 37 2 56 33 65 49 68 53 59 24 57 69 62 60 12 67 13 6 3 7 40 29 52 30 17 22 16 25 55 54 38 41 26 14 4 10 51 44 32 0 18 39 15 20 50 5 45 31 42 11 1 28 23 8 64 48 43 35 34 
51 22 68 27 34 41 3 21 56 10 13 14 48 17 20 60 25 61 49 4 5 32 30 42 8 12 26 66 45 18 36 31 67 43 0 40 64 69 54 1 37 2 57 53 47 46 19 35 62 38 59 65 23 11 63 50 28 52 29 39 6 9 55 44 58 15 16 24 7 33 
47 7 13 16 52 49 26 11 59 25 40 45 32 58 18 33 19 9 12 43 65 46 39 55 44 48 64 6 31 24 17 61 34 15 5 28 36 69 56 54 20 50 22 60 63 68 2 38 42 23 37 41 53 0 14 62 51 57 21 66 1 29 10 8 3 35 67 30 4 27 
41 54 5 42 38 60 24 28 43 37 46 3 47 23 14 69 1 11 22 45 0 58 29 61 55 31 63 52 44 57 59 17 67 10 35 50 48 53 34 8 7 56 18 4 68 49 16 66 6 21 13 33 9 15 39 30 36 19 65 27 20 12 25 32 2 40 51 62 26 64 
23 64 53 2 30 50 7 51 31 32 55 65 63 15 69 28 43 42 27 12 4 13 20 57 29 1 41 18 11 37 16 66 19 45 3 54 49 34 17 25 24 6 40 39 35 26 62 47 60 52 36 5 9 8 22 59 10 58 0 46 38 14 21 67 56 48 33 68 61 44 
29 32 38 62 67 33 66 44 64 57 22 61 45 8 48 36 51 59 37 65 21 9 63 2 1 5 39 40 35 14 26 13 19 30 34 20 18 42 68 58 27 55 11 4 0 3 10 15 41 23 24 16 54 25 46 47 6 56 31 17 52 49 12 60 50 7 28 53 43 69 
49 1 21 53 10 6 0 40 17 59 66 56 33 65 39 46 27 19 9 35 11 44 28 34 16 50 41 54 18 3 38 36 67 69 30 31 62 24 60 12 15 45 25 43 29 58 8 55 2 68 64 4 23 52 42 51 13 32 48 47 57 37 20 63 26 14 61 22 7 5 
9 42 15 48 39 19 30 52 25 37 4 58 68 53 12 41 44 8 69 10 22 38 7 5 63 50 33 1 67 36 17 66 14 18 59 61 24 45 46 26 21 28 6 47 64 51 54 31 55 49 57 29 62 43 11 40 27 60 20 13 65 34 56 23 35 0 32 3 16 2 
44 13 29 4 20 58 42 6 12 38 65 32 23 0 57 14 67 24 10 3 35 69 60 21 52 55 5 26 62 49 28 64 16 68 37 30 34 51 66 43 11 18 33 27 46 48 47 19 54 61 39 59 36 8 56 40 7 1 50 31 2 41 17 53 63 25 22 45 9 15 
65 61 54 1 66 34 20 25 35 17 5 37 12 18 42 62 41 55 27 51 7 60 50 58 36 10 39 23 0 32 30 68 52 16 49 22 19 48 31 40 47 57 15 21 3 9 13 14 29 59 53 63 6 2 64 24 44 28 33 67 38 45 8 43 26 56 46 11 4 69 
2 44 29 43 18 64 45 49 40 67 37 25 11 20 8 28 17 33 47 48 3 41 7 46 21 22 10 6 68 50 54 56 69 14 26 0 36 23 16 12 13 27 66 65 30 35 53 24 32 42 9 63 15 59 51 38 60 57 5 52 39 31 58 4 62 34 19 55 1 61 
12 47 31 39 9 35 28 18 5 63 24 22 54 4 61 38 68 16 2 62 15 50 44 0 7 19 32 65 53 25 14 23 49 48 52 56 29 45 27 26 67 51 55 60 46 69 10 58 66 30 41 20 17 36 3 43 42 64 34 13 11 37 57 40 21 6 1 59 8 33 
24 26 14 5 6 13 2 39 40 19 52 0 55 36 3 21 23 64 66 1 53 51 25 34 15 43 61 68 57 67 11 42 9 32 7 4 31 56 49 8 28 38 41 35 33 16 63 58 30 20 60 44 22 62 17 47 37 45 48 50 69 65 46 54 18 59 10 12 27 29 
43 60 7 51 53 33 17 46 31 5 40 27 8 47 4 50 58 45 57 15 38 55 56 32 25 36 59 62 19 54 9 3 35 34 1 64 10 12 6 63 66 37 52 23 24 16 61 20 29 48 2 26 44 21 14 30 68 42 65 67 22 39 28 41 11 49 13 18 69 0 
59 49 66 63 62 67 60 64 56 13 34 38 36 6 31 14 37 41 18 20 52 65 50 4 2 7 16 11 61 21 1 57 45 3 17 53 51 48 68 27 23 46 5 22 29 8 44 24 40 0 58 54 42 9 25 43 35 55 26 47 33 28 32 19 12 30 69 15 10 39 
11 69 38 39 63 5 1 32 17 58 46 10 36 49 8 61 57 41 23 51 68 30 25 20 0 44 48 56 24 12 3 29 28 19 27 13 66 47 4 9 59 14 37 26 62 55 50 2 15 40 54 35 65 31 34 22 53 21 60 42 7 18 16 64 33 45 6 67 43 52 
37 66 0 29 24 69 30 50 57 8 13 28 64 35 44 46 63 11 33 9 52 42 45 49 53 26 51 17 38 40 39 61 10 43 21 55 58 18 34 4 67 27 16 15 62 5 22 31 7 6 14 2 60 54 48 59 25 3 32 23 56 19 20 68 41 47 65 12 36 1 
33 23 16 13 43 6 22 48 67 14 54 10 20 68 55 27 15 35 2 1 26 65 45 3 53 61 60 46 62 25 19 21 50 5 39 31 44 69 59 56 63 0 18 17 4 38 58 47 64 9 40 51 12 24 28 49 8 32 37 30 57 29 7 11 66 36 41 52 42 34 
48 57 65 41 3 4 54 19 45 1 28 36 59 22 32 68 53 6 14 37 8 31 20 12 58 11 26 39 15 9 60 64 49 33 7 62 52 2 38 27 69 42 56 13 43 16 55 61 40 63 66 0 29 67 47 46 23 51 24 18 34 44 35 17 21 5 10 50 30 25 
58 22 11 33 23 26 57 31 24 47 66 25 21 41 15 18 56 42 65 55 35 2 1 54 44 51 8 34 30 38 67 32 40 0 68 7 48 63 69 3 27 37 49 4 61 52 59 12 39 19 17 29 13 62 5 45 16 28 6 64 53 10 43 50 20 46 60 36 9 14 
62 68 58 7 54 64 35 55 61 34 37 56 9 13 18 40 59 25 29 52 21 42 67 28 30 23 32 36 43 24 50 0 38 46 39 45 5 14 15 27 49 48 6 63 65 12 4 1 17 11 8 19 20 66 47 10 16 69 31 53 3 2 33 44 26 51 57 41 60 22 
50 46 37 30 0 47 57 20 31 36 52 16 39 2 5 66 8 19 60 17 49 51 18 56 59 23 12 28 9 35 64 11 26 42 1 67 54 14 33 41 6 3 32 7 27 58 21 48 53 65 25 34 62 40 4 44 10 43 24 22 15 29 63 61 55 45 13 68 38 69 
62 4 12 28 48 15 14 67 51 22 40 5 36 50 56 34 24 60 42 69 6 65 66 33 68 57 27 30 26 29 64 23 53 0 47 54 32 25 10 20 41 3 55 63 43 44 17 7 11 2 1 39 45 16 38 13 31 21 46 9 59 8 18 58 37 35 52 61 49 19 
32 26 10 55 5 46 15 2 33 6 42 36 9 45 47 64 41 53 19 27 21 52 34 7 68 44 63 20 66 38 13 22 25 12 69 24 59 51 4 65 16 3 8 49 58 50 43 35 29 37 56 1 28 48 31 39 67 54 40 0 57 60 17 11 14 30 23 18 61 62 
19 56 31 10 27 7 23 26 61 39 1 51 63 54 37 35 43 44 60 69 15 6 22 13 34 36 46 41 2 38 64 5 67 21 0 12 20 59 4 33 29 49 53 8 45 28 9 47 55 30 24 25 3 17 42 18 14 68 62 48 16 58 57 11 52 50 32 66 40 65 
18 17 3 59 43 41 16 32 28 50 13 61 23 11 8 40 58 21 33 39 12 45 44 62 57 5 54 48 31 9 47 6 34 60 37 10 4 49 1 35 52 15 0 22 20 7 69 29 56 19 51 38 25 27 30 63 67 64 14 24 53 36 65 46 42 55 66 2 68 26 
63 17 26 45 69 19 28 9 66 48 31 55 64 0 21 50 29 14 43 39 2 62 25 40 53 38 56 60 23 46 20 61 6 13 4 54 68 37 7 3 35 58 49 12 22 30 11 65 33 27 15 18 57 8 1 10 34 47 32 24 41 42 36 59 51 5 44 16 52 67 
3 53 27 35 10 5 39 14 32 40 2 60 54 11 59 49 23 46 65 12 61 47 67 29 25 51 57 13 55 33 28 34 22 58 69 52 37 30 19 45 48 43 50 62 41 31 44 9 0 36 66 4 26 24 16 42 18 15 38 17 64 68 7 56 20 6 21 63 1 8 
34 16 68 44 56 19 43 22 37 4 63 26 15 57 60 46 27 32 40 18 51 20 0 1 29 49 47 23 54 11 66 38 42 28 58 21 36 31 13 25 3 45 52 10 2 55 5 14 65 41 59 8 12 53 17 69 48 7 6 39 30 61 9 62 50 67 24 35 33 64 
52 62 18 51 45 4 11 0 55 21 69 57 32 7 17 66 29 65 2 20 13 48 68 5 35 30 25 33 15 23 14 42 12 38 64 26 61 16 28 50 10 22 19 58 67 37 60 8 24 59 27 3 63 34 43 40 56 46 1 49 39 9 47 53 36 44 31 41 54 6 
58 46 49 67 3 9 12 19 16 51 55 1 22 7 0 37 50 64 44 26 8 10 24 53 17 38 69 52 20 11 25 66 36 15 27 47 56 5 62 34 59 61 48 63 14 68 18 28 39 33 30 32 35 65 31 13 23 60 29 4 54 21 43 45 40 6 41 57 2 42 
36 18 58 38 14 34 22 48 33 42 67 29 57 54 16 25 40 53 30 3 66 6 24 52 50 45 61 49 13 47 19 51 4 2 28 55 5 56 31 9 41 10 12 44 27 64 35 37 32 11 68 60 43 69 21 65 8 7 1 17 26 63 23 62 20 46 15 59 0 39 
40 61 42 65 63 62 27 6 17 50 38 51 59 54 9 52 23 20 68 35 18 34 60 2 32 58 5 25 24 14 48 1 26 56 4 22 33 8 3 57 44 66 30 39 37 13 31 16 11 41 43 69 67 49 36 15 10 21 64 45 28 12 7 53 0 47 46 55 19 29 
41 53 56 43 69 27 1 9 61 49 14 35 36 0 31 45 65 8 51 24 7 34 4 39 40 10 42 55 26 50 48 58 23 11 21 47 22 67 68 20 16 52 17 66 6 29 18 30 62 12 44 63 15 3 19 59 13 57 38 32 5 33 64 60 37 25 46 54 2 28 
19 57 32 49 53 63 11 3 10 59 58 28 20 4 38 34 22 24 68 39 60 8 0 33 5 16 64 31 29 51 6 46 62 41 12 2 7 65 21 43 25 50 37 9 44 48 1 13 27 45 67 36 56 54 18 69 35 47 55 61 40 66 23 52 30 15 14 17 42 26 
47 44 21 39 27 33 54 31 46 34 64 60 4 17 16 38 11 50 43 32 42 15 2 1 14 29 53 56 59 67 62 26 5 35 3 41 0 52 58 48 69 18 61 25 51 65 57 55 12 37 9 66 68 28 23 63 40 36 45 49 13 30 22 19 10 8 20 7 6 24 
44 15 56 17 59 47 62 43 38 50 28 1 34 24 2 11 64 58 19 60 69 61 66 55 65 68 53 4 67 52 42 54 48 57 45 31 49 46 41 63 40 30 36 37 39 33 32 51 22 21 12 29 35 27 23 26 14 16 20 18 8 10 25 6 5 13 0 7 3 9 
