86 4 18
16 14 10 8 6 4 17 3 15 1 13 12 9 0 5 7 2 11 
2 7 5 0 9 13 1 15 3 17 4 6 8 10 12 14 16 11 
11 12 15 17 6 8 0 7 13 16 2 14 5 9 10 4 1 3 
12 11 3 1 4 10 5 9 14 16 2 13 7 0 8 6 17 15 
4 1 0 6 9 5 17 15 11 2 16 14 12 10 3 8 7 13 
13 7 8 10 3 14 2 16 15 17 11 9 5 0 12 6 1 4 
13 9 6 14 0 3 7 12 8 4 1 11 15 16 17 10 2 5 
5 2 6 10 16 1 12 11 17 13 4 15 7 8 3 0 9 14 
8 15 5 1 14 7 4 12 9 3 10 11 6 0 13 2 17 16 
17 9 16 0 3 10 7 14 5 11 15 4 13 1 8 2 6 12 
17 2 4 14 0 8 16 13 11 12 1 3 7 6 5 10 9 15 
15 10 3 9 12 2 1 8 13 6 11 7 5 16 4 17 14 0 
13 10 0 15 11 14 4 5 7 17 16 6 2 3 9 8 1 12 
1 3 16 5 8 11 0 12 14 2 9 4 15 17 6 7 13 10 
16 7 6 9 4 2 11 8 10 13 12 5 14 3 17 15 1 0 
7 17 1 12 14 2 10 6 15 0 11 9 8 3 16 4 5 13 
15 13 4 12 8 16 2 0 10 9 17 7 1 5 11 6 3 14 
12 5 3 6 7 0 16 15 14 11 1 13 10 17 2 8 4 9 
11 0 10 6 1 8 2 14 17 5 13 9 7 12 16 15 3 4 
4 3 14 17 9 6 13 5 11 8 10 2 1 15 16 7 0 12 
17 4 11 7 3 12 13 15 9 5 1 2 0 14 16 10 6 8 
5 9 8 12 13 1 17 10 0 16 6 2 4 14 3 11 7 15 
4 15 7 6 10 14 16 0 2 12 1 13 3 5 9 17 8 11 
8 6 11 9 15 3 2 17 14 1 0 10 13 4 16 5 12 7 
2 3 0 5 12 7 10 4 11 17 16 8 1 15 13 14 6 9 
14 1 11 16 9 7 13 17 15 6 12 5 4 0 8 3 2 10 
13 2 9 11 16 4 1 14 5 10 3 12 6 8 0 15 7 17 
0 14 8 6 10 12 7 17 5 3 4 16 9 2 13 15 11 1 
15 16 3 0 6 13 8 1 17 4 7 11 9 12 10 14 2 5 
16 5 15 17 10 8 9 7 2 14 3 12 13 4 6 11 0 1 
6 1 3 4 2 7 15 17 5 13 12 16 14 9 11 8 10 0 
2 12 8 9 14 0 15 5 11 6 17 4 13 3 10 7 1 16 
11 10 7 1 4 8 0 9 16 3 6 15 5 12 17 13 14 2 
10 13 17 5 14 0 12 3 1 15 2 6 16 7 8 11 4 9 
14 9 16 1 10 12 15 4 7 13 11 2 17 3 0 8 5 6 
8 11 5 4 13 2 6 0 7 3 14 15 10 12 9 16 1 17 
17 2 6 1 9 7 4 3 16 10 8 0 13 15 11 14 12 5 
12 1 13 3 7 11 6 0 9 5 10 2 15 14 4 8 17 16 
5 8 16 14 7 0 4 17 1 13 10 11 12 15 9 6 3 2 
3 17 6 15 12 10 16 5 9 0 4 8 14 2 1 11 7 13 
9 10 17 11 12 13 14 8 4 6 5 16 7 15 1 3 2 0 
0 16 11 3 2 13 8 4 5 10 9 17 15 7 12 6 1 14 
14 2 15 7 1 5 8 16 10 6 3 17 9 11 13 0 4 12 
5 15 11 0 4 9 1 12 7 8 14 2 3 6 13 16 17 10 
2 12 4 13 16 15 6 14 17 10 1 8 7 9 11 0 3 5 
7 3 8 11 16 1 17 6 2 10 14 4 12 5 0 15 9 13 
13 6 16 5 12 17 11 3 14 8 9 7 0 2 1 15 4 10 
0 12 9 2 10 16 6 5 15 3 1 14 13 11 17 7 8 4 
4 1 14 17 0 15 13 9 8 3 7 5 16 6 2 12 11 10 
7 14 13 4 5 10 6 8 12 1 2 15 0 11 16 9 17 3 
8 12 15 10 4 11 1 3 17 2 16 9 0 7 14 6 13 5 
3 9 10 15 6 7 2 4 0 1 14 17 11 5 12 16 8 13 
6 14 2 17 3 11 15 4 8 9 12 5 16 0 7 10 1 13 
0 13 17 1 10 2 12 11 5 8 3 7 14 9 4 15 16 6 
7 12 0 17 16 4 2 3 6 9 13 14 15 10 8 1 5 11 
16 11 15 5 12 10 6 13 9 0 3 17 1 8 4 2 14 7 
17 7 15 5 11 14 3 13 16 2 1 9 8 10 12 0 6 4 
1 15 9 6 5 2 13 4 7 14 0 10 16 11 8 17 3 12 
8 3 10 0 13 14 9 1 12 16 5 17 4 11 6 7 2 15 
7 6 11 12 4 2 17 5 1 13 0 8 10 14 3 16 9 15 
9 8 11 0 14 17 2 7 15 13 10 1 3 5 6 16 4 12 
4 16 12 6 14 8 10 3 5 11 13 7 0 1 15 2 17 9 
17 16 1 8 5 13 2 15 3 11 10 4 6 0 12 14 7 9 
13 12 4 10 9 3 15 5 2 8 7 17 0 11 6 16 14 1 
14 1 0 6 7 15 2 8 12 13 17 4 5 9 16 3 10 11 
2 14 11 5 4 3 6 17 7 9 16 12 15 1 0 10 8 13 
3 14 4 0 10 2 7 9 11 12 16 17 8 15 6 13 5 1 
0 5 1 6 4 3 8 16 15 9 12 11 10 13 7 17 14 2 
12 16 7 14 17 11 10 9 0 5 4 6 15 2 13 3 8 1 
11 1 10 15 16 4 13 14 8 17 5 9 12 2 6 7 0 3 
17 15 10 7 8 1 0 16 12 11 6 3 2 5 13 9 14 4 
7 9 16 8 3 13 0 2 6 5 11 17 12 10 15 4 14 1 
2 10 11 0 14 15 13 6 16 8 12 7 9 1 3 4 5 17 
9 13 15 4 2 1 12 11 3 17 16 5 7 10 6 14 0 8 
3 13 4 1 17 8 5 15 14 6 10 0 9 7 16 2 12 11 
16 7 1 0 8 4 10 2 15 5 9 14 6 17 13 11 3 12 
12 14 2 9 5 3 10 4 17 1 0 13 8 11 7 6 15 16 
9 15 0 12 16 11 1 14 17 8 3 13 4 7 10 2 6 5 
8 16 5 6 17 2 13 3 7 1 9 10 11 4 12 0 15 14 
3 14 9 6 12 15 10 17 11 7 13 0 16 5 2 4 8 1 
17 9 13 7 4 10 15 3 5 11 0 6 12 16 1 8 14 2 
2 1 10 6 13 3 16 4 12 0 17 7 15 14 8 11 5 9 
5 7 10 6 9 8 11 4 0 12 15 2 16 14 13 17 1 3 
5 16 2 0 10 3 7 11 13 12 14 15 1 4 8 17 9 6 
7 15 5 0 14 9 12 2 11 13 3 8 6 16 4 10 1 17 
8 17 14 12 16 13 3 2 7 10 5 15 4 6 9 11 1 0 
