99 4 23
19 20 14 16 18 17 21 11 6 7 15 2 5 22 1 8 12 13 9 10 0 4 3 
3 4 10 9 13 12 8 1 22 5 15 7 6 11 21 17 18 16 14 20 0 2 19 
0 5 2 11 17 7 8 18 20 13 10 19 3 9 14 12 4 16 1 21 22 15 6 
22 2 0 6 15 21 16 12 14 9 1 3 4 19 10 13 20 18 8 7 17 5 11 
13 11 1 16 15 20 6 19 4 3 17 0 8 22 12 10 9 2 14 5 7 18 21 
1 9 21 18 10 8 7 4 14 5 12 3 19 2 0 20 6 15 22 16 11 17 13 
12 22 13 7 17 5 4 16 21 19 0 2 3 14 11 18 10 6 8 15 20 1 9 
15 14 8 6 10 17 18 22 20 11 3 0 19 21 5 4 7 9 1 13 2 16 12 
3 18 2 21 16 5 9 17 15 6 0 13 19 1 11 7 22 4 20 10 12 14 8 
12 20 7 9 19 8 10 1 11 16 13 2 0 15 21 22 18 5 14 17 6 3 4 
4 7 6 11 14 21 20 2 0 12 13 3 5 10 17 22 1 16 9 15 8 19 18 
5 22 20 18 8 1 17 14 10 15 16 13 12 2 4 9 3 6 21 11 7 19 0 
0 4 8 19 9 17 6 3 15 2 12 16 7 11 1 5 10 20 21 14 18 13 22 
16 10 2 18 3 14 7 22 1 11 19 13 12 6 4 9 0 17 21 5 8 20 15 
19 8 5 0 21 1 11 12 4 13 6 18 15 14 9 20 16 22 17 7 3 10 2 
15 13 9 10 0 3 20 14 21 11 7 6 16 5 8 2 4 18 17 12 22 1 19 
21 17 9 2 20 4 22 12 18 15 11 19 13 1 8 5 3 0 16 7 6 14 10 
6 1 5 7 13 14 15 18 12 0 22 2 8 19 21 17 10 11 16 3 9 20 4 
11 22 10 18 6 2 9 16 8 4 20 5 19 7 21 3 14 13 15 1 17 0 12 
19 7 3 16 12 17 22 8 14 0 13 20 15 9 18 4 6 1 5 11 21 2 10 
17 14 4 16 10 15 1 5 19 2 22 21 20 0 3 8 6 18 9 12 13 7 11 
2 10 17 11 12 21 1 9 6 14 13 19 7 18 15 20 4 3 8 22 16 0 5 
0 5 16 6 20 9 22 12 10 11 3 7 19 18 4 2 15 17 8 13 14 21 1 
4 1 3 18 20 0 13 11 21 14 8 19 22 2 15 10 12 17 7 6 5 9 16 
13 8 7 3 21 15 20 1 2 10 19 5 22 4 14 9 17 18 16 11 6 12 0 
12 17 6 21 5 8 4 11 9 10 0 16 18 22 14 1 15 2 7 3 13 20 19 
15 18 14 7 9 12 5 1 20 0 6 17 19 3 13 16 2 10 8 11 22 21 4 
8 14 21 19 13 22 12 16 11 3 20 18 10 5 0 2 1 7 9 6 17 4 15 
19 10 20 15 16 4 6 13 0 1 17 7 18 21 9 12 22 2 14 11 8 3 5 
22 21 3 6 7 11 17 1 12 15 8 2 0 18 4 20 16 9 14 10 5 13 19 
11 22 5 14 9 15 17 13 4 7 0 1 10 19 12 20 18 21 16 8 6 3 2 
2 1 4 16 14 20 7 11 8 17 9 13 5 3 6 18 10 0 12 15 22 21 19 
13 18 3 4 6 2 19 15 9 22 5 16 21 8 10 7 20 0 11 12 17 1 14 
10 8 9 16 12 21 0 13 17 20 19 14 4 2 5 6 7 1 3 11 22 15 18 
0 18 12 15 11 2 3 1 17 22 20 7 10 5 6 14 8 16 4 21 19 13 9 
7 16 19 5 1 15 11 6 14 3 9 21 10 4 8 22 2 13 12 18 17 0 20 
0 9 22 14 20 3 19 1 5 17 2 12 21 18 8 7 16 13 15 4 10 11 6 
21 18 6 4 17 3 12 19 10 2 13 14 0 11 16 5 20 15 7 9 22 8 1 
8 7 4 22 9 2 11 6 15 19 18 0 10 13 5 3 1 16 17 21 14 20 12 
20 13 5 12 21 3 8 6 16 9 14 19 17 1 22 2 15 0 11 10 4 18 7 
18 20 1 21 0 10 22 13 17 9 16 4 7 15 19 6 5 8 14 11 12 2 3 
15 11 12 19 14 2 0 18 4 13 10 8 21 6 1 5 7 16 22 20 3 17 9 
17 1 9 14 6 11 16 0 12 3 7 4 22 13 2 8 20 21 10 15 18 19 5 
15 16 5 7 13 10 22 17 8 2 1 3 12 6 20 18 21 4 0 11 14 9 19 
2 3 12 5 19 9 20 22 6 13 14 4 10 11 1 8 17 21 7 0 15 16 18 
16 9 8 18 21 3 11 1 19 20 15 12 7 14 4 17 5 10 0 2 22 13 6 
6 10 20 5 0 2 15 14 22 19 7 4 12 18 9 3 21 11 16 1 17 13 8 
4 21 13 18 1 2 7 17 8 16 22 0 12 10 19 9 20 3 11 5 14 6 15 
6 10 19 17 4 20 8 12 15 5 13 3 22 1 16 11 14 18 7 2 9 0 21 
11 21 3 0 14 9 15 16 18 8 22 6 13 5 4 12 17 7 19 20 10 1 2 
0 11 16 1 17 2 19 13 8 14 6 9 21 5 10 18 4 22 15 3 20 7 12 
19 3 7 5 10 18 15 21 20 12 11 0 8 9 17 2 1 4 6 22 13 14 16 
22 14 1 8 11 7 20 16 4 21 12 5 18 6 19 9 15 2 0 10 13 17 3 
7 13 12 15 16 10 4 18 14 3 17 9 2 19 6 11 20 21 1 5 8 22 0 
6 20 1 22 3 13 9 17 18 5 11 10 21 2 19 7 0 8 12 15 14 4 16 
2 10 4 16 0 7 14 15 5 21 12 20 13 6 11 19 9 17 18 22 1 3 8 
8 2 17 18 15 9 7 14 0 21 11 3 22 5 13 10 6 12 20 16 1 19 4 
12 17 5 3 4 1 15 18 8 13 20 22 19 0 11 16 9 10 6 7 21 2 14 
19 6 21 22 20 14 16 0 2 8 4 15 17 10 1 11 7 3 9 12 13 5 18 
14 8 1 12 10 5 9 3 2 13 17 16 0 18 11 4 6 22 19 15 20 21 7 
21 5 10 11 7 13 20 14 22 3 0 19 6 18 8 17 16 15 4 2 9 1 12 
20 15 2 1 21 19 9 11 18 12 17 10 16 3 6 8 22 4 0 5 13 14 7 
19 12 18 9 13 11 7 0 22 2 21 4 20 17 15 14 8 3 1 6 5 16 10 
6 18 13 1 0 5 20 4 16 21 2 3 12 15 8 14 7 9 10 17 11 19 22 
3 4 7 8 0 14 20 22 18 17 16 19 6 12 1 10 15 13 21 2 5 11 9 
15 4 17 22 11 5 19 9 2 1 21 16 13 18 12 20 10 7 6 14 0 8 3 
17 0 10 12 14 6 21 3 9 8 7 18 11 15 19 5 13 2 16 1 20 22 4 
18 16 11 9 5 4 12 22 1 3 10 15 0 19 14 7 8 21 17 2 6 20 13 
16 11 9 8 20 6 13 3 2 7 4 12 5 0 1 18 19 17 14 22 21 10 15 
2 0 22 13 5 19 9 1 15 14 6 12 8 3 18 7 20 11 21 17 10 4 16 
17 7 6 8 19 2 14 1 16 22 5 4 10 18 3 11 20 15 13 12 21 0 9 
13 17 10 1 4 3 21 5 11 6 22 12 20 0 7 2 9 19 16 18 14 8 15 
14 2 13 20 9 10 15 22 8 11 18 6 12 16 17 0 7 5 3 21 4 1 19 
5 21 14 15 3 12 10 19 4 7 1 16 2 6 22 0 17 8 9 20 11 13 18 
15 16 20 8 0 1 3 22 13 11 21 4 18 2 5 17 9 7 19 6 14 12 10 
18 19 22 7 11 10 17 0 9 20 12 6 1 13 8 3 4 14 5 2 15 21 16 
7 2 3 8 13 19 0 20 12 6 21 16 11 10 18 15 4 22 9 14 17 5 1 
22 9 1 15 4 10 2 13 3 14 21 0 16 12 17 11 5 6 8 19 7 18 20 
17 15 20 10 4 9 0 5 6 11 8 14 13 18 2 7 1 22 16 21 19 12 3 
16 14 10 12 21 22 11 8 15 17 9 4 20 7 18 2 6 19 5 13 3 0 1 
3 17 16 18 6 4 0 7 5 9 21 13 15 22 10 14 1 2 20 8 19 11 12 
19 5 2 12 20 15 8 17 14 7 6 21 0 16 4 13 18 10 1 9 3 22 11 
2 5 11 0 20 7 14 18 16 19 3 8 21 1 10 4 12 9 13 15 22 6 17 
13 6 12 1 22 11 21 7 10 9 20 4 3 8 19 15 16 0 18 5 2 17 14 
9 21 17 0 19 22 7 18 1 6 20 13 11 15 16 3 12 14 2 5 4 8 10 
8 12 13 14 18 5 10 17 11 16 20 22 15 1 6 19 4 2 0 3 21 7 9 
22 4 8 10 12 6 19 1 18 0 3 20 14 9 11 2 21 13 7 15 17 5 16 
11 14 9 3 1 15 2 6 7 8 5 19 21 10 17 16 13 4 0 18 12 20 22 
18 12 19 8 3 6 7 22 16 4 17 20 5 2 21 11 13 10 1 15 9 14 0 
4 15 21 14 0 16 11 22 18 10 17 13 8 3 1 19 7 5 20 2 6 9 12 
13 7 6 16 0 11 18 5 2 15 9 3 1 20 22 17 8 14 4 12 19 21 10 
20 7 9 2 14 3 18 1 4 12 13 16 21 5 0 8 19 17 15 6 10 22 11 
22 10 19 11 4 14 5 13 8 16 7 3 17 12 9 2 15 18 20 1 21 0 6 
3 4 21 15 9 19 11 2 7 13 8 17 0 14 12 10 22 20 6 5 18 16 1 
6 10 16 22 5 14 21 8 0 1 13 2 20 15 18 9 3 12 4 7 11 17 19 
19 18 0 7 1 16 12 15 14 5 11 4 3 10 6 8 20 21 9 17 2 13 22 
9 16 11 20 2 19 22 15 14 10 5 18 7 21 8 6 4 1 13 12 3 17 0 
12 0 17 20 2 1 3 8 10 7 22 16 6 15 14 18 11 13 21 9 5 4 19 
11 22 6 19 17 16 14 21 8 20 12 10 18 15 5 4 13 7 3 9 2 1 0 
