141 4 50
35 49 42 38 40 37 46 45 41 28 48 47 43 34 36 39 44 33 25 26 31 32 30 27 29 23 24 15 19 22 2 14 16 18 20 21 13 17 11 9 1 5 0 10 12 7 6 8 4 3 
3 4 6 7 10 0 5 1 9 11 17 13 21 20 18 16 14 2 22 19 15 24 23 29 27 30 32 31 26 25 33 44 39 36 34 43 47 48 28 41 8 45 46 37 40 38 42 49 35 12 
12 8 47 36 43 25 27 39 45 23 11 31 22 30 38 37 18 9 5 2 49 20 35 10 4 21 15 3 6 16 7 0 14 42 1 13 46 44 19 40 24 32 26 17 29 41 33 28 34 48 
8 12 34 48 26 28 33 41 29 24 21 17 32 40 19 13 44 46 1 42 14 0 7 16 3 15 4 10 35 20 49 2 6 5 9 18 37 38 30 22 31 11 23 45 39 27 25 47 43 36 
16 1 30 7 0 32 29 33 6 2 46 18 43 36 28 35 17 26 22 5 23 4 45 47 27 11 3 12 42 38 40 49 37 8 24 25 39 31 48 9 34 41 15 19 20 44 13 14 21 10 
15 10 14 20 44 46 13 19 17 21 31 9 37 39 38 25 43 24 41 6 48 49 34 3 12 11 35 36 40 42 47 45 4 8 27 28 23 5 33 29 26 7 0 22 32 30 18 1 2 16 
22 42 49 18 2 11 44 27 13 23 14 3 33 32 0 1 41 48 34 25 37 5 40 38 8 47 4 12 16 45 17 30 28 26 35 36 46 6 7 21 20 10 43 29 19 15 9 39 31 24 
24 39 9 31 27 19 44 29 20 15 22 28 45 26 16 4 8 48 43 2 0 10 7 40 1 42 21 36 30 12 47 34 6 35 41 25 38 37 18 32 33 3 5 23 11 17 46 14 13 49 
5 4 41 26 37 35 30 31 14 23 36 34 9 47 1 13 7 40 24 28 8 49 42 11 6 19 15 29 12 3 43 10 48 39 46 17 16 18 33 25 38 2 32 0 21 44 27 20 45 22 
45 19 40 5 32 38 25 21 17 33 20 11 10 3 47 34 2 18 39 29 49 9 46 30 42 7 16 8 12 36 48 13 41 22 0 24 43 14 23 31 35 37 26 28 27 4 44 6 1 15 
48 15 23 27 18 6 25 0 32 42 49 21 22 17 24 35 43 7 28 16 41 31 39 12 46 8 3 29 13 38 19 47 30 10 1 26 40 4 14 9 45 44 11 20 5 37 34 36 2 33 
3 36 43 46 6 37 13 26 2 20 33 29 7 34 10 38 45 15 35 12 1 44 14 27 31 30 21 4 41 16 22 0 48 8 39 11 49 9 17 5 28 32 24 47 25 23 18 19 42 40 
25 47 28 1 0 16 9 14 4 33 44 24 38 40 23 45 12 13 18 34 39 10 5 37 19 31 22 20 46 32 11 6 41 36 21 15 27 35 2 49 48 43 17 26 30 29 42 3 8 7 
30 11 39 47 42 35 17 41 21 2 10 32 8 18 15 5 34 45 20 33 40 1 26 48 19 27 6 23 28 24 49 36 37 44 4 14 22 31 38 0 43 7 13 25 9 46 16 3 12 29 
40 48 38 29 8 31 14 16 11 7 37 17 5 6 44 9 10 4 26 3 32 28 12 25 43 49 22 27 15 33 13 42 21 36 2 20 19 46 1 45 18 23 35 34 47 41 24 39 30 0 
37 41 46 0 30 3 22 19 27 12 44 24 18 7 29 34 23 43 21 36 20 33 42 9 25 26 49 5 14 39 45 8 17 15 6 40 47 48 2 11 1 32 31 4 35 10 13 16 38 28 
13 28 49 34 10 23 35 20 12 7 24 4 25 27 2 26 36 32 9 47 17 30 0 46 48 19 3 11 31 5 45 44 8 38 16 39 1 22 33 14 42 18 15 29 21 37 40 41 43 6 
45 14 35 2 42 5 22 29 39 13 43 44 6 36 18 12 16 19 24 1 15 46 32 37 10 8 47 40 34 3 28 41 11 9 21 31 0 23 33 25 4 7 30 17 48 49 20 26 27 38 
21 11 30 26 12 38 4 1 43 16 49 29 48 20 3 31 19 23 46 40 0 41 27 35 2 25 15 28 17 32 6 39 34 37 18 10 13 14 33 24 7 8 42 47 22 36 45 5 44 9 
25 6 33 15 9 8 36 19 41 16 20 38 13 5 43 42 32 44 7 0 11 28 31 14 18 48 30 1 45 47 27 39 34 2 3 22 4 10 37 29 26 24 17 35 49 23 21 12 40 46 
40 9 24 26 18 47 22 3 31 17 46 49 21 28 37 1 8 32 44 6 39 5 7 35 45 43 14 0 20 30 38 13 23 48 2 33 15 36 41 29 4 12 42 27 10 11 34 19 16 25 
36 10 15 4 39 45 17 7 24 33 23 34 0 29 37 16 14 49 21 27 18 41 38 44 1 42 2 28 3 19 48 30 46 47 13 32 12 9 6 40 26 43 5 20 25 35 8 31 11 22 
16 39 17 38 14 8 42 22 35 0 26 25 10 6 27 48 34 46 2 4 31 11 24 20 40 29 41 33 12 23 30 45 1 43 44 5 13 47 3 32 9 19 15 36 49 7 21 37 18 28 
2 43 21 47 32 7 23 44 19 49 45 4 26 24 28 13 15 11 22 38 5 8 46 9 27 25 41 33 10 29 35 6 31 37 40 1 48 20 3 18 16 12 42 14 30 17 0 36 34 39 
31 48 18 12 13 42 30 33 20 39 5 28 9 27 37 46 17 36 40 35 3 16 21 49 34 15 25 23 1 10 29 11 43 22 44 0 19 38 4 8 7 6 41 24 2 26 47 45 14 32 
32 48 1 22 15 47 20 37 11 19 36 12 6 14 8 35 29 49 33 30 10 45 25 0 3 28 5 26 41 9 46 24 2 21 16 7 34 44 42 27 13 17 4 43 40 39 38 23 18 31 
23 34 36 3 28 20 18 40 30 13 41 6 4 8 44 32 2 17 16 31 47 25 35 43 21 42 9 12 14 29 38 24 27 37 15 5 22 48 39 45 7 26 19 0 49 33 11 46 10 1 
7 40 19 1 34 27 41 11 31 46 38 49 26 39 5 42 21 43 18 24 12 0 22 10 16 17 37 45 25 33 4 9 28 47 29 2 15 14 44 35 36 8 13 23 3 30 20 48 32 6 
29 31 13 3 47 18 24 2 48 9 41 4 0 45 10 42 38 49 36 33 11 14 25 7 35 43 32 6 20 40 44 8 46 15 26 19 23 22 39 17 34 5 1 30 27 12 28 37 21 16 
21 34 45 6 29 25 37 27 8 46 22 9 32 1 23 44 30 10 39 28 11 40 42 0 20 14 36 7 15 33 47 43 38 17 16 26 19 13 12 49 31 3 35 2 48 5 24 41 18 4 
26 5 19 44 35 33 14 0 43 8 49 30 37 17 12 18 39 11 32 4 16 40 23 2 48 9 7 41 21 36 13 29 22 38 3 47 34 10 15 1 27 45 42 24 31 6 20 46 25 28 
46 2 24 17 27 14 20 10 16 28 43 5 19 47 25 12 42 6 3 30 23 41 15 1 26 13 45 22 18 49 38 34 7 48 21 36 33 31 40 11 37 9 39 32 4 8 44 0 29 35 
41 11 22 27 45 4 38 15 32 9 29 21 34 5 0 13 39 12 40 46 18 7 6 3 48 30 35 14 28 31 19 36 26 20 47 17 44 42 1 23 8 25 16 33 37 24 10 2 49 43 
49 23 7 16 44 20 37 1 33 15 36 6 22 25 21 42 48 31 40 32 24 4 10 5 30 2 8 34 14 35 18 46 39 45 26 3 12 19 29 38 13 43 28 47 17 27 0 9 11 41 
43 38 17 40 0 35 15 3 11 24 42 1 44 23 9 33 10 47 2 39 13 26 30 25 29 8 4 37 28 18 31 41 19 16 6 27 21 46 7 34 49 36 22 5 12 20 32 45 48 14 
9 33 4 12 35 28 7 3 37 5 48 39 42 44 45 46 2 8 20 32 49 0 31 27 6 47 17 43 14 24 34 21 22 41 16 11 18 19 13 1 29 26 25 36 38 30 10 15 23 40 
36 10 46 8 25 49 19 48 4 22 37 18 47 31 13 29 1 17 12 26 15 7 16 11 41 28 0 23 43 5 34 30 14 32 2 24 38 39 6 27 35 20 44 40 42 21 9 33 45 3 
16 12 26 30 27 6 47 8 40 14 20 38 21 44 28 11 45 24 7 41 23 17 29 36 18 43 35 46 10 0 39 31 9 42 34 32 4 48 22 49 3 13 15 2 37 25 1 33 19 5 
39 1 5 32 31 41 2 25 28 3 10 29 21 24 37 35 38 40 36 27 30 33 6 13 23 49 0 45 12 16 17 22 20 19 8 9 43 34 26 18 14 42 44 7 46 4 11 48 15 47 
34 15 35 38 32 43 14 4 26 25 1 46 42 19 36 48 9 18 21 2 23 44 3 17 45 20 40 22 7 49 6 16 37 27 28 30 5 10 41 24 0 29 11 31 47 8 12 13 33 39 
12 0 13 29 22 17 45 41 47 6 37 42 19 20 2 39 4 33 31 23 11 46 48 7 18 8 38 25 24 3 36 21 28 16 1 44 5 26 34 9 35 40 27 15 32 14 43 49 10 30 
30 33 49 19 21 26 47 10 42 3 13 43 14 0 40 27 9 31 32 16 45 36 39 41 5 28 1 48 15 35 29 7 44 46 25 11 18 20 12 24 6 4 37 22 34 23 38 8 17 2 
18 24 11 25 44 48 27 35 26 34 15 16 7 45 6 13 49 8 12 2 9 31 40 33 37 43 23 38 47 0 20 29 5 36 21 19 30 28 4 39 42 10 17 14 32 41 1 46 22 3 
20 9 34 0 23 43 41 14 17 8 30 46 33 37 15 29 24 5 11 28 48 45 10 22 1 16 3 49 4 35 31 36 32 40 13 42 27 21 12 47 2 38 18 26 6 44 19 25 39 7 
44 36 5 28 27 2 1 7 8 21 3 17 48 46 42 38 29 41 4 39 23 11 19 14 47 30 40 22 25 32 43 34 33 20 31 6 15 9 12 10 18 49 26 13 0 24 35 16 37 45 
18 31 3 22 23 26 19 12 10 2 6 32 39 37 15 40 45 48 16 46 4 30 34 5 43 49 33 25 44 35 38 36 24 1 11 42 41 20 29 9 17 47 7 0 28 21 27 13 14 8 
13 11 24 21 42 28 30 6 5 37 25 14 17 12 31 4 0 49 38 7 10 15 34 22 44 26 18 47 29 46 33 45 20 32 41 16 40 8 27 3 1 39 48 9 19 43 2 23 35 36 
46 41 16 8 39 1 7 20 49 45 14 9 13 35 47 27 40 32 37 26 3 18 10 23 15 19 42 38 12 22 29 4 33 17 30 44 0 21 24 36 25 31 11 5 48 34 43 6 2 28 
29 32 23 38 27 10 43 33 35 34 22 7 48 17 13 28 21 18 36 9 8 40 24 14 6 11 41 19 39 2 0 44 37 20 45 26 25 12 1 47 5 49 15 3 16 4 46 31 42 30 
28 36 29 42 15 47 2 0 49 9 34 6 39 24 30 19 40 12 8 18 35 1 27 5 25 4 43 16 11 48 45 26 13 44 17 21 3 33 22 10 23 32 14 20 38 46 37 31 7 41 
32 31 40 4 20 44 16 26 22 25 39 15 41 3 24 11 47 49 17 13 30 46 36 14 2 34 37 48 0 43 7 45 10 19 8 33 23 9 6 21 18 12 27 42 28 35 1 29 5 38 
23 31 42 1 45 12 18 14 21 33 43 10 3 27 8 7 25 4 19 5 24 2 0 15 36 26 20 38 35 28 37 39 6 9 48 13 30 49 41 40 34 17 32 47 22 11 46 29 44 16 
16 9 10 11 46 6 1 34 47 48 17 0 44 38 21 41 7 42 36 35 5 12 30 31 19 49 39 23 28 29 2 33 15 3 8 37 20 22 43 40 13 27 14 45 24 32 25 26 4 18 
37 24 35 21 13 39 43 33 47 30 22 20 44 9 48 38 16 18 25 46 4 19 29 32 2 14 27 5 42 28 23 26 12 1 41 31 8 10 49 34 3 6 11 17 36 45 7 0 40 15 
45 49 0 15 28 26 2 17 36 31 41 25 12 44 18 14 9 32 11 38 37 1 8 24 20 22 30 23 19 7 46 13 3 4 42 10 43 48 39 21 27 16 35 33 40 5 47 6 34 29 
4 40 27 49 43 19 6 3 14 29 5 8 34 38 20 23 47 2 13 42 35 16 46 10 37 7 11 28 32 45 44 24 33 48 31 39 0 30 12 36 21 1 18 15 9 17 26 25 22 41 
34 47 5 36 22 33 38 41 17 48 6 27 24 7 10 43 32 9 29 4 45 30 3 1 37 39 26 31 25 42 16 18 12 40 8 46 20 21 23 13 35 2 15 0 44 11 49 14 28 19 
0 42 7 46 13 3 26 11 15 25 22 20 29 40 35 8 18 45 14 34 49 39 44 6 41 28 10 21 43 36 5 16 33 17 27 30 37 31 2 47 4 1 24 19 32 9 38 12 48 23 
21 2 31 19 30 44 17 27 48 22 35 1 36 13 23 5 11 46 9 0 20 37 47 26 4 45 24 6 40 32 41 14 28 18 33 15 34 16 39 3 38 8 12 29 7 49 10 43 25 42 
39 10 8 16 3 28 38 15 33 12 32 27 44 14 49 18 25 5 23 40 31 21 29 41 26 45 0 47 48 42 37 13 7 35 9 1 2 43 34 11 46 22 17 20 6 30 4 24 36 19 
18 37 43 40 7 4 17 30 20 6 1 2 12 28 45 11 42 32 13 39 29 19 15 41 35 9 25 38 36 0 10 22 49 34 31 14 47 48 5 23 27 16 21 24 3 8 33 44 46 26 
37 8 41 6 48 10 23 26 9 5 18 38 34 25 3 16 39 19 24 46 14 32 27 36 0 33 4 47 22 21 15 28 11 13 42 43 49 20 2 12 40 1 30 31 7 44 17 45 29 35 
40 33 12 22 14 45 23 1 9 43 31 44 35 34 29 17 49 46 19 11 25 13 16 30 8 18 28 24 15 7 42 26 27 38 3 32 47 20 21 4 37 41 2 39 6 0 10 5 48 36 
20 31 42 7 0 47 4 36 21 46 5 44 35 10 23 14 29 48 12 16 6 49 32 33 11 34 24 41 40 38 25 22 28 19 3 26 9 43 1 39 13 45 2 27 8 37 17 15 18 30 
46 32 38 16 8 30 24 34 2 5 15 13 1 19 37 21 36 17 35 25 45 29 4 47 18 43 0 31 33 49 10 3 41 44 12 39 6 22 42 27 26 28 48 7 14 20 40 23 11 9 
9 45 48 35 28 22 3 25 7 30 11 43 37 23 27 41 19 17 2 49 29 47 15 14 44 40 12 31 39 1 36 26 33 34 10 4 6 13 20 21 0 42 46 38 8 16 18 32 24 5 
2 49 1 24 15 39 32 6 42 29 41 20 12 26 11 43 5 4 14 36 21 37 27 3 18 46 9 48 38 28 16 22 17 44 33 35 34 8 0 7 23 25 47 31 45 13 40 10 19 30 
28 20 33 18 26 29 44 6 4 19 10 13 3 8 1 30 38 40 48 24 22 0 21 25 12 47 36 7 27 49 42 15 46 39 45 23 31 14 17 43 37 32 2 16 34 9 11 5 41 35 
21 18 11 36 14 35 41 40 15 31 0 19 32 27 30 9 10 7 33 12 2 47 24 8 16 17 37 22 42 3 38 28 34 46 49 4 45 20 26 5 25 13 29 6 23 1 43 48 39 44 
30 16 26 48 43 11 39 13 24 3 5 8 10 41 23 44 6 45 28 20 2 34 42 49 25 22 0 19 29 31 35 46 9 38 21 32 17 15 4 1 40 7 12 36 47 18 37 33 14 27 
17 33 39 47 0 34 5 15 4 32 8 13 46 27 7 12 31 19 40 25 9 6 26 22 36 42 24 10 44 37 2 30 23 41 28 38 35 11 3 18 43 1 14 45 21 16 48 29 20 49 
16 29 37 49 9 14 36 2 21 26 25 0 10 45 40 20 42 3 33 24 1 17 11 23 27 8 22 6 13 35 5 48 39 7 38 19 18 4 12 41 34 44 32 31 28 30 15 43 46 47 
19 7 31 34 43 18 38 23 12 20 45 11 48 47 1 8 32 14 15 39 28 41 30 6 46 44 21 13 4 26 25 33 17 29 5 0 49 2 37 27 40 36 3 16 22 24 10 35 9 42 
4 30 25 28 7 35 44 14 41 22 5 48 10 42 15 24 16 17 40 20 39 43 3 18 38 8 9 27 36 37 13 1 11 26 0 29 32 45 2 46 49 6 31 33 21 47 23 19 34 12 
32 12 0 42 13 48 1 45 21 38 34 37 24 6 2 26 16 46 23 31 10 27 9 14 49 44 47 43 15 8 18 36 29 35 41 30 40 4 5 17 25 39 19 20 7 22 3 28 33 11 
41 6 17 27 29 25 36 44 49 15 33 23 46 39 3 43 30 35 32 1 18 48 20 47 31 45 38 28 11 24 42 10 5 14 12 19 16 40 2 7 22 4 9 34 0 13 26 37 8 21 
4 39 22 21 8 2 37 11 28 43 24 12 34 3 47 40 26 9 7 31 33 32 35 36 16 19 14 46 15 23 48 5 42 0 25 27 29 17 20 18 44 30 6 13 45 1 41 49 10 38 
40 5 0 48 49 44 47 2 38 30 3 10 28 14 46 18 19 45 23 6 11 35 4 27 37 17 8 29 42 36 26 13 1 34 22 9 33 16 39 20 43 41 25 21 12 24 15 32 7 31 
41 45 5 15 47 1 20 43 19 40 7 16 27 35 29 22 0 25 13 4 33 17 46 21 34 48 10 26 42 11 31 28 23 39 37 38 49 30 6 32 8 9 14 3 36 44 18 2 24 12 
9 22 12 18 10 36 38 44 41 26 21 20 49 42 8 29 13 30 27 37 32 34 14 19 11 28 16 31 17 33 35 2 43 6 7 39 23 5 25 24 47 1 46 48 45 3 0 40 4 15 
38 3 6 24 49 17 16 19 35 21 4 18 33 45 46 36 7 9 31 25 13 15 34 1 14 28 22 12 2 5 32 39 23 8 42 11 10 30 40 20 41 44 48 37 26 47 27 29 0 43 
24 37 0 32 8 10 47 48 33 11 29 44 20 27 40 31 3 12 39 4 17 5 18 43 30 15 46 25 34 1 2 49 16 14 7 38 35 41 23 9 28 19 45 21 13 36 6 26 42 22 
25 13 23 46 17 40 21 5 26 27 1 39 9 2 16 42 48 36 4 12 33 15 6 45 19 29 14 24 11 47 35 30 37 44 10 32 7 43 31 22 38 49 28 0 18 3 8 41 20 34 
14 34 20 3 0 39 26 38 13 7 22 1 31 2 49 29 6 28 47 18 48 5 43 37 21 19 25 41 44 30 15 8 11 32 42 9 23 35 16 36 4 45 17 27 12 33 10 40 46 24 
42 47 3 31 43 27 28 11 33 45 16 10 26 20 46 30 9 22 41 23 7 24 34 44 37 36 12 19 4 18 32 35 40 21 6 8 49 1 2 13 25 0 15 38 29 48 5 17 39 14 
15 17 5 29 23 2 22 14 7 30 9 48 40 8 47 21 13 49 46 38 44 12 0 41 20 18 43 24 31 16 34 32 42 10 39 25 1 6 33 11 27 4 37 26 19 35 3 36 45 28 
35 11 36 28 4 1 13 25 32 19 6 45 43 33 26 27 37 42 21 48 0 41 49 8 20 18 46 39 40 7 10 44 34 12 24 22 16 30 38 5 3 14 47 17 15 9 2 31 29 23 
30 42 31 24 1 8 32 34 12 17 22 0 9 45 40 36 43 25 39 29 23 3 10 4 2 27 44 48 21 13 11 41 16 14 28 5 18 19 49 6 37 47 15 20 38 46 7 33 35 26 
44 30 46 25 0 12 6 40 37 2 9 34 29 35 7 20 19 41 45 13 3 17 32 15 23 26 5 10 33 39 18 21 14 28 31 4 47 24 36 27 38 43 8 49 16 48 22 1 11 42 
27 12 24 28 33 38 39 49 10 41 22 36 11 46 47 26 14 1 35 18 17 20 37 15 48 32 13 3 43 6 0 23 25 44 29 4 9 7 16 2 40 42 45 5 21 30 8 19 34 31 
14 21 23 45 38 4 17 8 47 6 30 19 31 16 39 3 48 32 11 49 35 44 12 7 34 24 27 42 20 33 29 26 15 1 41 9 5 43 0 10 37 13 22 18 2 40 36 46 28 25 
13 49 8 4 36 9 41 43 35 38 2 1 23 22 33 16 15 39 20 31 26 34 18 28 10 21 46 0 19 29 3 37 47 45 5 17 24 40 30 11 42 27 7 44 14 48 25 6 12 32 
19 3 42 25 5 7 40 26 34 20 32 24 23 36 37 1 16 43 35 12 31 6 17 46 48 22 44 11 15 27 0 8 14 9 38 30 28 10 49 21 4 29 45 2 39 33 18 13 47 41 
18 29 46 35 44 11 7 37 42 41 47 45 21 22 26 28 4 16 15 25 38 10 0 2 12 43 48 5 1 31 33 36 9 39 14 40 3 6 32 49 34 13 24 17 27 30 8 19 23 20 
19 28 39 36 20 2 34 14 9 49 38 27 7 40 25 30 15 48 33 17 37 24 6 31 42 13 3 16 26 45 46 47 5 41 8 4 18 29 11 21 0 35 43 23 22 12 32 1 44 10 
15 6 18 33 2 27 26 13 11 17 31 8 44 1 40 34 12 10 21 35 32 3 22 42 41 45 24 47 7 30 49 9 19 48 23 14 28 43 29 37 25 46 5 20 36 39 38 4 16 0 
39 16 48 21 37 29 10 20 32 41 8 14 43 1 24 25 5 30 7 18 17 40 12 45 4 36 28 31 44 47 23 0 46 33 26 2 15 19 38 42 11 13 49 34 9 22 3 35 6 27 
46 33 21 2 43 45 4 0 16 23 6 41 40 36 22 18 5 13 24 44 7 48 29 20 37 49 47 39 17 26 9 35 32 25 8 28 11 10 27 14 30 34 31 3 1 42 38 15 19 12 
42 10 9 23 35 49 12 5 6 31 30 47 14 22 4 27 25 32 13 3 34 15 11 2 29 28 38 46 18 0 48 1 43 26 39 7 8 36 24 40 20 45 19 41 33 37 17 16 44 21 
3 16 34 46 31 33 42 32 30 40 4 8 11 18 38 7 29 15 37 27 19 1 28 23 13 26 20 9 0 44 47 5 24 6 2 22 14 49 21 10 39 17 48 45 35 43 12 25 41 36 
49 22 38 13 27 44 11 3 20 12 8 48 5 36 45 19 10 40 2 39 0 16 25 23 43 17 28 32 24 21 26 37 4 14 29 9 42 15 34 47 41 6 7 46 30 35 33 1 18 31 
43 47 17 37 16 19 44 22 34 41 0 12 28 25 8 49 6 21 45 48 1 35 42 13 33 27 38 18 4 14 40 2 20 36 3 31 30 9 10 15 7 23 32 11 39 5 29 26 24 46 
17 44 43 31 14 29 32 9 46 10 36 0 47 5 26 28 12 15 21 7 45 39 20 30 35 11 27 2 23 1 3 34 22 42 24 33 25 19 16 49 40 18 41 13 8 38 37 48 6 4 
15 37 24 45 48 39 0 1 27 38 32 19 5 7 18 34 11 30 44 3 10 22 41 9 13 4 35 16 6 47 20 33 40 14 49 46 8 42 28 25 36 23 2 31 12 43 29 21 17 26 
12 25 35 47 20 2 1 10 24 29 19 38 8 15 46 21 9 36 6 26 22 33 4 14 48 43 41 11 31 18 42 44 3 37 27 30 39 40 5 45 7 49 0 23 16 32 17 13 34 28 
35 26 24 18 39 13 33 42 23 28 22 19 29 32 31 7 49 6 16 5 15 20 34 45 3 17 36 0 38 8 9 30 37 46 40 12 48 41 27 21 2 14 4 10 1 25 11 43 47 44 
40 30 48 26 39 11 43 14 6 15 36 4 34 46 49 10 38 2 32 12 37 22 17 31 18 27 47 23 41 29 45 8 33 28 35 3 21 25 9 0 20 16 19 44 5 13 7 1 42 24 
25 7 49 28 11 8 16 18 14 9 12 6 46 17 5 44 1 43 34 20 3 21 29 39 23 35 33 42 26 19 27 31 36 41 45 48 32 37 15 24 22 0 2 10 47 38 4 30 13 40 
13 15 6 41 38 47 42 16 36 9 28 40 23 45 3 21 0 37 29 1 44 17 10 25 49 4 32 48 19 31 24 14 26 30 33 2 5 34 20 7 12 35 27 18 39 22 46 8 43 11 
48 27 25 5 41 34 2 10 13 30 14 11 18 4 0 37 43 24 15 44 7 33 19 1 31 35 21 29 20 23 17 8 22 45 12 3 46 6 9 38 42 28 32 47 49 40 36 39 16 26 
38 0 18 36 40 32 42 27 20 26 4 5 46 39 16 45 8 12 17 43 49 31 33 30 47 6 13 28 14 25 1 48 22 35 19 41 7 21 24 2 44 37 10 29 23 3 15 11 34 9 
3 48 21 22 33 36 35 12 44 7 19 40 10 1 30 9 23 6 45 15 43 8 24 41 46 42 47 38 34 16 17 13 11 27 31 20 2 5 18 49 26 25 32 29 14 0 37 28 39 4 
42 1 7 28 37 46 31 23 2 27 38 4 16 3 29 20 35 18 43 25 47 34 12 49 40 36 24 10 0 21 32 13 8 30 41 45 11 5 9 26 14 22 19 39 48 17 15 44 6 33 
16 47 32 29 37 5 39 11 49 24 28 13 22 23 18 26 15 33 4 17 14 42 30 45 43 21 40 6 10 34 1 0 9 8 25 46 36 44 41 35 48 12 3 19 38 27 2 31 7 20 
3 47 9 8 13 45 1 7 39 48 2 26 12 14 0 30 28 23 25 21 38 41 19 33 10 6 29 22 32 20 35 49 5 42 11 31 34 44 17 46 40 15 16 24 36 18 43 4 27 37 
9 32 22 40 34 4 11 5 21 31 25 49 41 38 42 2 19 39 46 48 14 24 6 26 29 10 28 13 16 45 20 8 18 1 27 35 0 15 37 36 3 43 17 47 33 23 7 12 44 30 
33 19 35 34 1 24 30 8 47 37 2 3 42 10 6 17 44 43 7 16 39 36 20 4 27 11 15 29 25 9 14 32 23 18 5 41 12 49 22 21 0 26 40 28 46 13 31 38 48 45 
20 44 10 43 40 48 13 49 17 27 2 29 22 12 45 37 34 5 32 36 42 38 18 31 35 33 6 14 9 16 41 1 30 26 4 7 15 19 21 8 47 46 3 24 0 39 23 28 11 25 
30 0 31 17 8 33 11 20 35 21 9 25 45 26 18 46 38 16 14 2 15 48 3 23 36 44 24 28 32 41 1 29 49 27 47 6 43 7 5 12 37 34 4 39 13 42 40 19 22 10 
6 2 33 23 7 14 36 0 26 10 12 39 42 37 21 38 40 3 28 4 15 20 22 27 1 5 47 24 44 41 31 46 19 32 17 13 34 25 16 43 35 49 8 30 45 18 9 29 11 48 
22 28 17 36 4 18 19 49 24 41 14 7 11 13 48 21 34 47 29 40 23 43 35 37 45 32 3 6 44 2 46 30 27 38 33 16 0 15 8 31 42 10 25 12 39 5 20 26 9 1 
46 25 41 45 8 42 30 37 49 7 16 24 27 31 35 23 0 11 15 10 28 22 5 43 48 19 33 26 32 21 13 9 12 36 20 29 6 34 47 38 44 14 17 40 4 39 1 3 2 18 
45 9 26 15 29 44 23 48 17 18 24 25 20 28 1 0 30 32 16 13 40 7 38 3 41 22 19 42 39 47 5 35 4 43 6 34 10 14 36 11 12 8 31 33 2 27 37 49 21 46 
15 46 16 43 41 29 38 33 27 25 44 12 19 47 40 9 49 37 18 8 3 31 22 11 39 23 20 36 1 34 30 2 5 48 14 6 17 35 4 24 26 32 13 45 10 28 21 7 42 0 
31 15 29 21 39 12 34 49 1 4 7 14 11 10 13 46 5 27 35 25 47 45 42 41 48 30 32 44 38 36 16 6 18 20 23 3 17 9 37 33 19 26 28 2 22 40 0 43 24 8 
22 24 40 21 13 12 0 31 43 18 5 2 6 39 9 8 47 49 16 3 34 38 44 19 11 37 26 25 27 7 36 23 15 1 4 35 29 28 30 46 33 14 48 32 20 10 17 41 42 45 
42 14 41 2 8 31 37 46 4 48 34 22 6 30 0 17 32 3 9 18 1 19 47 43 28 26 15 35 13 27 40 33 45 11 5 24 25 38 10 12 7 29 39 16 36 20 44 21 49 23 
20 23 26 41 37 27 17 21 49 32 47 11 9 33 15 42 12 35 0 40 18 4 29 22 36 16 39 7 10 1 6 30 13 24 48 25 31 45 43 44 28 19 3 5 2 8 38 46 34 14 
29 14 40 7 3 17 19 27 1 33 45 28 44 37 12 16 10 49 8 36 22 26 38 34 23 2 43 41 5 31 13 39 4 6 25 11 0 18 9 32 20 30 24 42 46 48 47 15 35 21 
16 41 10 23 25 43 36 32 13 44 21 30 2 34 38 11 40 28 3 26 14 9 8 42 33 46 48 35 5 22 47 24 49 20 0 7 45 15 4 17 39 37 18 31 1 27 12 29 6 19 
2 28 30 32 3 31 39 36 47 35 44 17 29 24 6 25 4 23 37 21 19 13 12 34 8 20 46 15 7 42 33 18 0 48 43 11 27 10 49 9 45 26 16 41 14 22 5 1 38 40 
0 46 14 19 49 20 42 38 6 32 39 41 31 1 21 7 26 33 30 4 12 45 15 40 11 44 9 16 18 3 10 43 25 48 22 8 28 47 37 17 35 5 27 23 34 29 24 2 36 13 
6 47 14 5 27 23 20 29 42 0 11 38 34 12 18 10 35 40 21 33 37 7 25 44 46 43 13 48 8 16 2 41 9 4 24 39 1 15 3 45 49 28 17 32 19 26 22 36 31 30 
42 24 12 22 34 35 8 3 48 23 49 30 4 26 37 38 27 45 21 28 36 29 14 19 39 13 10 7 0 5 32 2 31 17 40 11 46 1 33 43 9 18 41 20 16 6 15 25 47 44 
14 49 1 18 5 11 29 31 20 24 27 9 36 35 45 46 42 33 28 43 2 17 15 40 0 38 22 48 37 12 26 19 39 34 3 47 21 13 32 23 4 41 7 10 16 6 25 30 8 44 
6 28 11 15 17 26 21 7 8 35 10 32 38 43 9 5 41 29 48 1 16 0 31 49 45 4 12 42 34 33 37 14 44 25 13 24 39 46 27 20 18 19 3 23 22 47 30 40 36 2 
13 44 10 2 4 39 42 26 41 3 22 7 46 43 36 5 25 47 27 30 49 38 33 45 19 15 6 29 8 14 34 20 1 12 28 16 40 48 9 17 37 11 23 35 18 32 31 0 21 24 
22 9 20 19 47 23 48 18 39 14 36 6 40 42 0 11 32 33 31 35 34 26 30 15 13 21 3 28 12 29 43 4 41 1 25 49 38 10 2 17 45 24 37 8 46 7 16 5 27 44 
4 37 43 33 1 13 29 3 48 26 15 40 2 25 9 46 0 30 6 31 16 12 7 19 24 17 38 47 27 39 14 20 44 41 23 28 45 36 11 8 42 21 35 34 5 32 22 49 10 18 
1 35 12 20 24 37 23 3 9 44 0 21 6 39 27 32 22 16 30 42 7 43 25 10 5 26 11 19 13 17 31 34 36 47 28 48 46 29 8 49 18 15 41 14 40 2 4 45 33 38 
32 25 23 20 1 37 42 35 47 33 26 2 49 14 31 15 45 38 48 41 21 44 30 28 29 34 24 39 36 43 11 27 22 13 40 46 10 16 19 8 0 9 12 6 7 18 17 5 3 4 
