84 4 17
16 9 14 12 2 5 13 11 10 6 7 3 1 4 15 0 8 
8 0 15 1 3 7 6 10 11 13 5 14 2 12 4 9 16 
4 11 13 3 2 8 12 14 16 1 7 9 0 15 5 6 10 
11 6 5 15 10 0 9 16 8 4 7 1 12 2 14 3 13 
7 3 1 0 12 14 13 9 16 8 4 10 6 2 5 15 11 
2 4 10 15 5 6 14 1 8 16 9 13 0 3 12 7 11 
10 5 12 3 7 8 9 15 2 4 11 16 6 0 13 14 1 
6 13 1 7 16 15 4 5 2 3 11 9 14 12 8 10 0 
13 14 6 12 0 10 4 8 9 1 11 15 3 16 5 2 7 
0 2 9 3 5 16 11 15 12 1 4 10 13 8 14 6 7 
16 7 8 10 14 11 4 3 5 13 0 15 1 6 9 12 2 
1 8 12 5 6 14 11 2 15 7 13 0 10 16 3 9 4 
4 14 15 9 10 0 13 11 2 7 12 6 8 5 3 1 16 
3 10 16 2 12 9 0 7 1 6 11 14 5 8 13 15 4 
9 1 13 15 14 5 4 7 16 0 3 8 11 2 6 10 12 
15 12 2 11 16 8 0 13 6 4 7 9 3 10 1 5 14 
13 11 5 1 9 6 8 3 2 10 0 14 4 12 7 16 15 
0 14 8 7 5 6 4 2 16 12 11 1 3 10 15 9 13 
1 10 3 4 6 9 7 12 0 2 15 8 13 16 14 11 5 
8 16 2 15 12 14 3 6 4 5 1 0 13 10 11 9 7 
6 11 12 7 4 0 5 16 13 10 14 2 9 15 1 3 8 
3 15 5 2 7 13 14 9 1 10 11 16 4 8 12 6 0 
11 9 12 10 16 15 6 3 14 1 7 13 2 8 0 4 5 
8 13 0 16 5 10 7 12 1 15 11 9 3 4 14 2 6 
4 16 7 13 5 6 8 3 15 12 9 11 1 0 14 10 2 
4 1 2 12 11 14 10 13 3 5 0 6 15 16 7 8 9 
14 6 3 11 8 7 10 15 2 1 9 16 5 0 13 12 4 
9 5 0 7 2 4 14 8 6 13 15 12 10 3 16 1 11 
16 11 14 0 1 4 12 15 8 2 5 3 9 7 10 6 13 
13 12 2 15 9 8 7 5 0 11 4 1 6 16 14 10 3 
5 16 0 3 10 8 9 13 6 4 2 11 1 15 7 14 12 
2 10 8 1 4 7 0 3 14 11 16 13 6 12 5 9 15 
7 1 9 15 11 10 3 12 6 5 4 8 14 13 16 0 2 
3 12 13 4 7 15 6 10 14 2 0 16 5 11 8 9 1 
5 3 0 14 12 1 15 16 6 9 11 13 7 2 10 4 8 
15 4 8 16 10 9 1 6 14 5 11 12 7 3 2 0 13 
11 7 6 14 16 9 2 0 3 15 4 13 1 10 5 12 8 
7 10 1 13 0 8 2 9 5 12 3 14 6 11 16 4 15 
0 6 15 13 16 3 8 12 2 5 14 10 4 7 1 9 11 
12 6 9 14 1 4 3 0 5 10 2 13 8 11 16 7 15 
1 10 2 11 14 7 8 15 4 12 0 9 13 16 5 6 3 
2 9 8 13 3 15 11 0 16 14 10 6 7 12 1 4 5 
4 12 15 3 13 0 11 1 9 8 5 10 7 16 2 14 6 
14 5 9 2 12 16 4 6 7 8 10 0 1 15 11 13 3 
5 13 8 1 11 3 16 7 4 12 2 10 6 14 9 15 0 
10 6 13 16 15 11 0 2 4 14 3 7 9 5 8 12 1 
3 11 4 9 1 2 6 16 13 0 5 7 12 8 15 10 14 
5 1 16 14 10 3 15 12 8 0 7 4 6 13 2 9 11 
15 6 0 2 10 13 1 12 7 16 9 14 5 11 8 4 3 
8 14 7 12 16 11 13 9 2 15 1 6 10 5 4 3 0 
9 0 12 7 13 3 10 4 11 14 15 5 6 16 1 8 2 
2 3 6 8 11 5 9 4 10 12 13 15 1 7 14 0 16 
10 16 1 5 2 13 12 4 9 0 8 3 6 14 7 15 11 
13 6 7 11 12 1 5 0 15 8 14 9 2 3 4 16 10 
9 10 14 15 4 12 8 2 1 7 3 5 16 13 6 11 0 
4 8 6 0 9 11 2 10 16 5 3 7 14 1 15 13 12 
14 2 0 11 1 6 3 13 4 16 10 9 8 15 7 12 5 
0 15 7 9 6 3 16 2 8 1 4 12 13 14 11 5 10 
7 5 11 14 13 4 12 3 10 8 6 1 16 0 15 2 9 
7 12 16 5 3 15 14 11 0 2 8 10 4 9 13 1 6 
4 16 10 7 11 9 1 8 15 3 2 0 5 12 6 13 14 
10 16 6 13 3 1 14 0 5 15 4 11 8 9 12 7 2 
1 0 8 9 13 4 5 12 16 11 15 10 14 6 2 7 3 
15 13 5 9 14 3 7 11 16 1 0 6 12 4 2 10 8 
8 1 16 14 3 2 9 13 7 12 6 4 15 10 11 0 5 
10 11 2 6 12 3 13 5 9 8 16 14 0 1 15 7 4 
11 7 2 10 0 5 12 1 13 15 4 6 3 9 14 8 16 
7 3 6 15 5 0 12 1 4 2 10 14 8 11 13 9 16 
4 14 13 9 6 5 11 8 10 2 16 1 12 0 7 3 15 
1 11 16 12 13 5 15 10 0 14 8 3 2 6 9 4 7 
2 7 9 15 8 4 14 0 11 6 3 1 12 10 16 5 13 
8 3 10 4 13 12 6 2 0 5 9 7 15 16 1 11 14 
2 16 0 7 12 10 9 4 13 15 11 3 6 8 1 14 5 
0 11 7 5 4 1 13 10 8 3 2 16 15 6 12 14 9 
14 5 1 7 6 15 2 3 13 8 16 11 4 9 0 12 10 
15 12 3 6 9 13 1 4 16 14 2 7 11 5 10 8 0 
9 12 0 2 1 8 15 10 14 3 5 6 7 16 11 4 13 
11 8 5 4 9 13 14 3 15 16 7 12 6 0 10 2 1 
13 16 1 6 14 8 12 0 7 15 9 3 11 2 5 4 10 
4 5 7 9 11 8 2 14 16 10 15 6 13 1 3 12 0 
3 4 0 10 2 16 12 11 13 6 5 8 1 14 9 7 15 
9 7 6 1 14 13 11 10 3 5 8 12 15 16 4 0 2 
10 4 14 9 3 16 6 8 7 11 13 0 5 2 1 15 12 
15 2 3 16 4 1 9 14 13 10 7 12 0 6 5 8 11 
