113 4 30
28 29 24 20 26 15 23 10 25 17 16 22 19 18 27 13 8 14 21 12 5 7 11 2 9 1 6 3 4 0 
0 4 3 1 2 11 7 5 12 21 14 8 13 27 18 19 22 16 17 25 10 23 15 26 6 20 24 29 9 28 
9 6 17 18 23 22 15 21 26 5 7 3 13 29 14 0 1 28 4 2 24 20 11 27 12 8 10 16 19 25 
6 9 25 19 16 10 8 12 27 11 24 2 20 4 28 0 14 1 29 13 3 7 26 5 21 15 22 23 18 17 
1 13 3 10 21 15 22 18 4 25 28 11 0 8 9 20 24 29 6 19 12 17 5 26 16 27 2 23 7 14 
14 7 20 2 27 16 5 17 24 8 26 19 29 0 28 6 9 11 23 25 12 18 15 10 22 4 21 3 13 1 
12 23 19 26 18 17 11 28 2 25 21 1 0 27 4 3 6 16 5 9 29 20 22 10 15 14 7 8 24 13 
12 29 8 7 4 22 15 10 13 5 23 24 16 20 3 6 1 9 0 14 25 2 28 27 17 18 21 26 19 11 
24 27 16 21 13 11 1 25 26 17 14 9 3 6 28 4 18 15 7 23 10 19 2 8 22 5 12 29 20 0 
5 2 14 0 22 10 20 7 11 15 29 28 19 18 1 3 23 9 6 26 16 13 21 17 12 25 24 8 4 27 
27 19 8 14 25 3 21 23 0 24 15 17 29 20 9 2 5 1 13 7 10 16 4 12 6 22 11 26 18 28 
4 18 26 13 19 27 20 22 7 12 9 6 1 29 8 2 24 21 28 25 14 10 17 0 23 16 5 3 15 11 
11 16 15 0 26 21 24 22 2 23 12 6 29 8 3 5 19 4 18 10 7 27 28 25 17 1 13 14 9 20 
28 17 10 14 5 12 25 6 13 3 26 8 16 1 20 18 23 29 11 7 22 27 0 4 2 9 19 24 15 21 
5 23 9 4 8 29 15 11 17 21 27 0 20 18 3 25 14 16 12 19 13 28 24 22 26 1 10 2 6 7 
1 16 28 2 24 7 18 12 9 20 3 22 17 13 19 15 0 14 10 27 4 23 26 25 11 21 29 5 8 6 
25 29 6 14 21 11 10 2 19 22 4 17 24 9 23 28 27 8 7 26 13 1 18 15 16 0 3 12 20 5 
7 1 6 26 0 25 15 11 20 27 13 18 24 5 8 4 10 23 14 12 17 3 21 2 28 9 22 19 16 29 
22 3 13 17 2 20 8 28 4 21 26 6 12 11 16 23 10 14 15 9 5 24 25 0 7 19 18 27 1 29 
27 18 10 29 9 1 23 12 0 7 19 5 28 21 16 8 26 3 24 22 11 14 6 20 15 4 2 17 13 25 
8 5 6 28 20 13 21 17 2 15 1 19 3 7 29 25 27 12 9 4 10 24 18 11 16 26 14 0 22 23 
18 24 4 19 0 11 10 13 5 29 25 15 26 16 9 7 17 2 6 22 14 20 3 12 1 8 21 23 27 28 
3 15 23 22 16 25 4 1 27 7 28 14 6 29 11 5 26 19 10 21 12 18 24 20 0 9 13 2 8 17 
22 0 21 14 8 12 9 18 2 26 16 29 1 13 27 15 17 11 24 10 25 19 28 20 7 6 5 23 4 3 
3 19 9 26 23 12 20 14 24 5 21 10 27 4 22 25 2 18 6 13 7 15 0 16 28 8 11 17 29 1 
17 24 15 28 11 6 12 0 7 16 4 27 25 29 23 1 8 2 13 22 21 19 20 9 14 18 5 10 26 3 
13 21 20 16 7 0 23 10 19 29 14 6 26 4 3 11 8 28 27 2 1 17 22 18 5 25 24 12 15 9 
9 29 2 16 25 5 23 11 13 28 22 3 12 0 17 18 27 8 7 20 1 15 6 26 10 24 19 21 14 4 
4 24 2 10 26 28 15 9 3 18 21 1 5 17 8 14 6 27 20 29 22 19 11 0 12 23 7 25 16 13 
20 12 11 15 14 8 26 9 19 1 7 17 22 4 3 25 5 24 16 18 21 28 13 29 23 6 2 0 10 27 
10 0 17 23 13 18 27 6 20 28 24 25 22 3 5 14 19 1 16 15 2 26 9 29 4 8 12 21 7 11 
28 5 19 7 22 27 15 8 18 10 2 14 13 11 21 4 6 9 25 12 29 3 23 1 20 16 17 0 24 26 
8 6 25 22 26 7 2 0 24 1 23 17 9 11 29 16 10 21 18 12 4 5 19 14 20 15 13 27 28 3 
3 19 13 29 5 14 24 27 1 0 18 12 25 28 4 20 11 23 6 21 7 26 22 17 10 8 9 15 2 16 
14 16 27 4 23 3 9 26 28 13 10 7 24 17 0 21 15 20 1 12 8 5 2 11 29 18 25 19 22 6 
20 12 21 25 18 5 17 10 11 1 29 24 27 7 3 2 8 23 26 13 4 19 0 9 15 22 6 28 14 16 
1 29 17 4 19 16 20 21 6 15 13 5 28 18 23 0 12 2 14 22 9 25 24 8 11 3 7 26 27 10 
7 2 25 18 21 3 29 9 26 14 8 28 16 15 4 0 22 27 13 19 23 24 6 5 10 11 20 1 17 12 
11 1 26 8 5 12 20 9 10 0 6 27 22 21 16 28 19 17 13 23 7 29 25 2 15 24 3 14 18 4 
22 6 23 27 4 12 15 16 24 13 19 2 17 10 1 11 18 8 3 7 0 26 20 29 14 9 25 5 28 21 
18 17 7 16 9 11 14 2 6 5 19 3 4 15 21 20 8 10 26 24 1 25 28 27 12 23 22 0 13 29 
21 7 12 28 24 13 22 5 9 26 25 14 11 23 19 20 8 0 4 2 27 3 29 16 15 10 18 17 6 1 
27 14 15 17 22 29 25 12 0 26 3 6 10 28 9 20 18 2 13 4 16 21 7 23 1 19 11 24 5 8 
1 23 10 2 6 20 0 8 15 19 24 21 27 5 13 26 16 4 29 9 18 3 25 17 11 22 28 14 7 12 
11 28 17 9 10 26 24 29 4 1 7 3 13 12 27 14 15 16 22 21 2 5 0 20 6 19 8 25 18 23 
18 0 8 4 26 6 14 3 17 23 25 12 22 27 11 5 1 19 2 28 29 13 24 15 7 20 21 16 9 10 
16 9 19 18 15 20 3 2 24 12 23 6 8 1 14 10 7 29 11 13 22 17 28 5 25 27 0 21 4 26 
13 7 10 8 19 11 23 18 16 25 15 20 0 9 27 21 22 28 26 5 12 1 17 3 4 14 24 6 29 2 
25 13 2 14 12 10 6 5 1 15 4 17 21 16 22 29 26 27 0 8 7 24 28 3 19 23 20 18 11 9 
4 22 11 23 24 14 21 20 18 28 16 3 29 17 0 7 25 8 10 5 6 13 9 2 12 1 15 19 27 26 
3 0 29 9 24 28 19 27 8 5 16 12 21 6 1 11 10 15 23 14 26 25 7 17 18 13 2 20 22 4 
21 12 20 15 28 2 27 19 7 6 4 9 0 17 26 5 23 11 13 14 3 18 10 29 8 24 22 16 1 25 
5 4 1 25 9 24 22 16 8 7 29 17 18 28 26 20 27 2 3 11 23 21 6 0 14 15 13 19 12 10 
6 26 8 14 13 29 18 10 23 3 20 24 19 0 2 11 17 15 12 1 16 28 4 27 9 5 21 7 22 25 
21 27 5 26 2 16 22 25 20 24 15 29 4 1 10 12 14 19 3 13 9 0 11 17 23 7 28 8 6 18 
27 29 3 20 11 13 25 6 22 10 5 18 7 16 12 17 21 8 19 1 14 9 0 28 24 15 23 4 2 26 
19 28 23 8 1 26 9 4 25 15 6 0 2 22 20 7 14 16 12 21 10 18 11 3 13 29 27 5 24 17 
29 17 0 7 19 13 3 26 21 4 15 2 9 28 25 1 10 23 5 11 16 6 24 18 14 22 27 8 12 20 
22 1 10 14 23 11 7 9 24 2 25 27 4 20 19 5 17 12 18 13 29 6 26 21 3 16 28 15 8 0 
12 28 16 14 17 8 18 24 6 5 10 0 21 11 22 15 3 27 9 13 29 4 20 26 19 25 7 1 2 23 
15 5 24 14 2 26 21 13 8 6 16 27 18 9 0 7 1 12 20 23 25 19 28 29 22 17 3 11 4 10 
3 7 27 0 21 10 17 11 28 12 20 22 6 24 23 18 2 4 29 15 25 16 14 26 1 19 8 5 9 13 
12 29 2 18 20 25 13 23 26 4 7 28 8 5 10 9 27 1 11 19 14 24 22 15 0 6 3 17 21 16 
3 22 0 15 25 16 5 19 6 20 26 11 9 17 4 2 13 27 14 23 1 8 10 18 7 28 29 21 24 12 
23 1 5 10 28 3 2 16 25 4 12 21 17 9 19 7 0 24 22 26 8 15 29 13 14 20 27 18 6 11 
26 13 11 29 6 25 15 28 12 3 8 2 18 24 19 22 23 9 21 14 27 16 17 20 10 7 5 4 0 1 
7 17 20 4 0 18 14 29 5 21 27 23 10 15 22 8 12 24 1 13 11 26 25 16 9 2 28 6 3 19 
0 19 7 1 24 6 29 14 9 22 28 18 13 27 17 12 11 8 21 3 16 5 2 26 4 10 25 20 15 23 
12 9 13 16 1 8 23 5 27 4 14 15 29 21 6 24 7 17 19 25 11 0 3 22 28 18 10 2 20 26 
8 19 20 16 2 25 3 10 22 28 11 29 21 14 1 4 12 18 26 6 0 24 17 7 23 27 15 13 9 5 
11 15 13 24 9 26 0 10 4 18 23 1 8 22 2 17 5 25 3 20 7 19 12 28 14 27 6 16 21 29 
6 17 27 2 26 22 19 29 16 24 7 5 11 1 15 23 3 18 28 21 13 25 10 0 9 8 4 20 14 12 
10 21 3 24 23 20 27 8 18 6 14 9 4 28 19 1 25 13 11 22 2 0 15 7 26 29 12 17 5 16 
6 15 26 11 28 21 14 20 5 29 7 1 18 4 16 27 3 22 24 9 2 10 8 23 12 25 17 0 13 19 
29 19 10 8 5 22 26 13 17 7 4 27 0 28 16 20 9 12 25 15 24 23 21 3 18 14 11 1 2 6 
3 5 4 18 15 9 6 12 7 10 25 2 29 13 14 11 23 0 26 21 17 19 1 20 27 28 16 8 22 24 
0 16 14 18 25 2 7 17 13 24 1 4 3 27 20 22 21 6 8 12 26 15 5 11 28 9 10 29 23 19 
2 27 28 21 23 3 13 1 14 20 9 11 15 17 26 18 19 12 0 5 16 6 25 4 24 7 8 29 10 22 
23 25 8 9 21 11 7 6 20 22 19 10 3 16 4 17 29 5 15 26 0 12 2 24 1 27 14 28 13 18 
27 10 25 5 18 28 0 4 23 29 26 6 21 2 24 16 11 19 8 12 13 20 17 3 14 9 15 22 1 7 
15 21 8 24 17 22 23 12 1 19 14 2 0 13 5 25 18 26 4 28 16 10 20 29 7 3 6 9 11 27 
4 13 24 11 12 28 2 29 20 22 9 6 0 1 5 27 3 17 10 19 8 26 21 7 16 18 25 14 15 23 
7 26 1 19 12 23 29 17 18 22 14 25 15 9 8 20 16 11 10 6 13 27 2 28 24 4 3 0 5 21 
10 11 14 8 28 0 1 25 16 19 21 9 6 20 23 5 29 3 13 18 12 7 4 24 27 17 26 22 15 2 
16 22 29 2 6 0 28 27 9 15 1 14 23 20 24 3 7 12 25 5 8 4 10 19 17 21 11 13 26 18 
13 5 8 12 22 11 18 19 24 26 3 7 21 15 27 1 6 2 4 16 20 14 17 23 28 0 25 10 9 29 
25 20 15 17 24 27 6 1 10 5 9 22 21 0 14 12 4 3 16 11 29 18 28 26 8 2 13 7 23 19 
12 10 4 17 7 3 14 19 18 26 2 27 24 5 23 28 16 29 1 25 11 0 22 20 13 8 6 9 21 15 
4 8 16 27 26 18 10 15 7 29 28 9 13 22 19 21 0 3 11 14 25 2 1 17 24 23 12 6 5 20 
11 17 20 13 9 2 23 16 4 0 10 12 6 25 21 15 27 14 19 22 24 7 18 5 26 8 29 1 28 3 
22 6 9 1 13 28 10 7 18 15 4 26 27 17 8 5 20 25 21 24 19 29 2 23 0 16 14 11 3 12 
1 2 11 21 7 8 0 24 29 23 5 15 25 26 4 20 28 13 22 3 12 10 16 6 17 27 18 19 9 14 
25 14 19 27 28 2 12 3 15 11 29 8 17 0 16 7 18 5 24 13 10 23 9 26 6 4 22 1 21 20 
0 18 14 12 20 6 7 8 16 22 9 26 4 25 5 23 1 3 24 15 19 28 2 13 11 29 17 10 21 27 
23 18 17 21 3 1 25 16 13 5 6 24 20 29 12 8 28 19 26 0 22 27 7 10 2 14 4 9 15 11 
26 12 9 0 20 17 10 2 1 28 18 19 29 15 16 8 11 14 5 3 25 22 27 7 21 4 6 13 24 23 
2 11 19 22 23 3 1 29 21 10 27 6 4 14 13 5 28 16 20 8 12 24 15 25 26 7 9 0 18 17 
8 20 5 3 10 15 27 23 0 2 9 26 13 28 17 24 7 6 22 25 11 21 1 18 14 29 19 16 4 12 
7 1 4 22 3 15 16 28 12 23 27 19 20 21 29 25 26 11 8 18 2 24 5 17 9 14 13 10 6 0 
9 10 24 21 8 14 16 2 17 11 15 18 12 19 25 23 6 28 13 4 26 20 27 3 29 5 1 22 7 0 
7 14 6 24 3 25 13 23 1 26 16 21 9 19 15 4 8 0 10 29 27 20 28 5 2 12 22 17 11 18 
16 24 27 29 7 18 21 1 10 0 19 8 4 22 17 2 9 13 12 28 23 6 15 5 14 20 26 25 3 11 
0 12 28 21 25 11 18 26 1 14 19 10 15 22 13 6 2 5 8 7 9 23 27 24 17 3 29 20 4 16 
29 12 25 14 18 15 0 10 20 16 4 3 19 22 26 6 17 24 9 5 7 8 23 13 27 2 21 11 1 28 
5 23 29 14 12 9 8 19 28 4 27 17 6 2 22 18 16 7 20 26 11 1 13 0 21 10 24 15 3 25 
2 19 22 4 20 1 7 25 8 13 5 21 18 16 27 6 3 11 9 14 28 0 12 26 10 17 29 23 15 24 
24 23 3 19 5 6 17 8 7 25 28 15 11 29 22 13 2 0 4 9 16 18 27 1 26 10 21 12 14 20 
6 19 13 26 11 0 15 21 2 23 29 24 7 28 17 14 27 10 22 9 3 4 18 25 16 1 12 8 5 20 
3 10 27 14 26 4 13 11 9 16 2 15 7 29 5 12 1 20 0 23 18 21 19 17 22 28 24 6 8 25 
13 25 26 0 20 28 22 4 17 9 1 12 29 24 7 23 6 18 3 5 8 11 21 15 16 2 27 10 14 19 
17 8 15 10 18 12 21 20 5 2 4 19 9 7 26 29 24 6 1 3 0 27 22 16 25 28 13 23 11 14 
9 25 26 13 5 14 27 29 28 8 1 6 2 23 3 15 19 7 10 22 17 16 12 18 24 21 0 11 4 20 
6 10 29 25 18 20 27 12 28 13 4 26 21 22 24 19 11 23 16 17 14 2 8 15 7 3 5 1 9 0 
