110 4 28
26 25 27 16 22 6 24 4 14 20 18 13 19 2 17 23 0 12 15 9 11 5 8 21 7 3 10 1 
1 10 3 7 21 5 11 9 15 12 0 23 17 2 19 13 18 20 14 4 24 22 8 16 27 25 26 6 
8 19 18 14 23 2 6 12 22 27 7 25 10 11 26 1 5 13 3 9 16 21 15 4 0 24 17 20 
8 17 20 0 4 15 24 21 9 3 13 5 1 6 16 26 2 10 11 25 7 27 22 23 12 14 18 19 
13 11 21 24 20 7 10 12 6 16 23 14 19 3 1 18 26 27 25 8 17 0 22 4 15 2 5 9 
2 9 5 24 15 4 22 25 0 17 18 27 10 7 6 26 20 16 1 3 21 8 19 14 12 23 13 11 
27 23 3 0 22 15 14 19 16 9 26 8 1 11 12 10 20 17 18 7 6 25 24 4 21 13 5 2 
17 16 27 5 25 12 2 14 21 4 11 13 1 26 19 3 23 6 7 8 18 20 10 24 9 15 22 0 
20 26 13 18 22 5 8 9 3 23 1 19 24 21 4 7 17 12 0 25 11 14 10 2 15 6 27 16 
4 12 14 16 6 15 0 25 23 7 13 21 10 8 5 22 20 9 27 2 24 19 18 17 1 3 11 26 
6 11 10 18 4 2 19 21 17 1 22 0 25 24 8 23 26 16 9 3 20 5 27 15 13 14 7 12 
7 1 22 2 8 18 16 13 15 20 26 11 14 0 6 4 12 3 27 17 24 9 19 10 5 23 21 25 
12 10 24 25 9 26 19 15 21 11 3 27 2 14 5 20 17 8 16 6 0 22 13 4 1 18 7 23 
11 5 1 13 17 7 25 15 19 27 9 18 23 0 16 8 3 22 2 21 24 6 10 12 4 14 20 26 
0 14 7 3 24 23 27 4 5 26 9 18 20 10 6 11 2 13 21 15 25 12 1 16 22 17 8 19 
17 19 6 13 26 0 12 1 5 10 4 20 8 14 27 22 21 15 23 3 25 24 7 18 16 11 9 2 
20 21 19 9 8 15 25 2 12 26 7 23 4 16 17 24 18 22 14 1 5 27 11 10 13 6 0 3 
3 10 23 25 24 22 12 8 13 0 1 6 17 14 2 11 21 9 27 16 7 20 15 5 26 18 4 19 
6 5 16 18 9 21 27 7 14 24 8 0 17 11 12 15 26 1 2 13 22 25 23 19 20 4 10 3 
23 15 2 3 20 10 4 27 11 18 8 16 1 19 13 5 26 14 24 25 17 12 7 21 0 9 6 22 
12 18 11 9 20 22 21 13 16 4 2 25 10 3 23 6 0 26 7 5 19 14 15 17 27 24 1 8 
14 22 26 24 16 7 17 5 3 15 21 10 19 20 2 1 9 25 4 0 6 13 11 18 12 8 23 27 
27 25 18 4 15 6 3 1 17 9 22 12 8 5 13 11 24 20 14 23 10 19 7 26 2 0 16 21 
26 0 19 23 7 21 13 2 11 22 27 17 4 10 16 8 18 5 12 6 24 15 9 14 25 3 1 20 
1 21 14 0 16 18 25 19 20 24 3 15 5 22 27 23 12 6 2 8 10 4 9 11 7 13 17 26 
9 6 17 2 24 13 8 3 18 19 15 16 7 10 27 11 4 23 20 12 0 25 14 22 21 1 5 26 
11 1 4 7 26 8 27 2 23 12 15 21 24 6 20 5 3 22 0 25 19 9 16 10 18 17 14 13 
2 20 7 0 25 14 8 10 13 17 9 5 22 12 16 23 26 11 24 4 19 1 18 27 15 3 6 21 
16 4 10 21 12 22 27 19 5 18 0 20 1 17 26 6 11 23 3 15 14 13 2 9 7 8 25 24 
15 13 24 23 9 25 1 11 19 5 3 26 6 14 21 22 18 17 4 10 12 16 8 0 7 27 2 20 
8 27 3 21 7 4 2 19 26 13 22 9 6 25 20 1 14 15 0 18 10 24 23 5 11 17 16 12 
19 24 17 11 0 18 26 25 10 13 22 2 15 7 1 14 20 9 21 27 12 3 23 8 6 5 4 16 
5 10 17 23 9 14 1 16 8 4 20 2 7 22 6 12 18 3 24 26 13 25 15 21 27 11 0 19 
14 6 25 20 26 1 12 2 9 23 27 17 10 0 21 3 18 24 7 19 13 16 5 4 11 22 8 15 
22 5 19 3 20 11 16 13 12 25 15 7 0 4 6 24 8 2 27 21 26 17 23 18 1 9 14 10 
0 21 26 15 3 24 8 14 12 4 11 18 17 6 5 27 7 16 10 9 23 19 1 22 25 13 20 2 
16 23 27 17 8 9 21 1 10 14 25 15 13 18 2 0 6 26 4 5 20 19 22 7 11 24 3 12 
1 10 6 27 12 7 19 24 4 13 3 16 14 20 11 9 5 2 8 23 17 0 25 15 18 26 22 21 
2 15 18 16 5 11 6 22 21 9 23 26 0 13 12 20 1 24 14 7 10 25 8 17 3 27 4 19 
22 4 8 25 7 10 11 14 3 18 9 27 24 0 1 19 12 13 21 17 6 15 26 16 5 23 2 20 
23 18 0 12 5 15 13 8 26 16 17 3 25 20 19 9 2 27 4 10 21 22 7 14 6 11 1 24 
20 17 6 23 7 11 24 21 27 8 22 2 3 14 26 15 13 19 4 25 5 1 12 16 10 18 0 9 
9 4 13 19 27 20 16 24 10 15 26 1 0 12 2 23 5 6 7 18 8 14 21 3 22 17 11 25 
9 14 3 25 11 8 22 5 0 4 21 23 6 2 16 1 12 17 19 15 26 27 24 20 7 13 10 18 
18 7 1 15 12 17 4 25 3 22 21 23 26 0 11 20 16 13 10 27 9 14 19 5 24 8 6 2 
12 22 1 13 26 21 18 8 5 10 24 27 2 20 11 6 19 25 0 14 16 7 23 15 9 4 17 3 
7 16 0 9 20 5 3 18 14 2 19 1 11 10 26 6 4 27 15 17 8 25 21 23 12 13 24 22 
2 24 5 12 27 1 22 23 16 19 11 17 4 21 14 9 15 18 3 25 7 20 13 6 0 10 26 8 
25 8 7 6 10 20 16 5 13 21 4 15 11 3 17 26 0 12 18 2 14 1 22 19 24 23 27 9 
11 6 15 17 14 19 27 26 9 10 24 22 2 3 21 7 12 0 8 18 5 4 20 13 23 1 16 25 
18 24 19 2 3 14 16 13 4 8 6 1 0 20 21 9 23 27 22 25 26 10 12 17 7 15 11 5 
10 26 22 17 11 23 5 20 15 6 27 25 8 12 4 9 7 16 1 0 19 21 2 13 3 24 14 18 
27 21 10 13 3 17 20 2 5 16 8 24 23 0 18 7 25 6 9 15 19 12 11 22 1 4 14 26 
23 13 4 14 0 24 7 19 12 26 11 25 9 17 1 2 22 6 18 20 8 3 5 15 10 16 21 27 
26 14 21 0 1 13 9 27 11 25 24 15 10 4 16 20 22 8 3 19 18 7 2 17 12 23 5 6 
6 19 22 10 15 14 5 7 8 25 23 17 24 13 18 21 4 12 20 3 2 9 26 11 27 0 16 1 
9 18 12 16 11 3 8 10 24 26 19 7 25 27 6 23 2 17 5 1 20 13 4 22 21 15 14 0 
5 0 22 13 2 10 27 6 1 26 3 18 4 9 7 25 12 23 17 14 15 24 21 19 8 16 11 20 
20 3 17 12 15 19 21 1 6 25 11 22 18 7 14 9 16 2 4 27 5 24 0 26 23 8 13 10 
4 8 23 11 24 20 26 18 16 13 14 15 22 6 10 0 17 25 1 27 3 21 9 2 5 12 19 7 
25 4 5 24 21 23 16 2 7 19 26 12 9 10 8 0 27 3 22 15 13 11 14 18 20 1 6 17 
3 1 15 2 9 13 17 16 21 14 23 12 10 22 7 24 26 6 5 0 20 4 11 19 27 25 18 8 
2 15 8 1 0 25 27 11 7 20 22 26 5 24 17 13 19 16 10 9 6 23 14 12 21 18 3 4 
14 12 18 19 23 9 0 21 6 20 4 5 17 10 8 1 16 13 25 11 7 27 26 3 15 24 22 2 
20 24 27 14 13 17 7 22 21 18 11 1 0 23 5 8 10 9 4 26 19 3 16 6 12 2 15 25 
3 8 26 5 18 14 15 11 27 20 12 2 25 19 0 10 23 21 4 6 22 24 1 13 7 17 9 16 
0 26 6 19 16 8 2 25 3 9 22 17 1 4 11 23 14 20 21 18 13 24 7 5 15 12 27 10 
21 4 25 12 14 17 22 3 7 1 24 2 10 5 18 15 16 26 13 23 8 19 27 20 9 0 11 6 
6 0 23 3 25 11 10 16 27 13 19 12 18 1 2 20 15 7 24 26 21 9 8 14 4 22 5 17 
12 24 0 9 7 15 20 6 4 1 18 19 27 23 5 22 25 2 21 11 13 3 8 10 14 16 26 17 
26 13 16 11 21 15 23 1 5 7 4 25 14 17 6 2 9 3 8 27 18 19 0 20 24 12 10 22 
11 13 2 12 5 22 20 8 3 27 14 4 6 16 9 18 17 25 26 21 10 24 1 19 23 0 15 7 
19 4 14 15 10 5 7 1 2 16 13 0 12 24 17 3 27 22 25 8 6 26 11 9 21 20 23 18 
20 1 10 9 8 21 6 26 15 18 22 23 12 19 17 27 14 16 3 0 24 25 11 2 5 7 4 13 
17 3 7 16 18 0 2 21 22 20 25 12 4 27 9 26 8 13 15 24 6 19 10 5 14 23 1 11 
21 13 19 7 5 23 26 20 24 27 15 3 8 6 11 9 10 0 2 17 25 16 18 14 22 1 4 12 
18 25 24 16 1 17 20 10 0 11 4 19 8 14 22 6 5 2 3 7 12 15 23 26 13 9 21 27 
27 6 23 8 5 22 1 24 12 15 0 18 9 11 4 14 3 10 21 26 13 2 7 20 19 17 25 16 
13 18 2 7 14 19 8 1 21 3 17 27 26 16 5 4 10 12 23 11 22 0 15 9 20 25 6 24 
6 11 16 26 17 3 9 5 7 14 20 23 22 10 25 19 18 27 21 15 13 1 8 24 12 4 0 2 
24 4 27 12 17 2 26 1 10 9 25 11 0 5 21 8 18 16 6 14 20 13 15 7 19 3 23 22 
23 15 21 19 18 7 22 26 10 4 2 3 17 9 11 24 12 27 6 13 25 8 1 20 16 14 5 0 
2 4 0 13 9 22 21 15 10 14 11 19 24 25 23 16 20 17 1 5 6 8 12 27 18 26 7 3 
11 26 0 1 12 14 8 9 7 3 15 16 6 13 19 24 22 4 18 27 23 10 17 5 21 25 20 2 
27 4 17 23 0 18 24 8 5 21 1 13 12 7 6 20 16 19 14 25 22 3 9 2 10 11 26 15 
23 10 25 3 18 6 14 15 22 7 20 16 12 17 19 5 24 9 1 11 0 26 13 27 4 2 8 21 
25 5 10 6 21 20 4 19 2 13 0 27 17 14 15 7 9 26 18 16 22 3 8 11 12 24 1 23 
5 24 9 20 25 26 8 13 22 16 23 14 27 7 3 2 12 0 21 10 1 18 11 17 19 4 15 6 
18 11 9 12 8 14 22 17 20 23 15 25 0 27 1 2 16 7 6 19 10 24 13 5 26 21 4 3 
16 7 3 25 0 26 1 19 18 21 6 20 15 5 17 12 27 10 2 23 24 14 8 11 13 4 9 22 
22 7 9 12 5 27 4 8 19 21 13 14 11 2 24 6 16 3 1 10 20 15 17 26 18 0 25 23 
27 23 2 17 26 20 3 14 12 5 19 18 13 9 0 6 24 25 22 15 4 16 11 1 21 8 10 7 
27 1 10 4 17 16 15 24 13 8 18 11 23 26 21 2 22 9 3 6 7 0 5 12 25 20 19 14 
24 11 10 8 14 21 25 12 26 2 4 7 0 9 17 20 23 3 13 6 19 5 18 1 15 27 22 16 
9 17 16 0 18 24 20 1 15 13 14 23 11 7 12 3 8 2 22 4 25 5 21 19 10 26 6 27 
4 10 13 6 22 18 0 3 9 26 5 19 25 8 7 2 11 15 12 14 20 21 1 24 16 23 17 27 
2 4 15 21 6 27 25 11 0 10 22 13 24 12 14 5 18 3 23 16 19 26 8 17 1 7 20 9 
16 8 24 1 19 27 20 23 6 14 9 26 4 21 2 12 25 15 17 11 10 18 5 22 0 3 13 7 
15 3 10 4 23 26 9 17 22 1 27 11 14 0 19 8 2 5 18 7 13 16 25 24 20 21 12 6 
18 19 27 7 22 15 4 13 6 8 12 17 10 26 14 24 25 0 1 21 9 16 3 20 2 5 23 11 
25 23 13 5 15 20 12 24 3 0 16 11 18 19 4 1 6 10 9 21 14 27 7 22 26 2 8 17 
21 15 9 6 22 20 7 11 26 2 23 17 4 10 8 19 25 5 1 0 12 14 18 24 3 16 13 27 
3 23 16 22 14 13 21 24 8 1 19 25 7 4 18 17 27 6 26 11 15 9 0 12 10 5 20 2 
3 5 21 20 10 27 12 7 25 26 24 14 19 16 22 9 11 0 8 15 4 1 23 13 2 18 6 17 
11 1 24 9 18 0 17 2 26 10 25 5 23 12 6 16 27 15 22 3 8 19 20 13 4 21 7 14 
4 8 5 11 19 3 23 7 21 22 17 12 16 2 14 20 13 0 26 27 1 6 24 9 10 18 15 25 
10 7 5 18 27 11 13 20 22 14 15 26 3 1 4 23 6 21 8 19 16 25 2 9 12 0 24 17 
9 13 3 10 6 21 2 0 23 8 20 16 27 14 11 1 26 19 24 15 22 7 5 18 17 12 4 25 
23 24 19 25 17 2 18 20 21 16 14 13 22 27 9 8 10 6 15 1 26 12 3 5 7 0 4 11 
22 25 21 2 13 7 23 18 24 19 27 16 9 20 26 14 17 15 1 12 5 11 6 10 4 8 0 3 
