78 4 15
7 2 9 10 5 11 6 14 4 13 8 0 12 3 1 
1 3 12 0 13 4 14 11 8 6 5 10 9 2 7 
8 4 9 6 11 2 7 12 1 3 10 0 5 13 14 
8 14 13 10 3 5 0 1 12 7 2 6 11 9 4 
6 0 5 4 3 2 14 7 1 13 9 10 12 8 11 
11 0 12 10 9 1 2 8 14 13 4 7 5 3 6 
13 12 11 7 14 3 4 9 2 1 6 5 0 8 10 
1 5 10 6 7 8 9 13 3 4 0 11 12 14 2 
6 10 1 14 2 0 11 9 3 7 8 5 12 4 13 
4 3 10 11 13 5 6 8 1 7 2 14 12 0 9 
2 12 5 3 9 7 4 8 14 0 11 10 6 1 13 
9 14 7 5 12 13 0 6 8 2 1 4 11 10 3 
2 0 8 3 6 11 13 10 4 12 7 5 9 1 14 
4 13 14 2 1 10 8 9 11 12 0 5 7 6 3 
7 14 6 12 5 3 11 8 13 1 9 10 0 4 2 
9 13 3 8 2 5 12 10 4 1 6 14 11 0 7 
1 4 5 0 12 7 11 2 9 13 6 14 3 10 8 
8 7 0 10 3 14 9 4 13 1 11 6 2 12 5 
11 5 3 0 14 2 8 9 1 6 12 13 7 4 10 
10 4 12 0 8 2 6 13 1 3 9 7 14 5 11 
13 9 2 0 7 11 1 4 10 14 6 3 5 12 8 
11 12 6 14 4 9 8 10 5 7 1 3 2 13 0 
3 7 5 10 2 12 13 11 0 1 4 8 14 9 6 
1 6 13 8 12 5 11 2 7 0 14 10 4 3 9 
3 14 6 12 1 2 10 4 7 9 11 0 13 5 8 
13 9 0 5 14 11 8 3 4 7 12 10 6 1 2 
8 1 11 5 4 9 14 6 0 3 10 13 7 2 12 
12 10 14 7 8 13 6 4 0 2 5 9 3 11 1 
9 10 7 1 0 12 3 13 2 6 8 11 14 5 4 
11 4 0 5 1 8 13 9 2 10 12 3 6 14 7 
7 9 2 3 1 14 4 8 12 5 6 13 0 10 11 
11 13 6 10 3 9 12 5 2 4 7 8 0 14 1 
0 4 10 6 12 14 5 9 13 2 11 1 7 8 3 
8 14 11 1 2 7 13 3 5 4 10 6 0 9 12 
3 0 7 12 1 10 5 9 6 8 11 14 4 2 13 
2 5 10 13 14 11 12 3 6 8 9 0 4 7 1 
6 9 4 1 8 13 14 3 7 11 0 12 5 2 10 
14 5 2 6 10 1 8 4 3 12 0 11 7 13 9 
13 7 8 12 4 1 2 0 11 3 6 9 10 5 14 
14 1 0 3 9 11 7 13 12 10 2 4 8 6 5 
2 8 6 5 7 1 11 12 14 10 9 0 13 3 4 
11 12 6 0 8 7 2 3 4 10 13 14 1 9 5 
4 10 7 3 11 9 14 2 0 6 1 8 5 13 12 
13 10 5 14 7 9 12 1 4 6 2 3 11 0 8 
3 8 0 6 2 9 11 14 1 4 5 10 7 12 13 
9 4 12 11 3 5 13 10 1 14 8 2 0 7 6 
2 9 0 13 6 4 5 1 12 7 8 3 10 11 14 
11 1 14 10 13 12 0 9 6 8 7 4 3 5 2 
10 5 0 4 7 8 14 12 3 9 2 1 13 6 11 
10 4 1 6 2 5 9 11 3 12 8 14 13 7 0 
4 7 6 5 0 13 3 14 8 10 11 2 12 9 1 
9 11 8 6 12 13 3 14 0 5 1 7 10 2 4 
2 14 3 13 1 7 0 12 11 5 8 6 4 9 10 
8 9 12 7 14 6 10 13 11 5 2 4 3 1 0 
12 1 8 10 3 4 2 5 0 14 11 13 7 9 6 
11 7 0 9 10 8 5 6 2 13 1 3 4 14 12 
3 1 7 6 13 0 9 4 2 5 12 14 11 8 10 
8 12 14 4 9 0 2 13 3 10 7 1 5 11 6 
5 2 4 9 8 13 7 6 11 10 12 0 1 14 3 
6 11 1 7 10 14 4 2 12 8 5 3 9 13 0 
2 6 14 0 12 13 9 4 10 3 8 1 5 7 11 
9 3 5 1 2 0 10 8 11 6 7 14 13 12 4 
12 0 7 5 6 1 4 11 9 8 3 13 14 10 2 
7 3 13 4 10 8 6 5 12 9 14 0 11 1 2 
13 2 11 14 5 0 10 4 6 9 12 7 3 8 1 
12 10 11 3 9 8 0 4 13 2 5 1 7 14 6 
13 6 10 7 14 1 5 8 9 2 11 3 12 4 0 
4 2 8 1 7 12 14 9 10 11 3 6 13 5 0 
9 5 12 0 3 6 2 7 13 1 14 11 10 4 8 
13 0 1 6 11 5 12 4 14 3 2 7 10 8 9 
10 2 13 3 4 14 5 9 6 7 11 1 8 0 12 
6 5 3 11 8 4 1 13 12 10 2 14 9 0 7 
4 9 14 3 12 8 2 11 7 10 6 0 13 5 1 
0 11 3 12 13 1 9 8 5 6 2 4 14 7 10 
1 4 13 7 0 14 11 8 10 12 6 3 2 5 9 
5 1 6 10 0 9 14 2 8 3 4 13 12 11 7 
2 4 5 11 9 14 8 1 12 7 10 6 13 0 3 
14 4 13 1 6 9 0 12 11 7 10 8 3 2 5 
