95 4 21
20 15 5 6 19 13 14 16 1 12 11 9 4 17 10 18 7 3 0 2 8 
8 2 0 3 7 18 10 17 4 11 12 1 16 14 5 13 19 6 15 20 9 
4 17 18 7 9 6 13 2 19 5 20 8 0 1 15 3 11 10 14 16 12 
12 16 14 10 3 0 8 9 15 1 11 20 19 2 13 6 5 7 18 17 4 
11 1 19 10 7 18 15 4 8 0 13 5 2 9 20 12 17 6 16 14 3 
14 13 6 17 11 20 3 12 5 2 15 0 8 4 18 9 16 7 10 19 1 
19 1 3 16 2 17 6 9 8 14 4 12 7 18 20 15 5 13 10 11 0 
9 0 10 18 12 5 20 7 11 3 13 14 16 4 15 6 1 8 17 2 19 
15 20 7 17 4 10 14 19 2 9 16 3 13 1 8 0 5 18 6 12 11 
8 16 5 11 12 6 18 0 17 15 2 13 3 19 1 7 14 10 9 20 4 
1 13 0 6 5 8 10 16 19 4 3 20 9 2 11 15 18 14 17 7 12 
2 13 4 7 15 12 3 16 20 18 9 19 6 0 14 10 17 11 5 8 1 
11 9 2 5 4 14 12 8 1 3 10 19 17 0 15 7 6 16 20 18 13 
9 17 18 1 14 16 20 0 7 12 19 8 4 2 11 10 6 15 3 5 13 
15 18 3 10 8 19 6 12 4 14 11 20 7 17 1 9 13 5 2 16 0 
11 17 6 16 10 5 13 7 0 12 20 1 14 18 9 19 8 3 15 2 4 
3 4 5 15 0 16 12 13 7 2 1 17 11 9 18 8 20 14 6 19 10 
14 5 2 20 10 6 18 1 15 7 11 0 4 13 3 19 12 8 16 17 9 
19 20 12 8 13 18 10 6 2 9 7 16 17 15 11 1 5 3 4 14 0 
19 11 0 8 14 9 16 6 13 7 15 3 4 5 17 10 18 2 1 12 20 
12 17 4 8 20 0 19 18 5 16 3 9 14 1 10 2 13 11 15 7 6 
10 1 17 15 9 3 7 6 11 2 19 12 13 14 18 0 20 16 5 4 8 
4 6 1 14 18 2 11 10 20 16 3 7 5 9 17 15 8 12 0 19 13 
13 14 8 19 7 0 15 1 20 17 11 16 2 12 10 4 18 5 3 6 9 
6 9 3 16 18 15 17 0 20 1 13 2 10 4 5 19 8 12 7 14 11 
12 7 15 5 0 6 9 10 2 8 14 17 4 13 11 19 3 20 1 18 16 
5 3 20 16 18 8 4 11 19 13 10 0 17 6 14 9 12 2 1 7 15 
2 13 1 14 9 5 18 12 6 19 4 0 17 16 3 11 20 15 7 10 8 
4 17 13 10 12 11 15 16 19 18 14 1 2 6 8 20 3 0 5 7 9 
7 16 11 8 20 3 1 9 6 12 10 0 5 4 2 19 14 18 13 17 15 
7 2 8 3 19 5 15 10 9 1 16 20 14 12 0 11 17 18 6 13 4 
0 20 15 9 11 1 17 4 6 8 7 18 14 5 3 13 19 12 2 10 16 
0 19 10 14 12 13 3 5 17 7 1 4 9 20 8 15 6 18 16 11 2 
18 2 16 11 7 6 20 14 13 4 8 12 1 15 17 19 9 5 0 10 3 
13 18 17 9 15 10 3 8 16 5 14 4 2 7 6 1 0 20 11 19 12 
10 6 20 19 11 4 16 2 0 15 18 12 9 7 5 3 1 8 17 13 14 
3 14 17 0 19 2 5 6 11 1 7 13 16 10 8 12 15 18 9 4 20 
8 1 5 9 13 15 12 20 7 3 19 18 11 2 4 6 17 16 0 10 14 
0 2 14 16 19 17 3 18 15 12 4 6 8 10 13 7 11 9 20 1 5 
4 1 20 3 12 6 7 10 13 0 11 15 17 14 8 2 5 16 9 18 19 
16 5 15 14 10 8 18 2 17 20 13 9 19 11 12 0 4 1 7 3 6 
6 7 12 4 9 5 11 18 10 14 19 15 0 16 13 20 2 8 1 3 17 
19 11 3 13 20 18 5 7 17 12 1 4 2 15 14 10 0 9 16 6 8 
2 0 9 8 4 20 17 10 13 14 5 6 12 3 1 16 18 15 7 19 11 
1 10 18 19 5 16 14 9 6 8 15 17 0 3 11 7 4 20 12 2 13 
7 13 10 17 20 5 1 2 11 19 8 6 4 9 18 14 3 0 16 12 15 
15 12 1 14 16 4 9 2 3 19 5 20 7 11 8 13 0 6 10 18 17 
18 9 1 13 4 11 12 16 17 7 10 6 3 19 8 2 0 5 15 14 20 
20 17 8 11 15 7 13 16 2 14 6 10 0 3 9 12 19 18 1 4 5 
2 18 0 6 15 11 16 19 1 5 9 12 20 14 13 3 8 10 7 17 4 
7 16 1 4 3 13 14 11 15 9 0 19 18 10 6 17 5 12 2 8 20 
6 5 3 17 20 14 9 19 8 10 4 15 1 0 13 2 7 12 18 11 16 
8 17 12 14 18 3 6 5 11 4 0 20 10 7 15 19 16 2 1 9 13 
12 13 11 3 19 9 6 2 4 1 15 18 7 20 8 16 14 5 10 0 17 
8 1 12 2 20 15 5 16 10 13 4 18 0 14 17 6 19 7 9 11 3 
0 4 5 14 7 6 18 3 8 2 12 20 9 17 16 13 15 1 10 11 19 
9 11 15 19 2 17 5 18 10 13 20 1 0 8 16 7 3 6 14 4 12 
10 4 0 8 16 6 11 17 9 19 7 14 13 18 1 20 2 12 3 15 5 
6 12 1 8 7 19 17 3 20 0 13 18 9 16 14 5 10 15 2 4 11 
9 16 10 19 15 20 4 3 12 17 2 14 11 7 8 5 18 6 0 13 1 
15 5 8 11 10 3 1 14 4 13 2 17 16 12 20 7 19 9 6 18 0 
16 18 14 13 3 20 0 10 1 15 7 12 8 6 2 5 4 19 11 9 17 
7 5 17 16 4 19 12 0 10 1 18 15 11 20 13 3 8 9 6 2 14 
20 2 14 1 3 8 11 6 17 18 13 12 4 19 10 9 16 0 5 7 15 
10 13 5 9 6 0 4 2 11 7 15 17 16 8 1 12 3 19 14 18 20 
15 0 18 1 19 7 14 17 20 5 6 2 10 12 8 3 16 11 9 4 13 
5 3 13 19 7 6 18 9 12 11 14 8 16 17 20 1 15 4 2 0 10 
18 4 20 2 5 19 13 17 16 8 1 15 12 9 6 11 3 0 14 7 10 
12 15 0 19 13 8 6 18 4 3 11 2 1 9 10 16 7 17 5 20 14 
2 7 8 14 1 9 4 17 11 15 6 5 20 16 18 10 13 3 12 0 19 
11 3 10 18 16 12 0 2 9 13 20 15 14 17 8 7 19 4 5 1 6 
9 0 3 12 11 20 5 16 6 17 19 1 7 4 15 10 14 2 13 18 8 
13 19 9 14 11 8 2 10 5 7 3 20 0 4 12 16 1 18 6 15 17 
10 17 18 12 3 13 20 6 7 4 1 8 5 14 15 9 0 19 16 11 2 
4 9 6 1 2 0 13 16 12 10 15 14 5 20 17 3 18 11 19 8 7 
1 14 18 7 16 11 2 15 17 0 8 13 5 12 4 10 6 20 9 19 3 
4 12 15 16 10 20 18 6 8 7 9 2 3 13 11 5 14 19 1 0 17 
17 2 19 14 15 16 5 7 11 3 12 13 10 4 0 20 6 9 1 8 18 
14 11 1 8 19 15 6 0 10 12 4 17 9 3 16 5 18 20 13 2 7 
0 19 20 7 18 9 3 2 6 5 15 1 16 10 17 13 14 11 12 8 4 
3 9 8 2 11 18 7 15 13 20 1 12 5 19 17 0 4 14 10 6 16 
6 12 16 17 0 20 11 14 2 18 10 19 4 13 8 5 15 7 1 9 3 
4 5 16 3 8 15 6 7 19 20 14 0 13 11 18 2 17 9 12 10 1 
4 15 8 5 10 11 18 12 13 3 17 0 19 1 9 14 7 16 6 2 20 
14 5 9 13 1 12 7 0 17 10 19 6 16 2 20 11 15 18 4 3 8 
17 1 19 2 20 15 11 3 14 18 5 16 4 9 7 13 6 10 0 12 8 
17 13 7 1 8 3 9 0 6 14 15 11 16 10 20 18 4 19 12 2 5 
12 6 7 16 9 19 14 1 10 5 2 4 0 3 13 8 11 17 18 20 15 
20 10 3 5 7 0 8 12 18 14 1 4 19 11 9 17 6 15 2 13 16 
13 16 7 4 10 2 17 8 18 14 20 19 9 15 0 3 5 11 6 1 12 
17 5 9 13 3 19 2 6 7 16 4 18 15 0 14 1 11 12 10 8 20 
18 20 19 12 14 3 15 16 13 2 11 6 9 8 17 0 10 4 1 5 7 
10 15 6 13 20 19 3 1 11 5 18 0 7 17 12 8 16 9 2 4 14 
16 12 8 4 6 5 10 17 1 19 3 2 11 13 7 9 14 15 20 0 18 
20 9 4 16 13 12 11 7 14 19 15 5 0 17 2 3 8 18 10 1 6 
