91 4 19
18 9 7 11 16 17 15 12 8 1 2 13 4 6 14 3 10 5 0 
0 5 10 3 14 6 2 4 13 1 12 15 17 8 16 11 7 9 18 
1 8 12 16 6 9 3 4 0 14 18 5 7 10 11 13 17 2 15 
15 13 4 2 11 7 17 10 5 0 18 14 9 6 3 16 8 12 1 
2 6 12 10 8 17 7 14 15 18 0 13 1 9 5 11 16 3 4 
14 3 16 5 9 1 17 11 13 18 0 15 2 10 7 4 8 12 6 
7 18 4 13 0 8 15 3 6 11 9 5 10 2 1 12 16 14 17 
17 16 10 12 2 11 18 5 4 1 3 9 6 8 15 7 0 13 14 
11 13 9 14 6 5 8 0 17 1 4 7 16 12 15 2 10 3 18 
3 15 8 18 14 12 10 11 0 16 7 17 6 4 1 2 5 9 13 
4 1 5 6 18 2 15 16 17 3 14 0 11 12 13 8 10 9 7 
1 7 14 9 10 2 16 0 8 13 11 3 12 15 5 6 18 4 17 
17 8 10 5 15 9 4 12 14 3 13 7 18 2 16 1 6 11 0 
6 0 13 16 18 7 12 3 2 9 15 1 8 17 5 10 4 11 14 
12 1 0 4 9 13 18 10 17 6 11 14 15 7 5 8 3 16 2 
11 3 2 5 16 14 7 8 1 4 18 10 6 15 9 17 13 12 0 
13 4 12 16 8 5 14 11 2 15 0 3 17 6 1 18 7 9 10 
2 3 10 17 9 0 4 7 15 11 1 16 6 14 18 13 5 12 8 
7 6 5 17 11 3 12 9 16 10 13 0 8 18 14 4 1 2 15 
15 5 8 16 13 10 9 1 0 6 17 2 18 12 7 3 14 4 11 
14 11 18 6 10 1 12 3 8 2 13 7 4 17 0 16 9 5 15 
0 9 2 15 3 12 18 4 5 8 17 16 13 7 11 1 14 6 10 
15 17 6 7 1 11 14 4 2 9 8 18 0 10 3 12 16 5 13 
10 18 16 14 4 15 2 5 7 12 9 6 1 13 0 3 11 17 8 
8 17 13 3 1 7 5 12 0 11 4 14 10 6 18 16 9 15 2 
17 8 3 2 6 13 14 16 15 4 9 11 12 0 10 1 5 7 18 
0 1 11 12 10 5 7 15 13 2 14 16 18 17 4 3 8 9 6 
9 6 16 5 12 11 7 4 18 0 2 14 17 13 10 1 8 3 15 
14 13 9 4 1 3 15 10 18 8 5 11 17 6 16 7 0 12 2 
2 18 0 14 17 12 3 6 7 11 8 5 15 10 9 1 4 13 16 
18 7 1 3 0 13 16 5 17 6 10 15 4 9 8 14 12 2 11 
4 12 16 10 13 6 9 15 3 2 7 14 8 17 0 5 18 11 1 
11 15 10 16 0 1 8 9 4 17 5 3 18 2 14 7 13 12 6 
5 8 18 2 11 9 3 12 0 1 15 6 14 13 17 10 16 4 7 
9 14 7 12 17 18 5 15 0 2 6 4 16 8 3 1 10 11 13 
4 13 16 10 11 8 1 14 0 7 2 6 3 17 18 15 12 5 9 
6 8 15 11 7 13 2 12 5 10 4 1 3 9 16 18 0 17 14 
1 17 18 9 13 2 8 4 12 11 16 7 5 10 3 14 0 15 6 
4 17 0 14 8 6 2 5 9 10 13 16 18 1 7 11 12 15 3 
5 7 16 15 3 18 10 13 12 6 17 1 14 11 2 8 0 9 4 
10 3 0 11 4 12 7 9 8 6 15 17 14 13 2 18 1 16 5 
12 2 1 15 5 11 13 6 0 3 9 7 18 16 4 10 8 14 17 
13 15 14 17 7 16 9 6 10 3 11 4 5 1 2 0 12 18 8 
8 15 6 11 18 14 3 1 5 4 0 16 12 2 10 7 17 13 9 
9 2 0 10 1 18 8 16 6 13 5 15 11 14 12 17 3 7 4 
16 7 14 8 12 4 17 11 0 15 13 18 5 1 9 3 10 2 6 
4 3 7 2 9 13 10 5 17 8 12 18 15 14 1 0 11 16 6 
13 12 18 11 6 17 10 9 4 0 3 1 2 15 5 7 14 16 8 
0 12 7 9 14 16 3 1 2 4 11 5 17 6 15 8 10 18 13 
6 4 18 7 1 8 10 14 16 11 9 15 17 13 5 2 3 0 12 
0 18 10 5 11 16 2 8 17 6 12 13 4 14 9 3 15 1 7 
3 17 1 10 12 15 18 13 8 9 7 6 4 16 5 0 11 2 14 
5 14 0 9 11 13 15 12 4 16 6 8 10 2 18 7 1 3 17 
2 1 17 14 15 4 7 3 6 0 8 16 12 13 10 11 18 5 9 
14 5 10 18 3 4 11 9 17 8 7 1 2 12 16 0 13 6 15 
16 8 6 17 0 7 9 1 3 15 18 2 11 4 13 10 14 5 12 
3 13 7 11 18 8 15 0 17 16 14 2 9 10 5 1 12 4 6 
15 12 14 1 2 10 13 6 5 16 9 17 4 18 11 8 3 0 7 
11 4 15 16 9 1 7 12 0 5 3 6 13 8 17 14 2 18 10 
17 5 2 13 6 1 18 10 3 9 12 11 14 0 16 8 7 15 4 
10 6 5 2 7 4 14 12 0 1 15 8 3 9 11 18 17 13 16 
3 6 13 2 14 8 18 0 12 1 9 7 10 4 5 15 16 17 11 
17 16 14 18 12 10 15 13 5 8 2 0 11 7 6 3 1 4 9 
9 6 18 14 2 11 3 10 7 13 15 16 17 0 12 1 4 8 5 
8 5 7 1 2 17 4 13 9 16 15 0 11 18 6 12 10 14 3 
3 16 4 11 10 12 17 15 18 14 6 1 7 13 9 0 2 8 5 
15 12 11 8 9 5 10 2 3 4 6 14 16 13 1 18 17 0 7 
0 1 10 16 2 7 9 4 12 18 14 17 11 3 5 13 8 15 6 
0 8 7 10 1 14 6 12 5 13 11 18 17 16 4 3 15 2 9 
0 3 9 6 17 16 14 18 11 15 5 4 1 13 7 12 10 2 8 
12 1 4 7 8 18 6 3 15 16 2 10 11 0 5 14 9 13 17 
2 18 15 10 8 9 0 13 3 14 17 4 5 7 16 6 12 11 1 
2 1 11 16 3 13 15 17 12 7 9 8 4 6 18 14 5 0 10 
4 5 6 0 18 8 12 16 3 1 17 9 10 13 11 15 2 14 7 
13 11 1 17 6 5 10 15 12 18 16 7 9 14 0 8 2 4 3 
13 5 7 15 1 12 9 17 3 11 0 2 8 14 4 10 6 16 18 
0 11 2 15 9 16 7 3 10 6 17 5 8 1 13 14 12 4 18 
4 3 14 16 17 2 13 0 9 5 7 18 1 12 8 11 10 6 15 
8 5 3 9 2 14 18 13 15 4 1 7 6 12 17 10 11 16 0 
10 7 14 5 6 2 18 16 15 11 8 12 9 4 17 13 1 3 0 
3 10 13 9 1 14 8 12 15 0 2 6 11 5 17 4 18 7 16 
12 16 13 15 18 6 0 14 8 9 1 11 10 2 5 4 3 7 17 
4 11 18 9 5 10 0 15 17 8 13 16 2 6 7 3 12 14 1 
10 1 5 0 17 15 4 11 13 16 18 3 7 6 8 14 9 2 12 
8 7 14 2 10 0 12 11 1 16 5 17 13 9 15 6 4 3 18 
0 7 17 13 3 11 2 15 16 4 14 6 12 10 5 8 9 18 1 
13 11 12 10 16 7 5 1 14 4 8 9 6 18 3 17 2 15 0 
9 3 8 6 18 4 16 15 10 12 7 5 2 0 17 14 1 13 11 
14 5 6 11 15 0 12 18 7 8 2 1 16 17 4 3 13 10 9 
10 15 3 4 11 12 14 6 5 18 13 2 9 1 7 16 17 8 0 
17 16 8 12 7 5 18 3 15 4 14 10 0 2 11 9 6 13 1 
