172 4 80
2 1 5 0 7 9 14 4 13 12 18 22 20 27 29 23 32 48 37 44 38 33 39 36 49 35 41 40 43 46 52 60 56 54 68 64 74 67 79 73 76 78 77 69 70 72 71 75 66 62 58 65 57 61 63 59 50 55 42 45 51 53 47 34 28 31 30 25 21 24 26 19 17 16 8 15 10 11 3 6 
62 58 61 57 63 55 51 45 42 50 28 30 31 21 26 19 15 8 3 11 10 16 17 6 24 25 34 47 53 59 65 75 78 79 74 68 60 43 39 33 44 37 48 23 22 12 38 0 1 72 52 35 2 36 5 49 4 70 27 7 54 9 66 64 46 14 76 13 71 73 56 18 32 69 77 20 29 40 67 41 
76 73 77 72 70 65 59 66 71 69 67 47 34 53 15 25 17 16 10 11 3 8 19 56 40 41 29 20 32 18 46 24 26 6 30 31 21 55 50 42 28 45 51 63 58 62 57 64 61 54 49 5 36 52 1 35 38 9 0 12 13 2 22 23 37 44 14 4 39 43 7 60 68 27 74 78 75 79 33 48 
41 56 52 43 24 60 35 36 68 13 64 78 54 33 48 79 75 29 40 74 27 7 14 4 9 5 2 1 6 11 10 3 8 16 17 15 19 28 26 53 47 51 34 45 42 50 61 57 55 65 58 62 69 67 32 20 71 18 66 72 0 59 63 73 70 77 76 39 44 23 22 38 46 37 12 21 25 49 30 31 
66 26 6 69 79 67 75 71 23 74 78 54 64 39 68 37 46 38 25 31 30 49 44 21 28 63 20 32 18 41 65 27 29 13 56 22 12 0 15 72 8 16 34 77 47 73 76 14 2 48 7 9 3 17 53 59 62 70 60 1 43 58 4 5 51 55 11 50 57 40 33 36 35 52 19 24 10 42 61 45 
43 53 46 33 60 36 38 51 44 59 19 35 21 50 70 77 52 49 39 37 12 23 22 0 30 42 24 3 10 45 31 63 55 61 57 62 58 67 40 69 41 76 73 48 56 18 32 20 29 71 11 4 74 79 14 2 1 13 65 6 15 17 8 16 25 26 64 66 75 9 68 7 5 54 28 34 72 47 78 27 
16 20 22 28 55 40 42 48 12 49 25 45 57 66 32 11 5 61 70 34 17 77 76 73 33 27 13 4 14 47 72 9 7 0 75 78 79 64 68 54 74 6 26 35 60 10 15 1 52 24 30 31 21 51 41 67 56 46 29 37 39 38 36 23 19 50 8 59 63 58 69 18 65 53 43 62 3 44 2 71 
54 34 47 3 65 31 23 9 4 7 72 37 39 1 8 71 61 58 2 62 44 18 75 45 24 10 42 50 19 51 60 53 15 26 14 29 73 56 41 33 21 25 30 76 69 67 77 27 13 46 70 66 79 78 74 68 40 52 0 32 49 36 35 55 5 20 48 43 22 12 64 38 16 6 57 11 63 59 28 17 
49 76 32 68 14 30 38 15 64 6 2 52 5 50 11 57 58 62 59 8 22 27 18 17 63 46 78 20 71 67 66 69 19 3 10 35 36 7 48 72 21 33 43 44 60 9 34 54 16 26 13 4 31 23 12 0 25 47 65 45 28 79 61 42 40 55 37 39 56 51 1 53 41 75 29 74 24 77 70 73 
1 40 79 29 0 10 70 74 48 35 27 24 18 11 73 12 28 16 55 21 63 75 59 36 43 17 5 25 71 20 44 62 58 53 2 8 6 69 3 38 52 68 41 15 31 30 39 77 14 32 76 37 49 61 45 33 42 19 78 51 50 47 34 56 60 46 72 54 66 67 64 4 7 22 65 23 26 13 57 9 
74 41 50 53 47 19 63 77 44 67 22 59 65 78 73 13 61 57 38 46 37 1 7 64 56 23 39 26 72 51 4 36 9 28 34 54 66 6 33 17 27 5 24 45 11 43 48 49 55 70 40 29 32 3 15 75 68 16 25 79 14 2 12 31 21 42 30 71 20 69 35 76 0 18 10 58 62 8 60 52 
64 78 58 17 0 13 30 25 12 39 26 60 45 42 69 62 24 51 71 7 9 55 52 46 70 77 2 43 16 8 59 65 72 15 74 28 18 40 29 79 4 76 57 54 56 41 23 38 44 1 10 61 31 3 22 35 11 20 48 67 19 47 27 33 34 50 75 68 49 53 37 63 32 5 6 21 14 36 73 66 
28 33 20 18 9 34 67 51 4 8 68 75 56 31 69 66 36 65 63 37 52 25 21 11 71 35 58 57 6 14 70 73 22 38 64 5 32 24 53 1 74 42 40 23 16 55 29 79 60 45 3 13 7 12 49 44 59 46 10 19 50 47 48 77 78 27 62 43 15 41 39 0 26 54 17 61 30 76 72 2 
7 6 36 46 16 73 35 42 23 43 0 27 61 37 26 19 2 3 62 29 47 10 13 14 31 21 66 72 76 57 54 77 12 5 30 78 60 32 53 63 58 68 24 75 9 17 34 28 22 64 11 20 41 56 52 40 49 44 25 18 50 39 33 15 38 71 70 55 1 65 48 59 8 79 69 67 74 51 4 45 
41 69 11 10 50 14 5 75 55 72 56 76 39 54 15 79 61 45 4 12 49 17 40 48 22 66 65 51 60 44 43 62 2 3 58 37 23 63 78 47 77 59 6 73 74 8 20 18 29 24 28 9 13 64 36 0 21 19 71 67 30 46 27 7 42 16 35 32 52 1 34 33 57 68 31 38 26 25 70 53 
19 17 48 27 8 49 79 15 70 52 21 1 72 45 30 31 38 54 68 59 55 26 33 32 57 77 53 28 43 29 23 73 16 18 67 74 41 39 58 40 10 9 60 71 0 7 65 78 64 47 42 25 69 66 2 36 14 50 37 6 20 11 56 24 75 13 61 4 12 35 46 44 22 5 3 34 63 51 76 62 
2 38 76 24 47 32 21 42 3 35 40 44 74 71 70 51 53 75 8 12 79 4 34 5 13 25 69 67 0 9 33 26 62 58 36 43 29 17 63 66 1 27 22 48 54 56 30 72 19 37 61 39 20 28 50 59 78 11 14 41 31 10 57 55 7 68 46 23 6 16 15 77 45 18 64 73 65 60 49 52 
15 71 78 26 73 18 39 14 37 31 34 59 70 48 45 61 5 27 46 64 13 42 35 22 6 50 7 1 76 47 25 16 63 65 36 68 4 67 52 77 41 33 51 44 60 20 10 17 74 49 57 19 2 62 58 0 12 3 69 38 29 53 21 75 79 8 24 11 28 55 40 23 9 72 32 56 30 54 43 66 
24 10 64 61 32 25 0 65 67 77 44 68 23 6 55 20 60 53 54 43 11 66 56 52 1 7 9 63 57 30 62 4 50 58 76 49 5 75 21 2 47 16 31 29 70 51 72 26 48 38 46 18 69 35 42 17 73 45 8 15 14 74 37 33 41 59 79 34 27 71 78 13 39 19 3 22 28 12 36 40 
79 16 36 66 4 57 45 56 51 60 41 18 33 30 34 3 49 40 28 72 20 22 46 19 8 39 7 78 27 13 23 38 59 62 58 5 53 71 74 75 11 17 67 2 76 52 64 77 12 73 14 21 6 61 37 70 15 54 25 63 47 48 29 26 42 43 32 44 35 24 69 65 68 55 50 31 10 1 0 9 
77 72 57 25 48 31 37 63 52 15 75 9 0 12 76 40 55 23 22 14 28 50 19 74 68 29 13 3 11 66 43 62 65 41 34 32 53 10 35 42 69 54 64 36 27 73 18 26 45 8 46 51 58 4 59 70 2 49 38 39 30 16 67 1 5 61 71 56 79 24 17 33 60 6 21 20 78 47 7 44 
39 33 1 22 47 12 54 50 70 35 9 78 20 3 56 21 2 55 52 60 44 17 16 46 14 71 69 5 11 30 24 38 27 29 26 6 62 58 25 73 75 49 64 23 53 57 0 51 65 10 40 77 31 28 34 7 68 66 61 43 19 79 13 67 4 59 8 36 41 32 45 18 63 37 72 74 76 42 48 15 
26 72 63 44 46 8 49 1 4 43 13 11 65 74 69 60 42 32 21 55 20 31 37 68 7 6 48 78 19 17 67 76 10 34 61 71 28 30 36 59 79 40 73 77 24 12 29 33 52 58 3 51 62 5 16 70 56 27 64 22 39 45 66 18 14 53 35 9 47 25 54 15 23 75 38 57 2 0 50 41 
37 49 66 36 28 51 17 56 67 50 35 42 59 38 9 75 47 2 61 45 53 18 64 73 76 15 41 62 48 7 0 10 58 32 68 39 31 72 29 20 23 3 79 16 55 27 24 69 78 5 74 65 1 30 70 44 6 63 54 40 12 57 19 26 33 4 43 77 52 13 46 11 60 8 25 71 21 34 22 14 
60 7 54 69 22 23 52 53 6 25 13 34 5 18 32 10 2 79 19 65 41 59 14 28 40 31 30 70 36 0 57 1 33 15 44 42 71 21 24 47 78 76 64 61 45 39 37 9 66 72 16 8 43 38 62 68 3 50 35 73 29 58 17 49 46 51 48 12 11 74 77 63 55 75 20 26 56 27 4 67 
4 65 3 30 43 67 19 73 74 14 55 46 75 38 8 11 41 16 63 68 27 45 26 24 0 29 22 70 71 50 58 54 52 34 62 9 23 12 48 35 66 33 44 15 76 40 21 57 7 6 56 20 77 72 37 2 39 17 51 36 78 10 1 79 28 69 25 42 60 47 18 64 5 53 31 59 32 61 13 49 
12 57 21 20 15 61 77 27 59 74 8 51 64 62 79 13 2 47 56 58 50 10 71 32 29 37 40 49 60 68 33 45 34 1 54 65 26 46 19 55 17 63 76 41 4 9 7 35 25 14 73 11 53 38 22 42 31 44 18 52 16 43 30 70 36 28 72 75 0 3 78 66 6 69 23 39 5 24 67 48 
27 30 71 40 6 9 51 31 56 11 67 3 33 68 13 77 61 78 48 24 42 43 63 72 18 0 5 45 59 41 21 38 14 66 36 69 2 49 12 25 1 4 39 26 73 34 50 15 44 47 53 16 32 23 52 22 28 54 79 46 8 75 57 60 58 29 62 7 64 37 10 17 19 20 70 76 74 65 55 35 
73 23 75 17 44 5 10 70 79 42 46 35 39 34 32 18 53 57 62 29 52 43 19 69 25 47 15 28 7 48 38 49 24 60 22 6 4 66 56 55 11 26 78 20 63 12 41 74 37 58 2 72 45 67 27 51 68 9 61 77 1 71 40 3 36 8 59 0 13 21 31 65 76 50 14 64 33 16 30 54 
28 24 20 14 39 54 36 8 55 53 3 72 76 0 35 16 1 65 64 78 33 48 22 58 31 46 32 41 29 37 47 21 67 62 26 4 2 59 15 63 34 30 13 66 75 74 18 60 79 49 25 77 73 50 45 6 61 56 11 10 71 43 12 9 19 57 40 5 27 23 38 69 70 51 68 52 44 17 42 7 
41 21 78 66 0 68 8 44 9 12 76 45 19 50 63 25 64 38 48 75 47 18 51 42 61 77 5 57 40 24 30 54 16 36 6 69 35 70 10 14 7 67 71 27 3 65 28 49 17 11 37 60 79 74 39 52 15 32 31 59 13 23 4 72 20 33 22 62 29 58 73 43 2 53 56 1 55 34 46 26 
11 17 74 4 23 31 77 59 79 51 26 60 16 69 76 7 58 50 27 32 35 48 29 61 1 56 64 34 62 8 2 57 20 12 39 6 44 75 66 3 67 41 38 0 43 25 46 54 22 52 15 45 55 13 24 78 70 42 21 53 33 5 73 49 72 18 36 30 9 65 68 10 37 47 40 28 14 63 19 71 
37 47 38 7 17 71 36 13 69 74 45 43 15 57 55 52 4 20 42 70 65 14 5 40 68 63 49 39 30 56 0 28 10 75 73 53 50 2 23 54 25 21 62 33 59 72 9 34 77 67 6 27 64 29 22 8 31 44 58 35 51 11 76 41 26 12 24 60 16 32 48 3 19 61 79 18 46 78 66 1 
25 18 73 1 66 49 46 67 33 6 26 40 70 19 2 58 29 5 50 59 12 68 31 65 78 54 43 72 56 53 51 62 3 76 27 42 9 7 71 22 28 55 74 24 60 39 17 63 37 57 35 30 61 79 32 10 75 14 16 21 4 48 0 44 13 38 45 34 47 41 64 8 52 36 11 20 77 23 69 15 
48 22 40 63 30 15 16 72 53 64 14 10 52 56 37 77 61 34 71 20 69 79 78 70 7 42 26 41 55 38 11 19 60 43 35 33 66 18 9 8 76 62 44 23 29 17 36 5 68 21 75 4 65 46 1 13 32 0 67 24 39 51 58 31 27 28 73 6 2 74 49 57 47 50 25 54 3 12 45 59 
6 67 65 35 60 47 33 24 39 32 27 76 5 23 73 28 15 45 54 12 11 13 8 57 19 0 31 49 52 69 46 75 44 30 3 1 20 18 4 79 42 61 77 25 64 17 59 55 50 2 66 70 58 36 26 34 48 29 62 16 14 51 71 40 9 63 74 10 37 78 22 53 68 72 41 56 7 43 38 21 
45 34 10 58 29 62 13 16 68 38 21 46 78 44 1 74 79 66 72 14 3 52 51 2 25 73 23 33 36 20 61 67 4 11 35 64 28 30 9 65 49 15 69 24 41 48 17 76 59 37 43 63 31 53 55 7 22 54 32 47 50 8 39 40 0 60 57 71 70 27 18 5 56 26 19 42 77 12 6 75 
42 32 56 16 39 71 50 9 64 74 70 21 22 59 4 75 76 19 43 6 36 18 60 72 26 77 52 30 55 3 12 7 47 1 37 79 0 48 49 8 11 41 53 13 54 24 28 31 14 38 51 25 17 27 63 46 66 23 44 68 40 65 5 61 69 34 78 2 45 10 73 57 62 29 58 35 33 15 67 20 
59 53 54 20 57 12 68 24 19 41 2 58 28 62 37 43 29 0 77 6 75 5 70 26 67 49 4 47 33 64 61 78 22 34 79 69 15 21 23 3 35 65 36 71 51 46 38 72 14 10 18 52 50 56 74 16 42 76 45 66 44 31 32 27 60 8 11 7 39 40 48 9 30 55 25 73 1 17 63 13 
0 18 43 25 78 61 53 40 75 1 7 38 45 56 34 59 30 57 60 44 32 31 13 8 73 27 35 14 23 28 55 77 10 22 69 63 17 46 51 9 47 65 12 3 19 26 6 20 16 21 71 15 54 36 67 5 29 66 72 48 33 62 50 49 58 42 76 39 68 2 11 70 64 24 41 74 4 37 52 79 
9 49 10 5 52 63 51 44 17 27 41 37 11 2 74 58 72 66 62 36 14 48 25 24 26 29 47 42 19 65 79 7 12 22 33 70 13 31 6 71 67 8 77 30 23 46 53 18 20 73 34 45 75 4 54 60 55 16 69 21 50 59 38 64 56 0 28 61 3 68 57 1 39 15 32 76 43 35 78 40 
69 46 4 17 66 54 55 77 61 64 73 36 21 40 63 33 39 18 41 35 50 13 31 15 79 71 11 47 3 76 2 27 28 23 38 68 19 1 60 43 6 70 22 25 34 9 20 56 37 57 42 45 52 30 12 32 67 74 53 10 78 48 16 44 24 26 7 29 62 59 58 5 51 75 14 8 65 72 49 0 
34 26 63 5 8 48 28 76 3 60 39 24 42 56 74 62 57 73 58 78 67 65 70 29 31 50 14 43 49 2 20 1 7 68 23 40 32 15 66 0 59 36 52 11 17 21 38 18 46 47 13 22 41 69 79 10 35 61 54 51 77 75 4 16 71 30 53 37 19 44 9 64 45 72 25 6 33 55 12 27 
26 69 64 14 19 53 9 42 44 32 23 68 33 49 16 71 54 20 10 1 8 45 15 51 75 12 35 59 72 13 78 0 7 6 11 56 40 48 70 50 37 29 25 52 57 58 39 27 76 67 73 36 34 30 4 47 21 62 2 63 74 5 55 18 66 3 17 46 43 61 79 60 31 28 65 24 41 38 22 77 
13 45 27 38 41 37 16 55 22 31 79 75 62 9 58 73 24 30 65 5 25 1 78 29 57 60 18 77 61 2 52 6 11 76 39 0 35 8 32 53 21 72 4 59 67 7 68 66 12 42 56 20 71 19 54 48 51 10 23 14 26 43 63 3 74 36 15 17 40 70 64 49 28 46 34 50 69 44 47 33 
21 30 76 34 28 31 52 12 55 27 36 4 67 70 35 37 72 44 10 7 51 78 43 50 15 24 6 11 40 71 33 54 46 41 32 61 0 65 69 38 59 53 17 75 14 49 19 26 74 20 47 57 48 63 5 1 3 9 60 8 45 18 22 64 25 2 39 56 77 79 68 29 62 16 58 73 13 23 42 66 
71 60 3 29 65 22 77 15 62 75 58 36 68 40 33 32 47 25 43 12 2 39 7 66 18 41 16 74 42 63 64 46 67 48 28 17 23 19 8 11 49 14 10 51 5 57 1 27 9 78 55 24 38 73 54 72 76 45 69 13 34 21 44 56 6 59 53 35 31 79 37 61 4 26 70 30 52 0 50 20 
33 52 8 56 61 51 48 46 20 25 45 10 53 43 23 3 27 79 47 50 31 0 14 6 73 39 24 5 17 37 44 7 64 74 69 40 41 72 12 16 35 30 76 9 66 59 28 34 77 4 49 42 21 1 65 68 18 70 71 67 75 13 26 19 55 11 38 62 22 58 29 2 60 63 36 78 57 32 54 15 
65 38 34 18 0 79 50 72 21 6 2 62 58 49 70 29 11 77 28 55 44 30 56 54 42 68 78 64 15 45 27 13 5 60 19 37 10 3 4 41 69 73 63 57 46 20 40 48 8 51 26 12 66 32 22 75 31 53 47 33 1 35 74 17 7 52 24 23 43 39 76 16 71 61 36 14 59 25 67 9 
40 46 60 45 72 5 36 75 68 20 55 9 23 47 67 26 57 71 59 16 79 30 15 44 35 22 70 1 34 17 63 56 61 49 50 69 54 0 14 32 74 43 24 12 33 73 53 25 42 13 37 38 66 8 11 2 51 65 64 78 4 77 29 28 39 18 62 58 48 52 21 76 3 27 19 7 6 10 41 31 
41 48 39 13 6 71 59 19 4 35 14 32 74 24 17 7 3 51 21 57 73 66 61 62 56 9 22 50 58 69 33 38 52 63 68 78 8 60 31 30 10 29 28 26 79 44 70 53 40 76 2 65 55 11 49 45 34 5 0 37 15 67 25 64 16 75 46 18 42 54 27 43 36 23 1 77 12 47 20 72 
54 66 7 59 1 25 74 76 42 15 11 22 2 49 29 8 44 61 39 67 33 55 63 37 69 16 62 12 40 52 0 31 26 36 64 58 53 24 9 20 27 35 45 77 60 38 50 34 28 19 3 57 23 47 71 43 4 72 73 6 13 41 79 21 14 75 18 10 51 48 46 65 78 68 17 5 32 30 70 56 
70 41 67 17 57 78 4 16 12 1 32 53 50 18 15 30 79 5 47 51 43 21 10 20 23 36 42 73 31 25 48 3 52 58 62 54 22 68 19 13 76 46 26 64 77 75 0 55 39 56 65 8 33 34 40 71 72 9 44 49 63 29 61 60 6 14 7 59 27 37 2 11 45 28 24 38 35 74 66 69 
51 32 1 20 28 63 72 38 23 77 65 74 10 35 70 26 64 66 14 24 25 31 3 5 45 71 19 79 61 47 46 2 78 13 27 76 55 59 75 42 52 18 41 43 33 56 40 37 15 21 69 17 60 7 54 49 29 6 68 57 58 62 48 44 16 11 50 9 36 0 53 22 4 67 30 12 73 39 34 8 
12 64 30 68 69 73 47 27 50 4 24 59 53 45 48 36 11 6 66 29 34 60 42 76 46 37 38 14 78 65 70 56 0 9 61 55 58 23 79 8 43 19 71 77 16 22 25 49 31 75 32 67 33 72 41 62 20 17 28 52 2 13 40 3 74 51 15 35 5 26 39 1 44 10 54 7 18 21 57 63 
27 52 13 61 49 37 28 39 44 34 10 22 18 68 26 21 16 3 77 8 48 11 30 57 9 2 25 74 56 35 75 59 0 46 33 47 54 32 5 63 43 36 7 15 70 40 78 41 4 65 29 62 45 76 50 69 58 24 72 51 6 20 55 19 17 73 1 42 79 71 23 31 38 64 67 66 53 60 14 12 
54 19 14 67 43 62 58 56 6 34 57 44 28 35 76 23 29 59 60 45 71 9 39 79 5 48 77 64 21 38 41 53 17 63 13 40 18 36 12 55 1 70 16 66 2 26 7 27 20 11 33 31 3 10 30 4 50 24 74 52 73 78 72 42 51 68 25 37 69 15 75 8 49 22 61 32 65 47 46 0 
26 7 40 17 75 21 65 73 0 22 37 51 20 44 8 52 15 31 60 50 54 71 18 66 78 24 79 74 72 3 10 38 34 4 12 57 16 27 23 63 49 67 69 6 56 55 13 25 45 43 64 36 53 19 70 1 32 9 39 30 41 11 76 35 68 2 14 29 61 62 42 47 58 28 33 77 5 46 59 48 
31 33 53 42 46 2 29 64 62 58 14 69 57 61 3 11 70 6 54 74 18 12 72 8 75 50 73 77 38 13 30 71 39 17 65 1 24 36 22 48 27 7 47 20 15 5 44 43 10 28 66 21 0 52 35 45 79 63 26 67 32 41 78 34 59 25 23 19 37 56 16 68 40 4 9 60 49 55 76 51 
73 48 55 69 51 24 7 47 2 63 77 62 31 9 40 21 1 4 19 18 64 16 0 39 67 76 57 59 45 25 78 17 37 54 49 75 5 28 43 74 20 33 65 46 14 32 36 53 44 56 34 61 52 66 26 8 71 12 60 68 42 23 30 41 6 27 72 11 58 50 79 35 22 15 29 10 70 3 13 38 
55 13 23 63 0 56 78 49 19 42 47 60 25 66 4 10 15 3 35 11 28 72 52 36 29 1 5 79 77 38 59 71 27 39 9 51 50 67 58 32 20 46 70 12 30 6 65 8 62 69 16 41 68 43 7 37 44 45 18 33 22 14 61 76 2 24 57 34 54 75 26 74 53 31 17 48 64 21 40 73 
49 50 16 6 43 41 70 8 9 66 46 10 68 32 38 60 37 76 13 22 15 53 65 4 21 61 12 34 35 74 39 24 29 26 59 73 27 1 17 40 48 72 18 69 64 23 33 54 28 58 14 63 75 67 20 77 47 45 30 44 31 36 51 55 42 57 5 7 62 25 78 79 2 56 11 3 71 52 19 0 
44 57 7 75 76 79 3 11 2 25 68 26 20 61 51 30 55 36 37 46 14 64 48 67 72 21 58 39 1 0 32 70 19 9 40 69 23 56 47 41 22 52 73 27 42 13 60 53 59 17 5 78 38 18 31 15 62 34 29 24 35 8 10 12 50 77 28 74 71 45 6 43 4 54 49 66 33 16 63 65 
76 49 71 31 8 77 52 14 5 74 35 24 29 18 63 62 54 56 23 72 38 0 16 33 51 4 19 15 78 68 55 22 7 42 65 34 47 20 70 61 30 17 1 6 12 40 9 46 73 48 41 45 79 32 36 10 58 2 39 25 11 3 57 60 44 50 21 75 43 28 13 37 27 59 53 26 67 64 69 66 
32 78 22 43 75 50 28 40 45 58 33 62 79 26 4 54 69 52 77 67 42 0 29 53 37 2 59 17 24 60 11 41 9 71 46 73 25 63 47 35 68 49 27 3 55 31 76 7 19 10 66 64 8 30 13 44 1 15 56 14 48 12 70 65 38 72 36 61 21 5 57 16 51 74 18 23 20 39 6 34 
17 59 41 27 42 44 23 15 34 30 72 36 64 12 56 68 65 35 66 5 53 52 74 67 39 3 25 20 45 32 60 63 21 14 48 43 6 57 75 61 54 46 71 51 26 16 4 18 40 38 31 24 37 28 10 73 77 11 2 76 0 13 7 8 33 22 50 1 19 55 79 29 58 62 69 47 9 49 78 70 
43 18 79 61 5 11 13 29 53 58 50 45 12 71 33 23 36 55 78 38 21 31 8 66 74 70 57 37 47 32 15 76 48 9 28 6 69 7 1 75 16 56 46 60 34 19 51 49 63 73 14 64 26 4 54 41 67 0 68 10 62 2 24 30 52 3 35 22 27 59 72 65 77 25 39 44 42 40 17 20 
59 40 70 19 67 39 20 25 1 10 74 35 8 11 49 72 3 24 2 34 75 65 16 6 69 15 13 68 9 66 23 77 64 53 62 73 27 79 17 28 78 38 22 0 48 50 57 51 21 41 14 7 12 60 71 42 46 47 36 55 61 76 30 44 63 58 29 4 52 26 33 31 43 54 18 5 56 32 37 45 
73 60 56 25 26 30 52 38 19 33 66 16 47 0 79 65 31 40 48 64 36 76 63 69 12 54 13 21 17 3 24 58 62 34 10 37 43 74 45 68 20 32 67 39 50 61 22 49 42 6 7 27 18 51 55 70 72 44 4 59 71 29 23 5 78 15 77 75 2 11 57 35 14 46 41 28 53 1 8 9 
67 46 28 6 10 14 30 51 21 2 66 7 57 29 42 55 77 22 45 27 18 48 65 1 53 35 68 71 69 12 50 40 9 26 8 39 4 61 74 41 19 20 5 64 34 15 49 43 37 25 78 0 44 23 70 63 38 13 58 17 59 62 32 24 11 3 60 56 79 72 31 52 47 36 73 75 16 76 54 33 
9 43 17 32 70 20 16 36 5 31 11 3 44 18 54 24 47 62 38 34 14 60 58 1 40 37 27 63 41 39 61 57 59 66 65 15 55 64 10 67 46 51 33 52 19 75 28 12 56 50 69 78 13 8 42 29 2 25 30 4 79 0 49 6 26 74 48 76 35 73 72 23 68 7 21 53 71 45 77 22 
7 47 69 63 44 73 33 68 41 35 55 77 74 72 3 2 29 30 10 58 18 60 22 37 0 53 54 16 17 51 13 56 76 67 8 42 49 43 26 59 79 52 4 75 32 28 57 70 21 48 14 12 6 45 15 66 38 46 64 25 78 9 23 71 50 61 34 62 19 24 1 31 5 11 40 20 27 39 65 36 
36 6 25 4 27 71 21 39 79 52 46 75 15 42 45 78 1 63 20 22 57 76 11 7 72 31 28 24 62 19 49 50 23 40 26 53 65 48 32 51 33 16 56 18 66 70 44 35 8 73 13 37 54 43 5 47 12 64 67 59 17 58 77 29 34 30 2 38 3 74 61 10 41 55 60 0 68 69 9 14 
38 29 62 5 37 43 48 30 51 71 13 77 3 35 64 28 34 44 54 31 23 20 73 17 32 26 12 49 9 42 78 76 33 53 19 50 11 21 79 57 39 45 36 72 8 40 65 55 22 61 59 25 24 68 66 46 6 7 0 75 69 15 27 16 52 60 56 74 58 2 63 10 41 18 14 47 67 1 70 4 
19 56 12 61 14 18 0 24 2 58 22 72 73 26 76 74 44 10 38 50 1 60 46 41 28 39 15 5 66 75 20 4 16 9 77 53 35 52 30 69 47 36 40 11 68 25 21 6 8 55 33 59 45 62 32 57 70 65 13 29 3 31 23 78 63 7 27 34 71 64 51 48 49 37 42 54 79 67 17 43 
71 75 60 4 64 57 23 65 53 72 27 8 42 0 41 67 1 10 3 31 47 2 70 38 36 17 49 33 26 78 11 63 62 16 61 59 7 9 39 69 6 40 55 14 45 54 22 28 21 48 79 52 77 73 34 76 74 46 12 37 56 68 15 18 51 5 13 43 66 35 19 20 58 29 24 44 25 30 50 32 
78 55 32 51 6 49 46 74 25 9 35 34 58 62 29 2 37 40 56 54 65 15 21 13 69 43 47 50 48 11 67 30 52 61 14 75 70 36 16 60 79 18 59 7 77 20 57 23 66 24 39 68 72 76 5 3 19 8 45 33 31 26 4 53 44 1 38 28 10 12 22 42 17 27 41 64 63 0 71 73 
12 26 56 45 63 8 59 1 68 42 36 27 66 79 10 18 54 44 14 34 47 17 75 77 22 31 24 58 70 33 39 41 64 19 32 49 5 43 76 73 65 23 50 9 7 71 46 78 0 3 21 48 30 55 53 25 4 67 20 69 35 51 57 72 15 52 74 28 61 11 62 13 29 2 6 38 60 40 37 16 
22 68 16 15 41 28 0 7 37 11 23 3 24 20 13 50 70 52 2 33 73 43 61 12 51 1 74 32 44 14 79 34 19 49 45 71 17 69 77 5 48 67 55 54 6 39 4 65 10 31 63 30 72 35 29 60 56 27 64 62 25 8 58 36 75 47 40 53 78 66 38 42 59 57 18 46 21 9 26 76 
75 65 5 45 21 13 63 40 61 52 9 64 38 3 29 53 28 4 72 76 46 78 57 49 6 16 70 42 50 27 31 47 25 44 10 56 20 67 66 41 60 71 74 73 24 39 22 58 14 19 43 54 34 0 62 69 18 2 11 51 12 32 15 55 7 33 36 17 68 77 23 26 79 59 8 1 48 37 35 30 
66 59 54 69 48 78 37 30 23 35 62 58 4 27 76 25 60 8 51 50 5 73 33 41 77 26 70 38 10 28 6 72 20 0 61 68 18 42 36 74 40 9 43 52 56 12 17 67 34 19 7 47 13 64 16 53 63 1 46 15 57 14 31 21 79 29 39 2 22 45 55 24 3 11 44 49 65 75 32 71 
32 0 39 61 21 17 11 2 34 22 19 67 71 3 64 31 29 79 5 15 42 35 66 56 4 51 14 37 16 68 65 57 55 36 33 25 76 30 59 38 47 26 77 72 54 44 73 49 43 40 41 27 10 62 70 1 8 23 48 74 75 53 58 24 45 13 7 52 6 20 63 60 78 69 46 12 50 28 9 18 
77 55 12 46 53 7 29 52 24 58 59 50 15 14 30 49 67 63 13 18 20 79 9 60 75 34 17 48 44 71 76 78 32 45 27 21 40 68 28 65 25 47 39 54 37 1 42 73 22 38 41 74 26 33 5 6 36 35 62 2 72 64 23 3 70 11 8 16 31 4 69 0 57 19 10 51 61 43 66 56 
40 48 47 26 57 37 19 72 18 36 45 8 60 2 62 6 74 50 61 20 78 35 53 41 63 52 23 27 69 65 25 30 46 12 17 33 66 32 55 11 67 4 49 44 71 9 1 76 77 56 0 28 79 75 14 43 39 51 16 10 21 38 54 24 3 64 31 58 42 29 34 70 5 59 15 22 13 7 68 73 
77 14 73 43 70 8 1 25 57 64 51 58 16 4 79 44 47 24 37 54 22 68 3 7 28 11 62 63 15 46 66 27 59 71 21 53 10 39 5 36 60 45 31 29 9 2 32 35 67 23 6 18 13 42 0 69 40 72 74 56 38 78 33 52 26 75 20 30 55 61 17 50 19 76 48 49 41 34 65 12 
48 15 9 55 65 20 42 69 29 59 2 34 10 74 76 7 33 56 26 31 28 17 78 38 71 13 0 41 75 6 67 8 19 5 12 44 54 18 46 51 22 66 43 45 39 73 14 52 61 47 57 60 11 21 70 40 53 27 1 16 30 72 49 68 32 79 4 3 24 62 58 25 77 63 50 35 23 37 36 64 
56 33 21 23 62 24 11 32 35 39 41 69 7 72 10 43 65 22 27 16 46 49 38 76 42 63 57 25 78 67 36 4 75 64 30 13 34 8 74 0 12 18 37 31 60 9 50 70 1 40 48 45 71 5 3 58 26 68 14 55 17 66 59 53 29 2 20 6 77 44 79 54 61 47 51 15 19 52 28 73 
78 70 9 53 74 68 71 31 6 58 27 52 35 22 3 10 49 55 61 76 64 66 51 79 36 0 57 73 17 20 4 75 13 19 77 54 23 45 44 18 16 30 62 29 69 59 26 37 2 63 34 40 65 47 24 48 11 42 1 21 67 25 39 33 14 32 50 28 46 12 60 7 8 38 15 41 72 56 5 43 
44 59 28 4 47 12 40 38 66 50 30 5 16 1 29 23 75 2 49 19 13 7 68 24 8 32 21 57 52 77 14 51 46 36 11 41 15 73 17 64 43 72 26 42 37 35 79 18 34 56 63 58 62 61 0 3 6 65 55 31 48 9 53 70 60 22 33 74 78 25 20 67 45 69 10 27 54 39 76 71 
17 34 67 52 69 6 72 5 1 39 58 13 76 68 63 61 62 53 70 38 41 32 54 60 45 0 64 75 79 43 55 8 26 14 25 30 19 50 36 77 20 35 15 7 73 51 28 74 27 56 22 65 37 49 71 29 2 31 59 46 48 11 42 3 24 12 57 9 78 33 47 18 23 44 10 21 4 40 66 16 
9 34 72 73 49 14 57 42 18 54 32 79 12 24 31 59 13 11 16 3 29 43 35 67 51 45 74 52 10 66 64 41 40 47 26 44 5 22 56 69 55 0 63 71 7 6 21 8 28 76 50 78 33 77 20 48 23 27 60 53 2 65 62 58 1 46 30 19 17 75 37 36 15 70 68 38 25 39 61 4 
70 0 53 42 51 12 33 28 23 60 37 39 68 20 4 40 48 62 15 38 63 76 26 73 27 11 58 3 54 5 25 30 1 69 18 44 16 61 21 65 9 71 35 79 56 41 7 64 36 6 47 77 72 66 50 49 10 19 78 24 29 2 22 59 45 31 55 17 43 34 8 74 14 46 32 13 67 52 57 75 
50 64 16 45 8 56 25 55 21 15 75 39 73 77 60 71 44 67 43 36 78 69 31 29 5 19 61 26 17 10 9 32 28 2 58 38 23 4 72 33 12 48 37 52 57 46 22 74 59 70 42 65 62 35 41 68 30 66 27 47 54 79 3 14 34 11 1 20 51 0 24 18 63 6 53 7 76 13 49 40 
65 76 79 43 13 17 46 1 9 2 48 62 15 10 6 33 8 37 49 50 71 3 0 23 64 40 28 25 63 77 18 60 52 72 73 26 59 4 57 32 5 24 61 45 30 47 22 38 44 14 51 70 68 19 41 7 67 20 75 34 66 35 11 58 16 29 39 12 53 56 42 78 54 31 36 27 55 21 74 69 
21 49 27 78 47 7 55 58 33 41 66 48 14 3 34 35 19 53 44 24 68 31 45 74 20 70 36 43 60 77 42 56 15 28 25 50 75 13 63 1 59 76 72 12 69 30 46 61 64 54 22 8 67 65 10 16 38 40 52 39 37 6 17 51 23 0 32 11 62 79 29 2 73 5 9 71 4 26 18 57 
74 41 31 11 2 40 20 24 36 54 38 30 4 53 26 23 46 22 10 7 29 71 32 61 39 25 68 79 60 50 45 18 63 12 70 19 57 34 51 21 75 66 28 17 14 76 59 35 52 13 6 9 78 15 48 77 62 67 69 58 3 1 27 56 55 47 0 72 43 42 73 44 49 5 16 64 37 65 33 8 
19 40 37 44 22 51 0 5 27 30 64 69 35 1 45 57 62 31 75 74 39 46 79 6 43 67 55 34 63 68 16 52 78 38 33 47 18 21 10 65 71 56 42 59 48 58 23 7 54 8 4 9 2 73 29 72 50 32 13 76 49 11 3 41 24 15 28 61 36 20 66 12 70 77 25 17 53 26 14 60 
54 77 39 6 23 51 14 17 47 36 76 65 38 28 29 25 75 58 56 52 10 16 1 12 61 19 8 18 42 4 78 37 26 43 13 69 44 49 55 27 57 53 64 33 3 63 20 22 68 9 72 79 74 73 15 5 67 60 40 66 35 24 7 70 32 71 50 31 21 0 41 11 34 30 62 46 2 45 48 59 
42 77 35 1 17 21 71 14 30 0 13 56 67 34 46 7 53 66 45 11 60 3 37 18 27 26 12 29 49 4 24 10 2 16 61 70 69 36 65 23 25 73 20 15 19 5 52 74 54 76 48 40 59 9 33 78 64 75 43 32 55 31 62 58 51 22 79 6 41 57 28 8 50 63 38 72 47 44 39 68 
66 12 61 70 15 46 44 31 73 25 4 41 8 48 59 32 2 62 55 79 57 54 42 72 28 34 69 36 9 78 20 60 63 68 39 53 13 5 24 14 16 38 6 71 3 33 43 67 56 49 47 37 27 50 75 17 77 18 19 11 58 29 0 30 35 1 40 64 65 76 23 74 22 45 26 21 7 51 52 10 
67 7 47 59 72 50 64 63 34 79 0 33 22 32 58 10 24 18 25 73 27 40 11 9 51 4 6 14 26 57 15 61 48 62 17 49 52 23 38 43 39 71 20 74 1 29 31 8 54 70 65 37 21 2 3 78 30 53 5 35 12 13 42 77 76 68 16 46 56 55 28 69 36 66 45 41 75 60 44 19 
70 16 76 69 52 74 65 26 45 11 78 18 3 2 62 17 56 28 51 22 72 32 47 1 23 36 59 15 21 53 44 35 58 29 46 19 77 48 40 31 5 49 68 73 4 37 75 0 66 12 60 7 71 42 10 34 50 41 38 14 39 6 24 30 67 79 57 63 33 13 54 20 55 9 61 25 8 43 64 27 
54 68 74 33 75 53 19 66 5 71 13 35 20 11 9 60 40 30 59 50 18 57 41 44 42 73 48 0 65 37 46 28 15 51 55 24 3 2 31 27 77 58 8 56 16 21 39 34 72 7 43 64 25 78 79 45 62 12 76 70 29 47 32 14 52 67 4 10 17 22 61 26 69 63 6 23 36 49 38 1 
50 68 5 10 75 67 22 24 56 29 3 62 37 64 8 13 55 30 66 17 19 6 54 14 41 20 31 70 1 47 38 45 72 77 25 63 69 48 11 28 7 4 32 21 40 76 23 12 33 78 18 57 59 58 71 2 65 74 27 35 60 79 49 61 34 0 26 73 44 39 52 16 53 43 9 15 46 36 42 51 
73 78 79 55 49 64 8 61 52 26 65 76 34 23 36 51 29 39 2 16 75 24 27 38 14 71 60 21 63 11 41 30 43 5 9 44 12 33 19 45 68 50 31 67 53 47 69 20 40 13 10 0 70 77 46 15 37 6 59 54 7 74 42 25 58 1 22 35 56 17 66 57 18 28 72 62 3 4 48 32 
18 60 57 9 28 55 35 6 46 32 3 41 0 58 74 36 25 77 34 38 54 50 71 79 61 10 49 72 7 62 48 67 42 52 56 12 21 73 31 16 4 64 5 1 22 43 33 69 75 44 15 27 53 70 17 26 45 68 23 51 65 20 40 76 14 8 24 30 11 19 29 2 78 63 13 39 59 66 47 37 
20 18 70 45 43 32 72 30 33 63 29 39 24 37 48 66 49 15 22 56 19 53 1 2 6 4 34 17 44 36 0 76 8 9 57 13 7 41 10 42 59 23 65 26 11 47 27 69 51 52 50 60 58 62 64 61 16 3 55 67 73 40 35 31 5 21 46 77 54 68 78 14 79 12 74 38 71 28 75 25 
61 16 54 71 52 14 26 68 67 28 40 4 13 10 39 27 12 58 43 42 7 38 65 47 48 0 59 75 56 78 63 31 79 20 23 32 72 62 66 46 2 74 44 33 57 19 77 29 76 50 45 5 35 37 36 8 15 22 21 25 64 53 55 60 1 6 51 69 3 11 17 30 24 70 34 41 18 49 9 73 
26 1 43 27 65 42 25 41 17 68 60 69 34 38 40 51 46 76 23 14 55 11 64 8 24 49 47 4 53 66 44 35 3 78 73 12 18 6 30 62 75 74 57 22 37 33 19 56 5 39 77 59 15 9 36 61 54 52 16 21 48 58 13 28 2 29 71 32 63 70 20 10 0 72 67 31 45 79 7 50 
52 38 72 15 35 21 58 41 8 3 62 69 6 47 12 9 2 45 7 59 39 70 67 61 31 29 36 11 63 0 73 49 19 24 79 46 51 30 23 26 71 22 64 55 74 32 37 43 5 28 1 78 17 76 50 60 66 13 20 40 18 42 75 27 53 54 10 34 25 44 68 77 4 16 33 48 57 65 56 14 
51 57 63 32 70 77 75 37 76 78 10 50 31 33 36 66 7 5 79 39 0 20 59 56 28 74 30 60 3 8 29 69 16 46 61 64 11 44 71 65 38 73 14 42 34 9 53 24 4 17 52 25 67 48 72 45 1 35 2 58 68 54 12 55 49 40 41 19 21 26 13 23 18 43 62 27 47 22 15 6 
69 22 19 53 77 21 13 62 43 44 20 47 25 3 5 42 26 49 76 27 63 58 2 48 16 39 14 34 73 55 23 51 8 50 18 68 52 72 6 45 54 46 71 38 60 9 0 36 17 41 66 29 35 75 15 65 78 70 57 4 79 1 67 32 28 11 40 74 61 59 10 33 7 24 30 31 64 12 56 37 
79 56 12 1 6 64 31 48 53 15 67 14 54 11 17 60 25 24 35 29 72 43 44 65 59 70 74 21 57 4 22 18 49 47 37 33 50 77 7 46 51 45 78 9 13 0 68 63 41 8 32 16 55 5 61 39 66 40 27 42 28 10 19 26 20 52 36 34 30 75 71 73 38 3 2 23 62 58 69 76 
28 15 33 55 27 61 73 22 32 13 36 30 78 70 18 74 12 23 6 14 2 67 3 24 62 8 68 42 40 19 44 75 49 38 76 79 4 7 56 31 9 65 69 63 66 25 43 64 41 10 21 20 35 17 53 26 39 1 51 45 11 58 37 57 50 46 16 29 72 52 77 54 71 59 60 0 5 48 34 47 
57 48 4 45 64 46 0 10 71 66 13 54 22 5 58 34 16 19 59 49 38 39 17 56 40 51 36 31 77 68 35 24 11 52 28 53 69 37 44 61 1 78 47 18 75 26 12 74 67 73 25 60 14 41 65 76 79 70 15 72 55 50 6 43 27 3 62 30 32 8 9 42 21 20 2 23 7 33 29 63 
71 50 26 34 37 12 66 29 2 73 21 51 65 11 79 52 9 42 7 38 54 32 39 8 20 28 75 1 30 60 77 23 22 55 62 70 46 10 33 47 40 63 67 5 57 48 6 43 76 14 0 36 49 19 41 61 72 17 68 25 31 4 56 16 44 15 18 53 13 69 74 78 64 58 3 24 59 35 27 45 
31 41 72 44 75 34 2 58 4 71 25 3 59 76 60 15 0 18 47 37 23 46 30 64 63 43 20 33 21 68 27 78 69 24 52 1 16 28 57 5 12 77 9 11 66 49 48 73 29 45 17 8 54 61 10 6 7 55 35 39 38 14 50 42 56 32 36 74 62 13 53 51 22 26 40 67 79 70 65 19 
17 6 16 9 20 30 79 73 19 40 50 45 7 33 63 74 62 53 14 1 36 69 67 38 61 27 77 60 58 5 32 15 13 59 21 23 12 2 78 26 10 65 56 0 47 44 70 75 41 55 24 48 34 35 76 57 37 18 71 29 11 68 22 3 72 28 54 42 25 52 66 46 51 64 4 43 39 8 49 31 
40 36 8 27 65 26 50 43 67 7 35 15 30 53 31 5 49 4 14 54 62 10 52 74 28 39 41 78 18 66 70 61 55 32 25 77 45 69 22 3 68 13 72 24 73 37 47 57 60 51 21 11 64 56 79 34 71 19 0 58 9 2 63 33 29 6 48 12 75 59 1 20 38 16 44 17 46 42 23 76 
44 40 48 61 38 42 20 29 58 46 3 52 56 59 6 1 7 9 18 37 63 26 31 75 51 32 11 45 43 65 16 68 17 19 39 71 64 34 49 77 35 69 15 22 70 24 62 13 33 14 57 4 10 21 2 8 76 23 60 74 12 72 54 5 79 25 28 27 47 41 55 30 67 53 73 66 78 36 0 50 
57 0 60 14 76 66 75 48 23 41 50 33 16 51 59 49 63 29 25 53 2 36 39 10 70 34 71 21 13 32 74 55 69 45 12 52 35 31 3 22 9 30 54 1 46 62 58 42 27 65 64 43 79 18 73 11 37 72 78 24 19 44 6 20 4 26 68 67 56 61 47 28 38 7 5 15 77 40 8 17 
10 56 47 28 11 24 0 23 68 76 38 42 29 2 66 78 62 74 27 51 32 18 17 45 20 54 31 67 55 21 79 52 44 9 40 12 73 36 22 34 64 30 72 70 43 25 35 48 61 14 71 15 16 19 75 60 53 46 49 8 26 37 39 65 7 58 13 3 57 59 33 50 69 63 41 77 5 1 4 6 
53 4 55 23 48 21 68 1 41 17 5 22 50 56 0 77 8 6 46 64 74 79 47 27 62 12 35 28 37 38 57 59 76 69 72 39 24 40 13 20 52 19 33 25 65 10 54 71 26 34 3 32 70 66 67 75 78 36 51 31 63 11 58 2 15 42 7 29 45 9 44 14 60 18 30 43 16 73 61 49 
10 19 37 69 61 39 78 54 57 11 41 33 71 16 35 18 4 25 63 45 43 68 24 5 29 50 2 72 67 60 14 23 62 40 7 46 70 42 79 65 15 53 44 12 13 64 32 1 34 49 22 17 73 20 26 30 58 28 3 74 59 76 31 9 38 6 51 27 0 8 66 48 21 75 36 52 55 77 47 56 
70 23 67 40 9 22 72 60 36 6 48 42 28 64 77 3 2 58 21 59 55 30 65 50 57 32 35 8 18 44 7 19 13 75 43 79 52 54 61 39 53 66 76 4 71 73 49 63 78 14 47 5 56 0 26 17 51 20 15 69 37 16 45 25 27 33 38 74 12 46 10 31 11 62 34 29 24 68 1 41 
47 69 1 52 66 73 43 8 5 55 64 75 20 7 26 76 13 15 59 67 24 12 31 10 38 68 62 25 36 46 77 45 71 56 16 53 6 4 44 49 74 3 33 23 28 34 48 79 70 61 18 0 58 21 41 63 40 72 42 50 54 30 60 11 78 2 14 51 29 39 27 35 57 32 22 17 19 65 9 37 
46 36 22 16 31 9 15 19 32 30 45 60 38 20 54 74 27 11 47 17 78 49 8 76 64 43 7 42 29 2 1 77 21 70 69 66 0 57 50 56 51 6 63 28 14 79 71 68 41 3 5 33 18 12 73 37 24 26 65 4 62 58 35 40 59 44 23 67 61 25 72 13 55 39 34 48 10 53 75 52 
57 13 15 18 1 71 33 53 44 26 72 76 17 24 35 38 62 66 61 32 30 16 67 75 58 51 23 54 2 27 37 6 60 8 56 48 63 47 73 52 25 34 40 55 22 42 74 39 10 78 28 12 29 50 68 9 77 59 64 45 11 20 41 65 14 7 0 4 5 19 43 46 3 69 79 70 36 49 21 31 
18 13 69 25 75 65 27 59 29 62 45 20 35 4 14 11 68 39 19 36 12 17 61 0 3 32 53 28 33 64 63 40 7 43 51 56 70 72 77 55 48 54 41 21 16 9 5 73 30 1 74 67 52 34 60 66 23 8 10 57 44 15 38 22 37 31 50 71 49 76 47 6 24 79 58 2 78 26 46 42 
39 68 4 14 67 41 70 74 7 28 0 42 5 73 8 72 65 21 20 77 61 49 17 57 35 29 27 60 45 50 33 6 2 79 48 44 43 16 19 9 18 30 3 11 1 76 37 52 31 75 47 36 22 55 46 12 23 24 26 15 56 78 58 62 25 66 38 64 34 32 51 71 54 59 40 69 53 10 13 63 
12 78 46 63 51 58 79 5 76 66 39 11 74 10 59 47 6 44 30 53 31 71 68 43 33 34 65 75 55 9 40 27 23 26 52 62 41 3 49 13 32 15 17 14 72 73 57 4 69 64 35 29 42 19 56 77 1 50 7 16 0 2 25 67 21 20 22 38 37 61 48 8 18 70 24 60 28 54 36 45 
10 38 15 1 28 19 26 34 30 9 63 79 4 37 41 25 78 54 8 31 42 56 44 6 22 46 52 50 70 3 29 27 40 53 2 47 16 14 77 48 24 43 55 17 0 39 59 11 75 61 67 51 76 36 20 5 13 23 62 58 35 74 71 21 49 12 73 32 66 57 65 45 64 68 18 60 33 69 7 72 
72 34 42 28 52 33 60 50 17 61 69 37 67 45 21 24 47 79 8 56 51 59 3 15 57 66 22 1 54 26 20 48 44 13 9 5 7 74 49 27 38 43 36 18 46 4 35 29 73 10 31 19 32 65 2 63 68 53 62 58 14 23 12 39 30 71 0 78 11 25 41 55 76 70 75 16 6 77 40 64 
70 65 68 11 25 49 78 62 31 48 73 13 34 58 22 53 56 24 71 5 26 63 77 40 79 1 64 12 69 45 30 2 51 29 61 35 23 76 66 20 18 43 67 47 50 57 52 9 10 41 75 36 37 21 7 38 3 27 32 74 4 8 59 28 17 42 15 54 33 55 39 0 14 44 16 46 6 72 19 60 
44 74 17 7 25 78 54 76 12 21 4 75 64 61 16 77 3 6 40 32 36 60 29 34 19 73 55 45 2 72 46 27 42 41 62 9 49 10 13 37 5 33 59 18 67 51 58 35 39 24 47 11 0 66 71 53 8 48 23 65 38 56 15 28 22 70 63 14 26 1 79 69 68 20 50 43 31 52 57 30 
47 8 43 63 65 54 14 37 73 56 16 69 71 50 32 57 59 42 35 58 20 61 46 72 55 23 52 30 68 0 38 44 34 41 53 40 18 7 11 70 27 79 51 31 48 26 21 28 10 15 13 4 1 9 60 45 25 36 39 49 22 67 19 66 33 77 5 17 24 76 64 3 62 29 12 75 78 2 74 6 
55 8 37 19 51 38 49 3 48 67 12 70 71 46 14 36 78 10 33 77 64 75 62 42 30 60 7 32 15 54 68 63 34 27 25 44 24 20 57 41 74 6 79 26 66 69 73 23 28 31 47 59 22 40 35 16 0 5 58 13 43 76 1 2 29 9 52 45 21 61 72 65 4 50 17 56 11 39 53 18 
28 14 0 41 52 76 5 6 21 53 17 23 32 43 24 18 11 64 77 78 9 73 63 46 22 75 36 39 65 29 79 69 74 56 57 54 68 30 8 59 37 66 72 61 51 1 2 71 31 40 33 42 3 70 49 15 62 60 55 20 26 67 47 58 45 16 34 50 35 10 44 12 38 48 25 4 13 27 7 19 
0 72 35 62 71 45 57 5 7 11 75 12 50 13 68 43 47 25 36 19 76 10 21 38 31 14 26 59 69 44 49 6 65 17 60 22 1 39 73 54 52 74 40 15 41 63 61 78 70 46 8 29 2 48 28 23 4 64 34 24 27 16 77 66 18 30 53 3 20 56 79 55 33 58 42 67 32 9 37 51 
25 0 32 4 2 74 56 26 40 24 58 48 77 27 54 30 23 52 65 13 17 19 70 33 3 18 57 38 66 55 6 16 28 31 46 53 50 5 43 39 69 64 60 12 15 7 72 11 21 37 20 76 14 78 73 71 67 44 51 63 8 59 62 22 29 41 42 10 36 75 35 47 79 49 68 34 45 61 9 1 
61 15 58 29 31 33 40 1 49 53 5 67 66 34 74 4 22 63 7 64 21 16 30 54 41 19 9 36 69 25 39 57 51 72 18 65 28 79 10 23 45 20 76 55 43 44 75 48 77 70 6 0 47 12 11 3 38 13 62 37 35 26 60 8 17 42 24 2 32 71 68 56 46 50 27 52 78 59 14 73 
39 20 50 8 63 18 51 66 3 42 12 36 52 16 58 2 55 57 7 35 25 31 13 38 67 76 17 47 43 72 24 65 64 10 19 5 40 45 6 37 53 68 41 48 73 34 56 59 14 9 30 78 44 33 1 26 79 46 71 22 21 27 28 49 60 0 77 32 61 74 4 11 62 29 69 54 15 75 23 70 
23 45 60 34 56 77 1 16 39 70 62 11 13 41 15 75 50 47 9 49 37 20 14 48 31 27 6 18 51 22 54 67 53 28 7 4 58 29 33 40 35 72 24 78 61 2 5 59 69 63 17 43 3 26 19 66 10 25 64 30 71 0 44 76 42 57 36 38 68 74 32 8 46 79 73 21 55 12 65 52 
27 36 44 66 52 33 26 62 29 8 21 0 59 16 14 70 42 32 55 9 15 47 10 60 79 61 51 24 4 77 76 13 1 6 68 54 71 43 65 34 57 19 12 18 73 74 46 20 48 22 3 17 37 35 53 69 41 11 38 78 39 50 67 45 2 58 56 75 30 64 28 23 5 31 25 63 49 72 7 40 
22 4 30 73 34 49 75 58 3 79 68 61 60 71 10 37 38 7 9 78 74 65 43 26 11 59 70 0 53 16 46 72 56 39 36 54 48 63 6 13 8 57 44 76 12 18 67 51 55 25 45 27 35 64 28 20 24 47 17 50 1 31 5 21 23 33 19 32 15 42 69 41 14 40 29 2 62 77 52 66 
18 69 3 20 31 78 6 68 59 8 47 64 22 1 50 30 74 14 23 34 42 67 28 62 66 29 2 26 52 12 63 33 49 48 60 13 75 5 72 73 41 39 10 25 65 9 4 79 40 17 21 16 54 45 37 38 32 15 27 61 55 70 19 36 0 76 71 7 11 24 44 58 56 57 77 46 51 43 35 53 
25 72 59 21 46 12 35 38 78 76 70 65 68 30 56 24 37 58 2 57 15 45 73 39 64 26 7 40 42 41 69 5 77 71 51 55 11 32 75 28 16 74 48 52 1 19 66 18 63 14 67 23 3 43 62 29 34 4 50 36 20 33 49 13 61 6 47 44 31 0 27 54 8 53 9 22 79 10 60 17 
55 38 72 43 69 40 78 31 10 0 19 53 49 11 20 73 3 52 46 32 47 9 21 42 63 23 45 75 39 37 57 13 74 35 24 44 77 15 62 79 34 17 1 33 4 36 16 41 30 70 18 64 7 71 66 59 28 14 56 27 68 8 65 29 76 2 58 12 51 22 5 60 26 54 50 61 25 67 48 6 
63 48 28 19 13 64 76 71 22 73 51 46 4 25 49 29 11 20 7 27 45 60 1 21 61 10 74 42 16 24 8 75 47 67 72 79 23 15 53 14 5 52 66 62 12 0 17 54 2 35 50 18 6 32 43 57 31 38 68 26 9 58 34 40 33 3 44 69 56 41 36 65 77 59 30 70 39 78 55 37 
57 23 21 43 61 31 6 7 37 54 25 27 3 74 51 15 12 39 26 44 45 0 5 79 50 53 40 60 69 73 20 28 58 70 22 49 55 75 56 77 4 42 32 59 38 52 48 9 66 34 71 68 24 2 64 47 10 65 11 36 8 17 41 62 29 13 19 1 35 67 72 78 76 18 33 16 63 30 46 14 
36 71 17 33 77 9 41 5 6 12 56 28 34 13 62 20 72 32 10 55 43 23 24 47 39 2 22 53 67 64 35 79 45 49 42 76 19 50 69 74 61 30 1 52 70 51 65 27 59 4 46 16 21 8 73 40 78 7 38 0 48 54 25 68 31 60 18 29 75 14 11 37 63 58 15 26 66 44 3 57 
72 67 16 69 44 5 40 37 41 58 56 33 77 14 31 54 65 29 57 17 52 42 50 61 70 22 0 27 74 30 76 66 1 35 36 78 46 73 63 12 10 68 18 49 19 13 23 60 4 32 45 26 28 8 47 24 71 34 2 25 79 20 62 7 6 55 15 39 21 59 64 9 43 38 48 75 51 3 53 11 
75 38 48 23 63 79 55 35 60 59 77 18 6 36 68 67 53 32 11 7 26 47 51 9 70 66 78 17 12 13 52 49 54 10 41 58 45 31 2 25 20 14 16 42 27 61 0 50 21 44 29 40 19 65 64 8 3 22 56 15 34 39 4 69 62 46 33 73 5 72 76 74 71 57 28 24 1 37 30 43 
55 1 62 64 2 0 59 29 8 30 36 7 5 3 54 43 22 73 71 24 58 50 6 76 25 44 14 17 41 51 56 75 53 27 57 19 47 11 20 63 79 70 39 46 61 33 4 60 72 69 15 48 9 34 65 66 68 28 74 13 16 10 37 32 77 42 38 49 26 78 40 12 18 21 23 35 31 52 67 45 
52 74 24 39 44 11 28 34 64 67 18 15 27 46 19 75 76 72 7 14 58 29 48 36 77 25 35 26 40 3 71 0 10 55 38 2 61 79 33 60 8 50 31 54 73 1 41 32 42 57 47 63 12 13 68 37 17 5 22 16 49 53 51 21 59 78 30 66 20 23 70 65 45 9 56 62 69 43 6 4 
37 79 16 66 32 45 21 8 47 4 49 25 13 39 65 15 0 35 33 42 69 60 56 70 2 44 34 3 31 6 40 76 78 30 68 10 14 63 67 46 29 5 77 11 74 7 1 41 43 52 55 50 51 54 75 64 24 18 62 23 53 36 27 57 9 12 38 59 19 20 17 28 61 72 58 73 22 48 71 26 
51 65 24 31 3 73 12 2 78 70 26 21 72 61 67 63 28 17 6 16 79 43 55 50 20 59 57 23 29 0 9 66 4 15 69 19 27 44 14 64 18 52 25 37 56 77 75 30 45 46 22 33 35 58 1 53 39 54 7 38 62 41 47 49 76 11 60 36 74 68 32 10 48 34 5 13 71 8 40 42 
73 50 32 54 1 69 61 27 36 47 65 52 7 44 56 8 75 20 43 71 10 63 18 45 62 76 23 67 5 37 41 4 57 35 30 46 3 78 72 9 42 22 0 14 16 29 39 55 6 77 11 15 40 38 2 33 34 25 12 26 70 49 74 21 66 64 31 53 58 17 13 59 68 28 51 48 24 19 60 79 
24 77 34 46 6 22 9 66 1 52 53 58 70 43 69 60 35 51 19 49 45 28 56 48 57 33 67 12 5 38 68 42 72 14 20 78 39 4 26 62 18 31 16 23 13 61 74 0 59 50 71 27 2 55 79 32 36 63 3 54 65 8 75 40 10 11 15 37 30 17 21 7 41 29 64 76 25 73 47 44 
68 48 39 11 46 19 62 41 49 60 5 29 65 77 15 28 42 30 9 44 67 64 50 40 25 56 37 59 33 45 17 78 21 8 18 7 38 70 71 12 13 16 63 22 36 79 47 53 75 73 2 55 51 14 26 23 76 3 57 24 32 72 10 35 27 43 34 74 0 31 54 61 66 69 4 6 58 20 1 52 
73 33 72 20 78 17 10 27 50 21 60 68 19 75 3 28 31 76 54 7 13 48 4 71 23 74 69 53 8 36 43 51 61 49 79 34 11 66 58 18 40 30 2 15 42 46 47 62 6 32 35 64 12 0 77 38 59 14 41 25 57 16 52 26 70 55 39 45 9 56 1 29 44 63 24 5 37 67 65 22 
70 75 26 41 6 1 61 31 57 7 62 34 56 32 45 15 0 25 9 30 68 72 73 58 53 46 38 10 29 76 65 44 47 19 52 67 49 37 63 24 17 28 35 13 55 20 71 8 59 4 2 18 74 69 40 64 39 60 51 79 43 54 16 3 78 22 42 36 66 5 77 21 27 23 12 14 50 48 11 33 
4 29 32 78 72 47 26 49 12 14 73 35 15 51 36 2 11 77 60 38 74 5 6 21 31 22 56 10 71 37 67 13 76 39 1 45 59 58 40 3 25 16 48 28 62 53 46 19 23 43 69 41 52 17 42 34 55 64 65 7 61 54 33 30 70 75 68 8 50 44 0 20 24 57 9 27 79 63 66 18 
13 74 77 4 15 58 57 8 19 21 53 24 62 35 2 6 75 32 18 42 0 7 33 29 79 10 27 64 43 22 65 78 12 17 52 63 61 3 30 41 51 76 23 38 39 25 46 26 69 59 49 14 11 66 1 60 56 47 48 55 67 5 16 73 70 44 40 71 31 72 20 34 50 36 68 54 28 37 9 45 
74 60 50 66 40 43 64 17 36 62 26 55 0 23 11 59 5 61 76 33 68 2 71 75 48 67 22 47 38 34 28 9 21 37 73 30 58 15 77 24 45 1 7 25 14 63 51 29 6 10 32 27 78 69 52 16 35 79 31 72 39 12 57 4 3 20 46 8 19 65 44 54 41 13 42 53 70 18 56 49 
31 36 63 42 39 41 69 11 49 30 79 54 66 9 38 57 71 25 50 4 22 44 76 64 19 65 28 16 58 33 10 5 14 37 21 70 6 3 46 62 53 60 1 13 32 18 8 48 40 78 0 29 51 72 24 74 56 77 17 52 27 15 68 2 45 20 43 55 59 34 7 47 12 67 35 26 61 73 75 23 
37 72 20 63 0 68 78 55 74 35 12 19 14 48 31 44 79 66 58 56 7 47 39 46 26 18 30 51 22 3 42 65 27 57 75 70 54 17 73 2 25 29 69 45 49 61 41 59 10 32 5 28 64 24 33 62 67 50 71 43 6 1 34 8 15 40 13 16 60 36 52 76 23 4 21 11 53 38 77 9 
16 25 71 2 54 47 55 53 3 44 22 8 15 67 42 45 12 36 77 40 57 65 29 28 61 38 72 52 5 63 33 30 7 37 56 75 11 64 24 19 59 48 74 20 41 21 73 46 76 9 34 69 78 0 10 26 66 32 49 39 31 35 1 18 62 68 14 43 13 60 50 4 23 58 79 70 6 17 51 27 
49 29 10 6 51 8 65 36 30 17 27 43 18 33 73 23 12 20 35 15 16 78 64 63 70 40 2 24 54 56 9 13 26 0 58 61 28 41 4 11 34 53 47 76 37 44 25 42 75 59 74 72 67 46 55 57 38 66 19 39 14 79 21 68 50 1 3 77 71 60 48 7 45 62 22 5 31 69 32 52 
57 47 53 27 22 30 64 14 38 13 51 7 34 17 18 11 21 42 60 61 71 46 44 33 58 65 72 68 50 26 28 54 9 78 52 74 63 35 49 0 67 41 20 70 31 76 19 37 66 40 73 77 39 10 5 15 43 45 6 79 25 62 56 36 69 29 12 75 48 23 32 2 16 59 55 8 4 3 24 1 
56 0 36 49 75 23 52 51 65 55 70 18 62 61 16 37 15 32 24 39 4 30 31 50 64 45 14 67 69 43 2 13 76 72 11 8 35 63 20 79 60 38 21 29 74 19 47 3 42 58 34 9 48 7 71 73 46 44 5 10 53 68 57 59 17 78 41 22 66 77 40 26 33 25 12 28 6 1 27 54 
48 61 70 25 28 68 27 16 79 45 59 73 74 77 46 69 72 42 78 75 76 62 44 71 58 64 66 50 2 57 52 54 51 40 63 53 67 55 60 37 49 47 41 38 26 43 39 33 36 65 35 34 24 32 23 31 17 56 9 29 30 4 22 11 21 0 20 18 14 5 13 19 6 8 15 12 3 7 10 1 
