104 4 25
24 20 18 15 17 23 16 22 13 14 7 11 10 21 9 0 1 5 8 19 4 6 3 2 12 
2 3 6 4 19 8 5 1 0 9 21 11 7 14 13 22 16 23 17 12 15 10 18 20 24 
0 10 12 16 14 1 23 5 6 13 20 19 21 2 24 15 3 18 4 8 17 9 11 7 22 
12 9 10 22 7 11 17 8 4 18 3 15 24 2 21 19 20 13 6 5 23 16 1 0 14 
7 19 6 23 15 18 11 22 5 20 24 9 12 2 3 4 14 1 8 0 10 17 16 13 21 
8 21 13 1 14 4 17 16 3 2 20 18 24 10 12 0 22 6 23 5 7 11 9 15 19 
3 17 13 21 11 9 5 15 12 23 6 19 7 0 8 1 24 20 10 22 18 14 16 2 4 
5 16 0 17 4 22 18 1 8 19 10 2 14 15 7 12 9 24 20 11 23 6 21 13 3 
4 11 6 2 10 13 14 22 9 0 21 3 20 24 18 1 15 16 19 12 7 17 8 23 5 
23 20 24 14 2 8 11 7 12 13 19 16 15 17 4 1 5 22 18 0 3 6 21 9 10 
24 9 18 5 19 21 3 2 22 16 23 6 12 10 17 1 0 13 11 4 20 8 7 15 14 
15 20 1 10 8 6 7 23 0 16 3 12 9 21 17 14 22 4 19 5 13 11 2 24 18 
14 12 21 0 15 18 9 13 7 6 4 2 10 11 5 23 17 16 24 22 8 3 20 19 1 
1 11 19 14 8 20 3 22 5 10 18 4 13 23 9 24 15 17 21 0 7 2 6 12 16 
22 19 0 4 17 12 3 16 24 7 13 20 2 5 21 9 14 10 8 1 6 18 15 23 11 
23 18 4 7 1 16 15 21 13 12 3 8 10 6 24 11 2 14 19 9 0 5 20 22 17 
22 17 2 8 9 0 6 16 24 15 10 5 20 11 13 23 18 12 14 1 7 3 4 19 21 
20 5 6 17 3 14 11 21 10 16 7 24 4 0 19 23 15 1 9 12 2 18 13 22 8 
13 16 5 9 8 2 7 18 23 21 20 22 17 19 10 15 4 14 3 11 12 6 0 1 24 
12 15 0 2 19 24 22 11 1 21 16 6 8 4 3 18 17 23 14 13 10 7 20 9 5 
7 1 9 13 24 4 0 12 14 17 19 23 11 18 10 20 3 8 5 16 6 22 2 21 15 
10 21 24 7 3 18 5 14 11 17 20 6 8 1 15 22 13 0 12 2 19 9 23 4 16 
23 9 6 15 3 16 1 4 22 20 21 18 11 0 2 5 19 24 7 8 13 10 17 12 14 
24 6 21 10 19 13 8 4 22 15 14 23 2 1 5 12 20 16 11 17 9 7 0 3 18 
10 20 16 19 11 2 12 18 0 9 13 1 22 3 23 14 17 15 6 5 7 8 21 24 4 
8 6 2 17 18 9 12 14 19 21 5 20 4 7 24 0 1 3 15 16 23 11 10 22 13 
3 12 8 11 22 1 7 15 16 5 14 23 2 24 9 13 18 10 19 0 4 21 6 17 20 
15 13 17 18 3 0 20 4 7 19 6 21 14 22 23 8 9 16 2 1 11 24 12 5 10 
1 11 7 10 2 20 4 21 23 17 5 9 22 12 24 16 15 14 6 8 19 18 3 13 0 
23 4 0 8 5 22 20 13 10 24 3 19 6 12 15 21 7 17 18 1 2 11 16 9 14 
14 5 16 21 8 19 13 11 6 18 12 15 22 24 9 1 20 17 4 10 2 3 7 23 0 
24 9 11 23 19 16 14 7 17 2 3 0 10 15 21 6 20 4 13 8 18 12 22 5 1 
10 17 0 2 23 1 7 14 22 18 13 6 3 19 24 16 9 8 11 12 20 21 4 15 5 
3 20 13 2 15 24 0 5 7 12 10 4 18 8 9 16 17 11 1 6 21 23 19 14 22 
22 21 11 14 4 1 18 12 6 16 20 9 5 23 8 0 3 7 17 10 13 19 24 2 15 
15 19 7 8 17 12 21 10 16 5 0 11 13 3 23 4 9 14 18 2 1 22 20 24 6 
9 1 12 5 18 2 17 6 15 14 24 13 8 3 23 22 21 7 4 20 19 0 10 11 16 
18 8 4 23 0 11 21 15 19 9 24 16 20 5 2 6 14 10 22 7 1 3 17 12 13 
16 22 6 23 13 7 14 17 5 1 12 2 4 11 15 10 21 0 19 3 8 20 18 24 9 
18 2 5 16 3 4 13 10 15 20 14 1 0 24 21 23 22 17 9 12 19 11 8 7 6 
1 13 7 9 20 22 3 16 6 19 0 15 11 18 10 8 17 24 14 5 21 12 2 4 23 
24 12 20 23 8 4 14 6 3 17 9 15 19 13 22 10 11 0 1 2 16 18 7 5 21 
11 19 1 24 21 0 17 22 5 23 2 18 20 15 10 9 4 7 13 3 14 16 12 8 6 
19 10 4 6 20 12 7 22 9 23 13 5 18 11 21 8 16 0 14 24 15 2 17 3 1 
14 10 15 6 3 2 9 12 1 17 11 8 24 0 13 5 16 19 4 7 20 22 23 21 18 
5 7 21 2 0 20 11 8 3 24 23 1 6 16 22 14 9 18 4 12 19 13 10 17 15 
13 16 21 4 2 19 9 17 23 8 10 7 24 1 15 18 6 22 0 12 11 3 5 14 20 
0 18 23 11 3 8 12 21 17 7 22 10 19 6 14 13 20 1 5 15 16 4 9 2 24 
16 12 14 24 3 6 18 7 0 22 15 8 1 20 2 21 5 13 11 17 10 9 19 23 4 
17 15 13 5 22 6 4 24 9 10 21 3 1 23 8 2 14 19 12 18 16 20 0 7 11 
9 15 14 23 18 17 20 24 1 4 16 10 19 5 11 12 21 13 22 3 2 7 0 6 8 
22 20 21 12 0 13 15 19 3 23 5 1 17 14 24 8 7 11 6 9 2 4 18 16 10 
11 4 13 8 18 2 7 5 6 24 17 16 1 19 23 20 14 0 21 12 10 9 3 15 22 
22 24 0 3 10 16 9 2 8 4 11 14 6 23 21 7 5 15 13 20 12 18 19 1 17 
12 10 1 19 15 16 17 21 9 20 6 7 18 8 2 4 13 3 5 22 24 14 11 0 23 
5 3 17 4 6 18 12 23 2 13 11 0 16 9 22 21 24 1 19 15 10 14 7 20 8 
9 19 13 2 20 7 12 1 14 23 8 10 21 6 16 24 11 22 5 3 0 4 17 18 15 
21 8 23 12 3 20 0 18 14 16 19 15 22 6 11 4 7 10 24 17 5 2 13 9 1 
10 11 24 6 5 22 7 13 15 4 19 0 14 16 18 3 2 17 12 23 8 9 20 21 1 
17 14 5 1 0 7 4 24 8 9 13 15 22 21 11 20 16 12 18 23 2 3 6 10 19 
3 21 5 20 18 9 10 4 1 14 7 2 19 6 15 17 16 0 8 22 11 23 13 12 24 
15 23 2 11 10 0 7 6 21 1 12 18 4 24 22 13 5 9 20 17 19 8 3 14 16 
16 4 11 20 10 17 15 23 3 22 19 8 12 2 5 21 24 1 9 0 13 6 7 14 18 
8 24 7 2 16 1 10 19 22 3 23 20 14 17 18 13 4 12 21 15 9 0 5 6 11 
14 19 5 9 6 16 8 10 18 23 3 24 7 12 11 13 1 0 21 2 17 22 15 20 4 
16 18 13 1 0 17 11 24 15 14 6 12 2 20 19 7 3 9 23 4 21 5 22 10 8 
14 20 9 0 12 4 21 22 10 2 3 13 8 11 17 5 23 15 16 7 6 18 1 19 24 
6 20 24 0 13 22 19 17 1 12 18 16 5 11 8 4 15 10 21 7 23 14 9 3 2 
21 14 22 23 3 19 9 15 2 7 13 18 4 10 16 5 17 1 24 8 20 11 0 12 6 
4 15 7 22 1 5 2 19 12 17 11 3 6 20 13 16 0 14 10 8 9 24 18 23 21 
17 21 13 22 6 20 2 7 11 18 23 15 14 8 0 19 24 3 10 4 12 1 16 9 5 
11 12 6 24 1 23 10 8 9 2 15 5 17 18 0 14 4 3 21 16 20 19 7 13 22 
18 21 8 13 7 9 5 11 10 22 0 16 3 12 20 24 4 19 1 15 17 2 14 6 23 
4 16 7 0 20 9 6 5 1 18 3 23 12 24 8 15 19 14 2 17 10 22 21 11 13 
2 17 19 11 15 24 4 8 20 9 18 14 22 10 6 16 21 0 1 13 23 3 5 7 12 
5 12 10 22 23 9 0 8 1 24 17 6 7 21 20 16 3 11 13 2 19 18 14 4 15 
5 13 19 1 10 23 4 14 2 3 18 21 24 15 11 22 8 16 20 7 6 9 12 17 0 
8 18 2 4 22 15 14 17 6 7 0 11 3 5 9 13 10 19 1 12 21 24 23 20 16 
24 21 12 13 9 16 4 7 14 6 20 11 17 2 3 1 23 22 0 19 8 5 10 15 18 
3 23 1 6 17 20 14 5 21 0 13 9 11 10 19 18 22 2 12 7 16 4 8 15 24 
15 16 8 21 1 0 10 18 19 24 3 12 5 22 23 7 2 6 4 20 9 13 11 14 17 
22 3 18 19 11 13 23 9 12 20 17 7 16 24 6 21 8 4 10 0 5 15 14 1 2 
17 13 12 7 19 0 14 23 22 5 3 24 16 1 10 15 4 6 11 2 18 20 21 9 8 
0 20 1 5 2 21 23 14 15 12 10 16 8 4 17 24 7 19 18 13 11 3 6 22 9 
16 7 15 19 24 10 18 20 14 4 23 5 0 13 6 9 17 8 2 21 11 12 22 1 3 
1 9 23 2 22 13 5 8 11 14 16 7 18 20 6 15 4 12 10 21 19 17 3 0 24 
11 21 19 17 3 20 6 12 4 10 8 1 24 16 22 18 14 9 15 13 2 23 0 7 5 
1 3 10 16 13 8 19 22 6 7 21 9 12 20 15 2 14 5 0 23 24 17 4 18 11 
4 22 24 11 3 18 14 12 5 21 16 2 19 13 0 7 15 10 1 6 23 8 17 9 20 
3 22 20 18 1 2 9 8 10 0 15 11 19 16 13 24 21 7 5 4 12 23 6 17 14 
7 14 16 2 17 22 0 12 19 18 9 4 11 21 8 13 24 6 23 5 15 3 20 1 10 
15 5 8 9 20 19 4 17 7 23 10 21 11 16 1 14 12 3 0 18 6 13 24 22 2 
21 6 0 4 23 18 10 19 20 3 16 17 9 11 15 13 8 7 24 5 12 22 2 14 1 
13 11 0 6 3 2 8 24 17 4 5 14 22 23 1 20 7 19 21 12 15 9 16 18 10 
10 12 15 11 5 20 22 14 18 3 21 8 9 17 2 6 16 19 13 1 4 7 23 0 24 
12 2 8 1 23 24 0 14 10 17 11 20 7 15 9 3 19 18 5 13 22 21 6 16 4 
6 14 11 15 24 13 23 19 21 4 3 5 10 2 1 0 16 12 9 20 18 7 22 17 8 
10 5 9 6 20 7 17 24 15 8 2 22 23 13 16 3 1 11 0 19 12 4 21 18 14 
24 19 18 9 0 7 5 11 17 4 8 13 3 15 12 6 1 22 16 10 23 2 20 14 21 
9 23 4 22 15 17 14 21 18 10 1 3 5 6 12 2 19 13 16 7 11 24 8 20 0 
10 6 16 18 12 13 14 23 21 7 24 3 8 20 17 0 11 1 22 9 4 5 19 2 15 
15 2 23 11 18 14 1 4 6 8 3 24 19 7 22 0 9 20 13 12 21 10 16 17 5 
2 13 6 11 12 15 21 7 9 20 4 22 8 3 14 19 23 24 10 18 1 16 17 5 0 
19 24 11 17 12 18 14 22 5 7 20 16 15 10 21 6 13 8 0 4 3 23 9 2 1 
