168 4 80
79 76 74 72 71 66 78 75 70 63 69 61 59 68 73 77 67 65 54 40 62 55 48 58 57 60 52 64 46 45 56 51 49 47 42 34 43 50 41 53 39 31 44 27 38 37 35 33 32 26 28 13 29 25 22 12 19 30 36 23 17 24 21 20 7 10 14 18 16 1 9 8 3 4 0 5 15 2 11 6 
11 2 15 5 0 4 8 9 1 16 18 14 10 7 20 21 24 17 23 36 30 19 12 22 25 29 13 28 26 32 33 35 37 38 27 44 31 39 53 41 50 43 34 42 47 49 51 56 45 46 64 52 60 57 58 48 55 62 40 54 65 67 77 73 68 59 61 69 63 70 75 78 66 71 72 6 74 76 79 3 
3 6 61 47 66 70 65 40 55 42 34 39 24 21 63 78 54 57 46 74 45 53 44 27 33 28 13 22 23 7 79 77 73 35 14 16 4 51 30 8 5 11 2 1 18 64 15 0 9 10 19 12 29 32 37 56 52 60 76 20 17 36 25 26 38 31 41 50 43 72 49 58 68 71 48 62 67 59 75 69 
60 56 64 6 3 69 75 59 67 62 48 49 50 71 37 32 68 58 72 43 29 25 30 17 41 31 38 20 26 76 19 52 12 18 9 10 0 8 11 51 15 2 5 4 16 14 73 1 77 79 7 13 27 23 22 28 33 44 74 57 54 78 63 21 24 36 35 39 53 34 42 55 40 65 70 66 47 61 45 46 
36 33 26 34 42 20 31 0 15 12 41 43 52 40 1 73 19 38 25 48 62 67 4 35 69 53 16 23 45 74 46 78 21 39 2 11 66 61 59 47 28 24 5 3 79 68 76 6 71 75 70 22 27 13 58 49 7 72 65 55 63 54 57 50 14 17 60 56 51 37 32 10 9 77 64 44 18 8 30 29 
36 51 77 17 29 8 44 10 57 9 18 14 58 54 68 72 32 37 50 49 35 7 22 13 46 45 63 55 65 70 75 71 76 79 6 1 5 28 47 59 61 66 2 11 3 16 53 24 21 74 78 69 4 40 39 23 67 62 48 38 43 12 19 73 41 15 0 31 26 25 20 60 52 30 64 56 42 34 33 27 
28 27 38 25 52 19 76 20 30 50 64 56 60 23 53 63 79 24 14 39 21 16 5 45 55 10 9 59 46 61 48 66 62 69 1 43 40 15 0 18 8 65 72 70 34 75 42 71 6 68 3 47 11 35 33 67 41 26 31 36 29 78 74 44 73 77 32 37 54 57 2 4 51 7 58 49 17 12 22 13 
53 38 41 30 55 13 25 22 7 49 58 37 32 56 57 27 24 4 2 54 73 44 12 31 17 78 74 29 67 47 33 6 15 11 71 42 34 26 72 3 75 70 68 8 0 18 43 69 62 64 61 79 66 59 48 36 77 60 65 28 1 5 76 46 9 52 20 19 45 39 40 16 35 10 21 51 14 63 23 50 
18 39 16 5 35 52 29 77 51 43 78 74 12 23 31 42 4 65 32 72 58 49 48 62 13 40 9 76 44 36 60 0 3 66 26 33 59 10 17 64 63 27 79 11 2 30 7 71 41 6 61 8 75 50 45 68 34 14 20 69 37 67 56 47 70 15 21 46 24 57 54 25 73 55 19 22 28 38 53 1 
22 11 45 46 35 21 19 26 47 67 64 73 1 12 50 54 57 77 41 70 20 37 69 14 75 3 34 71 36 15 8 6 63 17 56 7 2 10 30 51 40 59 76 33 60 74 66 61 29 0 44 9 65 62 48 23 55 13 68 49 72 27 58 42 4 78 16 52 31 5 25 43 18 53 38 32 39 24 28 79 
28 1 33 2 13 65 43 46 68 71 44 62 54 24 66 32 9 48 5 8 31 49 60 23 15 51 77 70 67 69 21 34 61 79 10 64 38 17 39 18 56 22 4 3 42 74 6 30 53 72 25 37 40 78 16 55 14 50 57 63 20 75 59 45 58 7 36 27 52 26 0 41 19 76 73 12 29 47 35 11 
73 27 47 68 0 58 61 59 75 78 7 10 51 16 39 56 14 79 53 60 2 63 20 50 76 52 70 26 19 17 4 3 32 35 28 18 57 25 72 6 46 42 38 29 55 34 65 36 15 64 22 67 49 31 23 40 69 45 5 8 9 1 24 30 66 21 13 12 77 54 48 62 37 44 74 33 41 71 43 11 
31 44 24 37 7 8 73 41 21 11 55 45 40 48 63 72 42 58 23 9 66 62 52 20 71 65 43 12 29 14 53 50 74 51 36 57 3 56 16 19 1 30 75 6 64 22 79 39 38 76 28 78 54 25 46 4 18 77 27 13 69 61 67 10 17 49 70 2 35 59 32 5 68 33 60 47 34 0 26 15 
74 40 34 17 37 49 10 59 77 5 39 15 69 64 26 67 60 33 54 24 13 76 30 28 47 35 36 32 4 19 70 50 1 14 11 79 52 0 63 12 78 58 53 22 38 29 18 61 51 27 75 73 43 55 6 21 16 71 45 20 68 42 25 44 41 62 48 66 2 8 57 31 3 9 46 72 56 23 65 7 
65 70 22 23 25 68 75 9 8 4 15 57 27 48 78 61 19 43 66 28 41 0 54 47 62 29 6 71 33 12 1 45 72 26 11 42 18 55 30 17 73 21 44 76 24 59 34 67 38 32 56 50 35 63 10 52 16 58 37 60 5 69 13 14 40 49 7 46 2 39 77 36 3 20 79 64 51 53 74 31 
26 72 74 45 21 31 18 2 69 46 57 16 55 25 38 6 79 32 51 41 68 33 29 53 63 0 36 3 14 52 20 60 77 11 47 10 56 28 71 13 17 62 12 66 35 73 54 27 40 15 39 19 9 7 75 43 5 48 24 49 61 58 34 78 59 4 44 37 1 30 70 67 50 23 76 65 8 42 22 64 
30 71 3 50 14 4 67 42 61 76 48 79 12 64 7 5 35 44 54 19 43 27 22 13 51 15 46 65 52 59 36 56 20 58 37 77 34 55 57 11 72 24 26 53 33 39 49 62 47 66 9 25 68 74 6 23 31 2 73 41 21 0 1 69 8 32 45 38 16 29 70 75 40 18 60 17 78 63 10 28 
13 29 16 67 59 63 78 38 75 1 0 47 69 27 9 41 64 23 49 40 5 37 34 65 77 66 6 3 31 2 35 28 60 57 20 8 73 36 46 18 62 25 72 22 53 58 44 76 42 19 70 74 10 24 7 56 68 11 43 50 30 48 45 55 61 15 12 17 4 51 54 14 21 79 26 39 32 71 33 52 
79 18 28 17 53 56 51 45 34 50 58 48 40 21 73 11 8 0 69 4 22 70 60 31 49 52 33 32 76 78 54 30 39 68 74 24 65 15 23 20 46 2 41 64 26 43 7 37 5 59 42 35 10 3 16 44 75 72 71 61 27 62 77 12 63 38 67 1 25 6 9 47 66 13 29 19 55 36 57 14 
12 32 39 10 17 66 62 19 25 36 42 34 3 71 23 9 55 70 47 43 20 60 8 44 5 7 54 38 64 46 28 2 26 76 78 75 58 14 77 1 49 73 31 29 57 41 65 52 37 27 63 0 21 15 79 68 13 67 16 45 61 33 30 74 40 53 22 51 69 50 56 6 11 72 59 4 48 35 24 18 
35 24 2 56 61 30 6 60 77 38 1 36 52 63 16 33 72 57 59 21 7 67 15 10 31 26 49 78 48 55 74 22 14 8 68 71 41 25 37 18 64 70 23 39 51 12 11 65 79 4 46 69 58 50 9 44 73 34 19 40 13 62 5 28 17 29 66 45 47 32 42 27 76 75 53 54 20 0 3 43 
11 6 43 76 27 49 75 53 13 35 20 32 14 54 42 33 4 40 55 69 56 3 21 65 0 51 5 45 50 18 67 28 29 19 7 66 41 47 38 74 8 9 79 62 63 44 26 23 68 34 25 39 59 17 12 30 1 24 72 22 57 61 31 77 64 52 58 71 15 10 46 78 60 70 2 48 36 16 37 73 
29 70 62 15 37 46 7 50 72 64 44 16 30 20 68 3 42 60 73 2 78 47 9 39 51 12 71 48 25 32 66 4 24 11 10 59 45 0 74 22 53 36 63 33 40 17 13 69 18 57 52 79 31 67 21 1 58 28 77 75 26 5 65 56 8 14 55 34 61 49 35 38 43 54 76 41 23 19 6 27 
33 46 76 14 57 73 72 26 43 37 19 61 58 23 18 8 24 60 40 31 34 56 27 54 22 36 66 35 5 17 79 13 41 48 28 6 75 10 9 11 25 74 51 53 67 16 65 71 52 29 12 15 63 0 64 38 7 3 42 20 32 2 70 47 77 39 44 69 21 45 4 59 50 78 30 1 68 62 49 55 
1 55 59 45 52 44 61 4 71 62 22 19 65 69 0 20 63 2 49 13 39 37 14 10 41 78 68 36 48 77 75 38 64 32 74 16 21 24 35 76 42 6 15 30 34 27 43 17 29 54 73 26 50 28 11 23 70 53 9 46 79 7 56 31 60 3 8 47 66 12 5 67 18 40 58 57 72 33 25 51 
0 15 57 58 21 53 1 9 77 52 5 59 79 44 42 25 50 75 40 70 10 31 6 66 32 64 12 23 29 51 74 24 47 41 55 19 67 72 35 17 39 73 68 18 33 4 2 54 49 48 56 46 8 20 27 61 14 30 7 3 45 28 69 11 16 43 36 13 38 22 76 37 78 34 63 62 71 65 26 60 
22 58 7 5 63 30 38 53 62 11 28 67 17 36 39 60 34 68 27 65 69 40 71 12 16 41 18 45 51 73 6 79 47 37 61 64 23 14 78 8 33 3 31 55 70 25 35 49 13 1 77 26 48 10 24 19 76 72 56 57 50 44 59 21 43 2 20 52 0 54 75 32 46 4 29 74 66 9 42 15 
18 8 47 79 23 67 74 42 66 16 50 26 56 77 78 37 7 15 38 13 29 54 21 43 76 48 61 2 45 3 70 49 52 9 17 0 55 27 1 60 32 19 65 4 75 71 31 53 73 36 34 14 10 24 62 69 59 44 25 51 11 33 46 30 6 58 35 57 20 64 39 63 72 12 28 41 5 22 40 68 
41 24 51 66 27 12 68 26 36 30 49 62 46 28 69 63 29 54 4 75 22 43 55 74 10 78 39 52 72 15 31 57 76 1 8 2 3 34 38 45 5 60 7 56 58 20 23 32 44 35 18 50 59 21 11 0 33 48 47 70 6 19 40 53 77 64 25 14 67 42 13 79 73 37 65 9 71 16 61 17 
40 9 20 33 32 6 57 65 4 70 56 76 67 75 13 39 71 11 25 31 77 16 22 36 59 53 34 61 21 72 30 2 19 44 51 60 58 1 43 47 28 55 26 3 37 46 48 54 18 78 12 45 68 79 7 42 15 29 50 5 10 63 62 35 69 73 27 64 38 0 52 8 17 23 41 74 14 66 24 49 
35 9 3 64 13 52 45 17 74 25 38 5 54 43 69 42 11 14 48 68 10 61 63 73 41 57 50 24 44 77 18 1 78 12 8 53 26 15 71 47 20 65 60 22 72 29 33 16 67 46 79 0 27 76 40 28 37 58 30 32 19 31 66 6 23 59 49 39 62 34 4 55 51 21 36 7 56 75 2 70 
17 2 20 35 64 34 62 49 55 21 66 72 4 29 77 56 75 79 46 23 12 28 63 47 36 51 30 16 24 42 6 19 70 37 41 65 14 58 0 59 32 48 50 61 25 33 15 27 18 5 76 57 78 69 71 39 40 74 52 60 1 7 9 38 22 3 54 8 73 31 26 67 43 53 13 68 11 44 10 45 
10 0 48 54 14 78 51 44 25 59 73 31 79 1 60 5 71 45 57 13 3 43 39 55 7 30 75 9 21 35 76 70 23 63 49 26 40 58 33 38 69 11 27 17 36 62 42 2 4 66 37 16 56 22 72 67 53 8 15 47 74 29 68 28 64 19 46 20 6 50 32 61 77 41 52 12 65 34 18 24 
39 65 50 73 28 7 34 18 61 59 3 29 19 32 12 16 68 74 37 0 46 49 67 40 11 72 44 14 70 8 6 41 53 38 43 5 75 2 33 23 52 58 21 22 56 24 64 57 66 69 26 17 62 45 36 4 9 27 20 10 71 42 63 54 76 48 13 35 1 51 31 55 30 25 47 79 60 78 15 77 
19 31 76 8 47 71 4 40 32 53 78 10 6 69 15 49 12 52 28 61 9 62 7 18 27 30 77 63 66 11 48 46 33 50 25 37 56 73 38 65 1 74 41 35 79 68 42 21 20 58 51 36 22 59 14 60 17 45 2 55 67 54 64 57 24 23 75 44 0 43 5 29 72 13 26 3 70 34 39 16 
55 6 26 60 24 77 23 20 68 2 45 79 72 59 27 1 15 54 34 76 29 41 16 13 66 64 31 42 17 58 67 22 33 50 25 14 47 62 44 65 53 70 38 71 5 30 0 63 46 4 51 12 10 61 11 32 8 43 74 9 35 78 75 56 49 7 19 3 40 21 37 28 73 52 36 39 69 48 57 18 
42 75 27 37 23 18 57 69 43 14 64 11 68 38 70 44 74 52 28 48 34 36 39 32 47 30 51 2 62 19 21 13 67 72 77 22 20 9 40 33 73 49 0 45 5 58 15 55 12 3 7 6 78 46 60 35 31 24 61 29 8 10 1 59 65 25 56 71 79 53 4 66 50 76 41 26 63 16 54 17 
58 30 44 15 36 0 56 43 41 63 61 69 46 74 4 49 19 70 50 45 16 29 25 26 65 17 66 13 8 39 57 73 51 64 35 76 71 10 67 24 5 55 21 7 6 62 33 18 53 77 3 31 22 42 75 37 54 40 47 60 20 1 34 52 9 32 2 27 59 79 78 38 14 48 12 28 72 11 23 68 
3 1 12 11 51 31 78 54 22 48 52 37 67 16 56 35 66 20 40 18 50 27 63 9 62 10 70 75 29 26 24 60 21 41 32 61 68 55 53 59 42 7 23 34 76 79 73 77 39 6 71 5 46 49 0 15 36 28 57 43 30 13 14 17 19 4 72 45 74 38 47 64 8 44 69 65 2 25 58 33 
41 5 32 22 79 21 53 71 8 72 60 24 28 4 73 38 34 26 14 64 59 9 47 15 2 39 57 75 25 65 42 35 7 78 20 17 74 55 62 13 52 40 76 18 0 50 48 54 45 36 68 6 37 19 63 43 51 16 56 33 66 69 12 77 70 58 46 30 49 23 44 67 11 10 27 31 3 29 1 61 
25 46 65 33 70 29 17 58 19 45 48 2 36 27 23 38 7 59 28 10 35 75 37 12 4 79 77 68 20 66 52 49 26 40 8 1 3 78 61 30 47 69 72 39 63 53 44 60 43 56 11 13 14 31 54 71 64 6 0 34 55 9 24 18 32 22 51 57 16 74 15 42 67 41 76 5 73 62 50 21 
33 6 78 8 44 12 5 14 55 16 2 50 72 67 11 74 76 31 39 69 1 19 57 24 3 49 58 51 61 0 73 38 46 47 30 34 42 17 13 15 23 63 32 54 68 65 25 36 48 18 9 52 26 64 7 28 75 66 4 71 70 41 79 60 59 43 20 53 21 29 27 37 77 35 56 62 10 45 40 22 
10 22 30 54 77 62 61 56 9 2 40 52 47 35 45 28 64 53 31 58 43 25 0 3 13 76 72 21 16 34 41 36 67 18 4 71 24 23 68 32 65 1 44 57 39 11 74 8 29 14 59 27 20 17 60 49 38 66 73 12 70 50 69 37 7 46 19 15 26 79 55 48 63 78 6 75 33 5 42 51 
60 26 73 10 65 69 63 21 5 66 32 13 20 27 37 42 49 51 71 53 48 47 67 17 46 11 44 76 43 59 70 16 72 56 23 79 22 29 18 1 35 45 52 7 57 25 62 15 34 4 3 41 61 28 78 33 24 68 12 9 64 54 14 36 75 50 58 31 2 6 40 38 55 30 19 74 77 8 39 0 
48 38 42 63 76 60 54 8 0 29 77 68 6 24 19 39 74 55 40 37 75 4 17 26 25 9 61 3 50 33 62 28 7 5 51 41 56 31 70 44 45 15 49 13 78 79 20 57 22 69 66 14 12 35 27 16 36 59 73 2 71 21 18 32 64 10 65 23 58 46 34 11 52 47 72 30 43 1 53 67 
18 15 71 34 69 36 66 35 23 31 75 50 39 1 56 54 11 38 58 72 55 12 13 78 33 64 53 6 43 79 59 10 8 45 65 73 19 30 28 62 27 17 40 57 29 26 2 74 22 5 70 16 44 14 41 77 7 24 68 67 9 52 32 51 42 60 63 37 4 46 21 25 3 76 61 48 0 47 20 49 
7 4 46 33 52 41 49 17 70 1 40 43 79 73 25 9 67 0 60 51 14 72 68 37 74 47 30 34 3 77 28 62 27 57 23 42 53 71 29 63 5 59 32 6 16 54 20 8 55 48 64 10 22 21 31 11 26 58 50 12 45 2 18 39 66 35 44 65 78 19 15 76 13 38 69 56 75 36 61 24 
36 21 20 74 65 58 64 61 9 78 15 62 67 63 47 73 14 26 52 75 22 79 24 11 32 44 10 8 38 59 13 3 41 56 5 30 46 12 66 33 45 77 18 48 69 25 4 6 7 0 55 39 29 23 76 51 37 19 2 43 40 71 54 50 16 42 28 72 34 60 31 68 53 57 1 49 17 27 35 70 
24 3 53 57 35 48 25 32 49 31 16 64 15 34 27 37 45 51 13 19 60 1 72 2 43 39 50 77 30 8 6 36 71 56 69 66 0 44 14 68 78 21 41 54 28 40 52 47 61 76 42 10 46 5 22 4 70 33 75 23 67 63 62 17 79 26 38 7 65 55 29 58 18 12 20 73 11 74 59 9 
57 5 76 10 40 68 29 79 43 46 0 2 22 70 50 11 54 42 69 49 12 59 55 18 26 21 30 65 13 56 20 31 9 6 64 23 73 47 63 60 7 8 38 61 24 19 67 74 78 58 41 1 36 35 16 28 71 27 33 34 75 4 45 15 39 48 32 72 3 52 51 14 17 77 62 53 37 66 25 44 
62 59 52 51 38 70 66 15 14 16 12 44 27 67 76 17 33 6 78 58 21 77 45 8 34 74 20 43 53 37 75 64 65 1 18 31 63 28 7 54 71 4 36 72 35 73 49 42 0 60 9 39 25 26 57 50 24 61 19 11 29 23 69 22 47 56 48 3 40 5 41 30 2 79 46 10 32 55 68 13 
23 55 71 74 41 56 35 7 50 47 75 60 46 78 19 18 2 9 22 44 17 53 61 39 29 42 72 1 58 20 11 69 5 15 68 76 28 10 37 67 25 21 77 51 52 6 32 27 40 79 12 48 70 62 16 13 26 30 54 65 57 3 43 24 66 8 36 49 38 63 45 34 31 33 0 4 64 59 73 14 
47 26 11 77 39 30 75 27 73 50 4 55 8 66 36 45 32 24 43 25 64 79 49 16 48 57 61 63 46 31 67 12 53 20 68 35 5 59 3 14 29 58 9 60 74 70 0 38 54 72 1 2 62 37 51 34 52 18 17 71 65 10 13 41 42 40 23 28 6 69 33 56 7 21 76 44 15 22 19 78 
14 6 29 34 68 7 28 56 13 12 32 23 3 24 73 76 62 52 64 55 40 10 51 69 0 72 79 25 61 37 4 75 36 65 45 54 38 21 15 44 35 2 53 78 41 30 31 48 9 26 22 17 1 46 19 33 47 16 59 11 49 63 20 8 70 77 50 67 42 57 43 66 27 39 58 5 60 74 71 18 
39 48 53 17 66 41 19 13 4 38 18 37 58 59 22 23 42 46 71 21 31 3 0 33 60 67 57 63 30 51 75 24 16 65 76 12 44 52 68 55 77 47 69 50 10 28 2 40 9 14 35 64 45 7 34 79 56 74 49 29 26 43 25 72 5 73 70 11 36 78 8 32 27 54 62 6 15 1 20 61 
8 59 11 33 29 78 63 21 36 40 15 42 30 72 5 56 54 34 71 14 20 1 61 27 70 66 49 44 3 25 79 32 24 77 52 68 22 19 7 6 10 60 18 58 17 69 2 73 50 62 35 74 43 38 47 4 23 31 76 57 16 45 26 28 51 39 9 75 65 13 0 12 55 67 48 46 37 41 64 53 
71 45 67 18 27 9 19 24 0 72 46 78 64 16 13 26 70 62 28 33 40 20 38 65 61 43 50 17 15 51 57 49 32 79 36 41 2 55 54 3 11 1 23 37 12 48 58 47 7 76 22 39 21 25 6 74 73 14 4 10 66 5 34 68 56 35 69 29 44 60 42 77 53 75 59 8 31 63 30 52 
25 22 74 63 31 43 10 20 6 16 77 48 67 69 44 57 4 52 7 28 56 42 1 2 5 33 8 59 54 53 36 75 23 37 65 73 76 55 12 66 17 46 60 30 41 51 38 3 15 62 61 32 26 50 70 72 40 39 24 11 27 19 0 18 29 71 14 78 64 34 13 35 58 45 79 21 49 9 68 47 
12 21 13 58 68 34 1 2 45 70 76 56 37 51 62 5 63 25 19 42 29 11 64 53 7 57 8 35 39 48 41 65 26 79 27 15 32 28 74 9 77 18 55 14 72 67 60 30 59 73 31 49 66 40 20 75 78 46 4 33 44 10 16 6 43 47 22 69 17 71 23 0 38 54 36 24 52 50 61 3 
41 31 61 73 54 50 28 65 14 60 66 30 69 26 58 42 6 72 9 21 35 37 17 39 16 47 10 0 48 20 74 55 38 8 53 22 49 4 43 77 68 79 36 27 52 78 34 11 19 76 44 40 62 1 3 7 29 33 46 32 71 64 24 67 13 75 15 18 70 2 25 56 12 23 51 63 59 45 5 57 
23 6 32 70 18 47 5 17 63 0 64 45 52 49 44 35 34 22 40 78 71 3 15 59 26 9 51 29 46 53 38 55 50 4 73 56 43 10 68 58 24 75 66 77 14 33 13 60 48 39 41 61 1 74 20 19 36 27 65 57 8 11 54 25 21 37 67 69 72 12 7 28 31 62 42 16 79 30 76 2 
54 79 11 57 62 1 36 51 2 17 61 28 69 24 60 67 19 44 31 75 59 5 74 14 29 50 53 45 64 23 27 78 56 33 4 46 9 47 35 7 42 34 0 21 12 43 10 71 73 76 25 18 3 49 41 66 52 65 37 8 77 16 55 13 68 22 48 39 58 38 6 30 20 63 70 40 15 32 72 26 
68 3 72 77 49 65 24 20 18 30 75 7 33 53 76 38 67 48 10 34 16 25 47 73 17 21 6 13 11 46 9 50 62 71 27 39 15 26 45 52 8 58 54 78 5 42 74 23 2 19 14 41 61 40 35 64 60 66 12 57 70 59 36 31 32 55 56 28 63 69 22 37 29 0 51 1 43 44 4 79 
55 14 2 43 37 16 73 12 39 15 44 38 71 60 22 79 49 51 33 9 40 64 18 32 70 0 27 30 29 59 42 35 28 69 76 58 57 61 20 67 63 31 13 19 66 45 62 8 52 68 11 23 54 77 41 5 56 75 26 1 48 21 50 4 78 25 34 3 65 74 47 10 7 24 17 6 53 36 72 46 
52 47 37 1 46 59 4 54 13 72 7 64 0 69 56 74 79 32 55 27 36 61 8 18 12 5 68 57 39 50 31 77 43 26 40 44 25 15 63 23 45 62 6 58 78 70 3 17 34 67 11 76 22 20 30 14 53 65 75 16 42 33 48 29 49 21 41 51 19 24 38 28 10 60 9 35 2 71 66 73 
67 70 57 42 4 41 10 58 15 3 79 56 40 38 8 46 19 51 71 23 36 32 62 13 73 53 34 78 26 6 50 20 44 16 74 48 68 35 0 30 5 72 66 11 63 1 55 52 9 2 49 28 31 76 59 29 69 18 12 37 17 61 60 14 24 65 22 39 25 43 77 47 21 27 75 64 7 54 33 45 
41 76 34 48 43 33 32 7 47 16 75 77 9 24 21 29 69 30 65 22 10 74 60 3 1 66 19 58 54 56 57 63 49 0 42 39 78 64 17 72 14 45 31 59 12 11 62 28 61 51 6 36 26 73 53 79 23 67 15 70 68 18 20 13 38 40 25 52 46 71 2 8 27 44 37 55 35 5 50 4 
20 78 25 40 45 12 75 22 72 14 66 35 24 49 44 55 26 28 50 71 5 63 36 23 8 37 52 13 4 47 27 21 17 0 73 65 70 31 18 74 33 29 46 67 48 61 56 59 10 64 2 19 30 51 15 38 3 42 62 9 57 53 60 6 34 54 68 39 76 32 58 16 77 79 11 7 1 43 69 41 
77 0 19 66 51 27 60 15 11 3 21 38 39 69 7 10 65 41 29 59 43 55 35 57 71 34 53 37 61 4 52 54 2 45 6 25 74 20 58 46 30 79 22 48 75 31 18 24 62 70 14 76 32 5 8 13 1 73 47 50 33 44 67 36 26 64 28 17 72 63 68 23 49 12 42 16 78 56 40 9 
28 53 26 61 70 9 49 68 35 12 42 36 5 2 6 50 71 16 25 1 62 30 40 79 46 39 52 73 56 77 37 41 45 11 10 29 75 34 67 76 33 17 43 78 47 38 18 31 4 63 15 24 3 44 19 54 55 7 64 21 27 72 69 59 66 51 48 32 65 0 23 8 20 13 60 22 14 57 74 58 
62 74 54 8 3 19 17 16 63 35 30 68 23 44 67 32 79 25 4 58 65 64 40 1 21 47 69 60 76 2 33 22 70 6 12 46 31 27 48 13 24 29 52 14 18 20 53 78 5 72 41 39 37 36 66 45 43 73 9 75 57 34 61 50 55 15 71 38 42 49 11 0 7 10 51 26 77 28 59 56 
36 76 28 57 38 66 72 73 7 44 1 13 50 75 23 14 20 45 6 60 54 30 40 77 12 42 22 25 68 43 59 32 34 48 18 41 61 15 39 4 8 49 10 21 5 0 16 9 53 78 79 56 47 69 35 51 58 64 2 71 19 37 24 29 63 3 67 31 27 11 33 46 70 17 74 55 26 65 52 62 
2 48 65 27 55 31 11 26 78 51 56 58 10 42 70 14 69 28 33 64 59 7 0 24 77 71 3 9 22 15 47 16 18 4 41 49 17 72 54 5 75 52 1 63 67 74 45 57 43 13 32 60 46 66 40 19 35 30 50 44 37 38 20 68 8 73 29 36 6 12 76 79 53 21 34 25 61 23 62 39 
64 29 39 9 60 21 50 52 2 23 33 26 53 8 11 46 51 25 44 49 63 62 22 61 43 76 69 71 55 12 20 17 34 77 13 35 15 68 0 6 57 59 24 72 56 7 40 65 32 38 47 37 73 14 66 3 67 79 10 78 42 18 30 27 75 36 4 28 70 74 41 31 1 16 5 48 45 19 58 54 
16 31 45 30 5 18 62 61 32 8 75 37 6 20 7 13 28 58 46 15 74 34 55 59 51 42 38 23 57 17 10 43 27 73 67 39 1 70 52 79 9 54 24 63 47 56 68 22 72 19 71 0 21 77 12 66 33 41 78 29 25 69 11 2 49 50 65 44 26 53 76 36 14 40 64 60 48 3 35 4 
44 79 37 53 52 26 64 58 54 38 29 66 47 5 40 28 78 57 0 7 33 68 19 10 60 36 48 74 12 14 20 70 65 76 21 4 23 62 27 67 24 32 71 43 39 56 11 63 49 50 77 2 72 30 35 41 3 15 51 42 18 17 1 55 34 61 46 45 16 75 13 31 73 22 8 59 69 9 6 25 
69 1 3 74 29 59 24 35 9 71 48 73 39 34 20 6 63 8 43 58 45 18 36 32 79 41 42 7 70 31 72 27 51 46 26 2 25 12 61 64 21 78 54 4 38 40 19 56 60 13 55 47 53 65 23 49 75 11 76 5 52 67 0 17 30 15 44 77 66 28 50 16 14 10 57 62 33 68 22 37 
67 42 13 49 45 69 10 33 4 14 50 15 60 75 28 22 11 64 78 31 68 17 55 66 46 73 3 56 57 27 37 53 63 5 41 62 2 65 79 21 25 61 16 43 23 36 7 0 44 19 40 72 39 54 24 58 8 18 6 48 1 77 32 47 9 26 52 59 51 71 76 74 34 20 29 38 70 30 35 12 
72 46 41 39 27 18 56 30 31 77 76 70 74 1 0 48 47 21 44 73 36 22 62 11 37 35 65 5 49 68 66 25 2 63 9 33 34 14 50 38 53 26 12 23 52 54 75 57 69 16 51 19 4 59 28 78 8 15 13 55 29 79 32 6 3 10 60 42 45 20 67 64 71 24 7 58 61 43 40 17 
43 37 14 40 17 78 4 25 50 47 51 24 34 55 76 68 46 60 8 16 41 38 67 7 66 64 52 6 29 35 59 11 32 15 19 77 9 23 61 63 36 5 53 70 48 45 22 28 30 74 13 71 26 2 72 75 58 62 69 54 33 44 31 27 10 21 79 42 49 39 73 65 12 57 1 20 18 3 56 0 
49 78 24 65 61 0 42 76 2 79 8 10 58 12 23 34 30 20 73 57 53 75 37 3 59 26 51 74 45 69 77 22 32 50 1 13 71 62 27 60 19 9 48 38 33 29 40 21 16 5 36 25 68 54 52 18 56 72 70 55 41 43 63 46 31 4 28 66 7 64 67 14 44 15 17 11 47 39 35 6 
17 12 54 59 38 11 79 39 72 32 35 67 15 47 41 56 43 65 20 52 28 26 22 48 31 6 44 70 4 45 77 23 60 40 13 2 61 7 63 16 62 19 57 73 64 10 55 25 42 51 34 49 18 36 29 74 0 27 3 21 33 50 5 76 9 37 8 46 1 24 69 75 58 68 71 53 14 66 30 78 
33 18 52 71 5 68 55 21 27 40 19 1 75 16 54 38 62 36 48 53 58 3 0 66 15 22 77 46 61 73 17 30 7 64 76 20 42 4 26 29 57 65 78 6 49 44 8 47 51 31 79 35 34 63 43 37 2 41 14 69 25 72 56 12 9 74 10 50 13 45 70 67 39 60 23 28 32 59 11 24 
6 63 25 9 0 73 13 74 24 64 28 26 67 30 35 70 7 66 72 43 19 79 17 76 65 56 71 78 69 2 52 11 21 68 51 61 31 34 39 12 8 10 14 29 1 42 75 38 58 5 32 46 48 16 50 22 55 37 18 20 3 57 59 15 44 40 49 54 23 33 62 45 60 27 77 53 47 41 4 36 
75 6 23 36 58 29 35 49 44 25 16 41 11 78 62 60 56 46 4 71 21 32 40 59 57 39 14 48 79 65 68 67 54 13 9 3 15 24 37 43 27 69 45 53 55 18 12 1 20 17 61 33 70 74 8 2 10 76 28 47 50 34 77 64 51 26 0 73 31 42 72 22 30 66 7 63 52 19 38 5 
19 43 72 53 63 7 50 20 62 47 31 3 57 33 59 66 22 1 28 10 8 70 9 5 45 56 27 74 60 55 79 41 13 15 4 26 37 75 52 35 14 58 49 24 69 16 30 34 77 39 12 71 51 17 0 23 76 61 64 44 18 48 32 2 29 67 11 36 40 6 38 65 78 54 25 46 42 21 68 73 
61 27 60 22 0 46 5 45 56 42 32 66 67 25 36 12 69 47 38 76 54 51 37 73 40 2 64 71 1 77 49 58 55 15 24 39 7 68 23 28 53 35 9 16 14 74 11 65 4 33 62 50 10 70 59 31 72 20 78 21 29 6 17 30 13 41 18 3 63 34 79 43 52 57 48 8 44 75 19 26 
10 51 14 44 75 47 19 52 34 31 50 18 42 30 2 57 65 41 24 4 5 78 77 70 20 11 54 29 39 13 16 73 40 23 12 79 6 72 35 17 71 69 66 53 21 59 7 25 64 33 26 63 3 37 68 62 28 67 38 43 60 49 45 15 46 48 1 36 32 76 74 58 55 22 8 9 0 27 61 56 
68 13 34 61 17 53 21 36 48 33 67 9 18 77 55 59 40 12 27 32 60 44 74 71 56 6 8 42 14 62 29 28 46 26 3 22 1 78 57 58 10 23 64 4 38 69 11 19 45 39 52 50 49 66 16 25 41 72 0 75 43 63 30 70 20 24 73 79 15 65 31 47 37 35 51 76 54 5 2 7 
35 69 9 76 37 78 49 70 3 26 44 48 67 30 41 53 23 10 0 7 45 6 15 31 65 72 32 28 54 36 77 5 14 19 24 58 55 2 63 27 8 79 17 40 20 75 39 64 43 59 46 21 29 16 11 4 56 74 68 25 38 57 66 22 42 52 33 34 50 73 47 71 1 62 61 60 18 12 13 51 
23 57 22 29 65 34 52 79 8 76 39 60 62 38 50 49 19 42 14 74 27 59 51 11 31 63 64 18 1 3 73 10 6 12 4 26 35 54 44 36 61 28 7 30 66 33 67 55 70 47 48 71 0 25 40 45 20 43 17 75 53 58 56 37 13 32 46 69 78 77 15 9 68 16 72 2 21 5 24 41 
63 73 1 16 51 15 20 40 77 54 11 76 12 47 38 2 46 21 43 17 5 75 58 27 3 68 71 74 30 28 79 45 37 41 42 44 26 24 6 50 18 14 56 0 55 31 60 52 65 72 70 10 25 9 36 59 8 69 32 78 49 57 39 33 62 53 48 61 13 29 19 22 67 7 34 23 35 66 64 4 
32 68 57 63 23 58 66 61 1 15 72 55 33 43 64 48 37 21 11 7 13 50 34 4 35 38 20 70 24 69 28 67 29 2 54 40 71 51 8 5 41 73 52 78 0 16 25 30 76 36 60 49 19 56 9 47 65 26 45 18 22 59 53 31 3 12 42 6 62 75 39 14 27 46 10 44 74 77 79 17 
14 46 69 62 31 71 4 74 24 40 65 25 49 56 20 7 11 57 77 0 32 60 33 45 42 26 39 79 29 5 78 44 17 9 16 54 38 34 37 58 6 66 18 75 30 67 35 10 64 51 22 19 8 48 47 21 70 28 61 12 63 76 59 72 41 68 53 36 55 3 13 50 52 1 27 23 73 43 2 15 
49 41 64 52 15 39 12 13 22 16 48 75 8 70 58 72 19 43 45 3 59 2 10 66 53 9 30 73 55 36 74 5 76 65 0 28 67 18 34 68 35 47 61 25 51 79 7 62 11 60 50 21 63 24 4 27 42 29 44 77 23 46 54 38 14 56 32 17 31 78 40 20 26 1 69 37 71 33 57 6 
38 25 3 19 21 77 37 78 69 56 43 26 27 59 17 35 62 23 5 73 8 33 72 42 13 31 12 50 46 22 51 34 79 29 75 0 2 7 1 39 10 53 67 61 41 6 68 55 44 76 71 74 64 47 9 24 36 45 20 4 66 40 57 28 54 48 15 63 18 30 11 58 60 16 49 32 70 14 65 52 
51 36 70 13 18 8 39 52 41 24 2 4 63 47 66 6 68 50 37 22 48 20 57 44 64 1 17 42 32 10 56 73 28 27 67 31 58 3 38 14 76 21 71 29 33 61 79 75 7 62 11 69 34 9 43 65 35 23 30 74 5 40 59 77 19 16 15 46 53 12 60 49 72 54 78 0 55 25 45 26 
55 5 74 0 18 71 59 17 30 60 28 53 54 48 12 33 16 20 23 25 2 19 34 7 57 47 69 43 78 50 32 61 37 11 79 9 65 46 36 6 15 35 75 14 44 66 3 56 73 13 52 41 63 1 29 39 8 70 72 77 51 31 4 27 22 49 40 38 24 76 62 68 45 21 67 58 42 64 10 26 
40 54 71 10 7 67 31 26 46 53 72 39 29 69 73 4 14 76 42 61 27 21 2 60 70 74 15 45 43 75 51 63 48 12 1 64 66 19 22 32 30 23 52 9 41 6 0 34 8 36 16 33 57 62 68 13 78 17 77 5 59 47 24 3 35 44 65 58 50 56 28 38 49 18 11 37 20 25 55 79 
9 50 79 34 65 4 55 10 58 45 44 38 1 35 15 62 61 27 72 3 67 6 21 68 75 33 49 29 60 5 57 31 22 28 18 51 76 16 52 26 37 56 73 43 78 77 11 32 66 30 74 25 2 20 0 48 40 23 13 17 64 12 63 69 42 46 53 71 70 14 47 54 24 59 39 36 19 8 7 41 
30 70 64 1 13 66 32 16 46 26 59 11 75 12 60 7 44 61 31 65 25 50 57 18 36 76 53 17 24 0 55 49 41 52 74 21 45 3 40 33 71 78 27 35 47 38 39 62 58 8 6 4 9 14 56 23 42 72 2 77 68 51 19 79 54 22 15 37 5 43 69 73 28 63 34 20 29 48 67 10 
28 15 63 9 29 6 68 39 47 14 36 8 54 69 42 59 76 67 79 11 25 77 16 0 13 71 73 56 20 53 24 57 22 44 3 51 49 34 21 66 5 72 48 35 64 17 26 41 23 43 19 78 45 62 52 30 74 70 37 60 58 33 75 40 55 38 4 32 1 10 12 46 65 31 7 27 2 18 61 50 
48 65 56 46 20 24 55 43 35 10 34 40 37 58 77 50 63 12 17 66 39 2 19 54 42 52 18 68 0 15 36 60 78 13 25 75 14 5 73 62 33 32 45 41 11 30 27 76 53 67 22 49 7 38 72 79 70 44 16 69 61 57 9 1 74 3 71 59 64 23 26 6 21 29 28 51 47 4 8 31 
78 64 74 58 6 4 23 2 7 77 26 21 53 18 3 31 73 19 45 20 71 14 41 67 36 54 50 10 63 59 37 49 43 28 62 5 70 76 22 38 47 40 1 24 13 51 25 61 60 57 15 16 69 29 55 79 42 8 33 44 68 39 72 46 65 27 52 0 32 12 75 17 30 35 11 48 66 34 56 9 
45 44 27 47 52 1 79 69 38 17 57 30 49 29 72 8 21 9 7 33 46 16 11 40 48 28 51 61 75 32 42 26 76 64 60 41 73 56 5 67 24 4 62 39 66 54 14 59 55 71 63 19 18 15 53 50 25 2 13 10 78 70 20 12 77 34 31 37 58 43 74 68 0 3 23 35 22 36 6 65 
41 32 75 77 51 3 0 61 72 78 11 19 71 23 76 12 16 67 20 31 29 17 70 4 64 37 66 79 42 28 68 30 15 35 24 74 34 40 10 9 22 46 43 56 33 69 27 8 25 14 18 55 6 58 26 1 65 38 44 62 47 53 73 45 48 39 7 52 49 13 57 36 60 50 59 63 54 21 5 2 
42 22 24 44 51 8 69 33 60 50 62 36 43 21 37 13 47 25 23 27 63 55 70 61 26 53 59 18 65 16 11 58 54 10 14 6 41 9 34 2 32 1 79 49 45 66 15 7 12 48 68 39 35 0 57 46 5 19 30 52 40 72 20 78 28 64 38 17 31 71 74 67 3 73 4 29 77 75 56 76 
59 43 56 6 74 30 5 21 57 49 7 66 70 20 2 48 29 15 67 14 35 38 65 0 58 68 46 76 63 73 3 78 77 28 31 27 47 36 53 18 12 9 17 39 55 32 54 51 69 1 10 44 4 64 40 23 61 75 37 60 26 45 34 79 50 41 22 13 62 52 72 71 19 42 11 33 8 25 24 16 
74 13 73 54 18 46 10 4 11 62 77 58 8 52 36 23 64 75 55 29 34 5 22 25 72 39 26 69 9 37 31 48 56 35 57 79 47 60 14 30 71 16 27 49 33 42 24 17 28 20 68 45 15 3 59 76 65 50 12 19 61 40 21 1 32 70 6 0 2 66 67 44 43 41 78 63 51 7 53 38 
53 71 17 62 2 0 35 26 25 66 40 16 1 27 10 32 22 56 8 65 63 50 44 74 75 7 11 47 51 58 73 78 43 34 23 67 12 21 13 28 72 60 20 33 15 49 42 6 19 4 59 39 36 31 77 52 68 41 54 48 79 64 45 9 55 69 38 14 46 70 76 29 61 3 18 30 57 24 37 5 
22 55 20 5 42 61 41 31 68 69 19 38 32 18 60 72 35 8 30 45 24 3 70 75 40 44 49 79 1 14 54 37 4 77 52 53 11 36 34 46 65 23 51 67 39 7 25 29 63 50 56 9 33 78 0 73 13 2 15 48 43 59 10 28 12 58 47 26 21 74 66 76 17 62 57 6 71 64 27 16 
73 3 28 77 21 38 63 76 45 39 29 57 4 6 59 50 11 33 9 12 37 47 23 64 30 74 27 53 58 65 15 68 56 36 78 16 60 52 66 19 24 71 67 2 13 48 26 44 51 41 75 8 7 1 40 34 46 70 79 17 22 54 18 35 62 0 5 61 69 43 42 31 20 49 32 72 10 14 55 25 
15 48 16 70 14 31 61 13 33 39 47 29 7 37 75 38 21 79 25 49 20 62 35 50 73 1 18 19 71 17 24 74 55 78 43 34 63 67 22 56 40 52 76 41 57 53 44 46 5 45 6 23 12 32 2 60 26 10 65 8 30 68 59 42 69 64 54 0 77 58 51 66 4 28 3 11 27 9 72 36 
26 10 41 64 45 23 76 56 44 36 3 34 68 42 72 57 17 12 9 63 71 69 38 0 52 27 25 77 20 55 28 2 4 70 46 5 58 6 62 7 67 48 53 8 40 18 43 66 21 54 59 14 24 37 31 35 30 13 16 79 60 19 50 11 61 51 47 75 29 22 78 73 32 74 65 39 33 49 1 15 
66 60 51 6 40 52 67 79 2 65 55 32 30 9 22 27 39 12 59 5 36 10 78 1 43 73 46 25 68 19 72 41 53 42 26 56 33 58 8 74 0 24 54 44 37 63 21 35 57 62 75 3 14 76 18 29 20 47 31 15 16 71 50 7 61 11 45 28 69 17 13 4 70 23 38 48 34 64 77 49 
4 19 58 12 51 28 13 45 49 1 35 55 53 79 69 42 34 74 76 70 47 61 3 31 43 56 20 54 44 36 15 18 16 38 48 5 22 71 64 10 50 14 6 66 39 26 77 46 78 32 17 0 59 73 24 2 33 21 25 11 72 60 7 40 75 67 8 27 29 30 37 23 52 9 65 63 41 68 57 62 
71 0 28 11 64 37 39 54 66 57 29 75 15 63 62 23 17 18 5 24 38 76 31 41 33 50 72 32 60 3 46 13 74 59 2 49 20 27 25 1 34 14 48 26 51 8 36 65 61 9 30 6 52 45 4 7 22 10 53 73 40 77 42 55 35 78 21 12 43 67 79 69 47 70 19 16 44 58 56 68 
46 53 67 48 75 7 8 54 44 26 78 51 65 68 30 27 35 29 34 57 21 36 38 20 22 74 13 73 16 9 40 2 70 37 24 50 33 19 72 59 77 31 4 32 52 45 47 60 69 63 56 25 5 64 41 15 23 6 61 17 11 71 43 76 14 0 79 1 3 18 66 55 12 10 39 49 62 28 58 42 
47 49 19 52 14 6 45 12 60 4 17 72 11 29 0 37 61 79 16 43 77 1 62 31 70 23 21 13 78 9 57 25 7 44 67 66 18 2 58 27 3 5 15 56 65 64 38 59 48 69 24 71 68 42 73 28 22 41 50 75 39 36 34 63 20 33 30 54 8 55 40 74 53 10 32 35 26 46 76 51 
15 47 10 7 68 59 33 32 66 50 62 64 41 58 25 18 42 34 16 65 69 40 2 63 37 49 20 54 4 44 30 71 74 61 51 38 70 55 28 24 35 26 5 48 12 75 56 9 23 79 77 53 72 29 45 21 13 27 0 6 1 57 14 43 52 11 3 22 76 67 39 31 8 17 78 60 46 73 36 19 
43 24 3 39 70 68 11 16 55 52 50 65 62 23 25 17 49 77 14 69 36 42 40 58 22 74 32 46 54 19 30 79 8 75 15 66 67 37 21 6 1 51 2 45 31 26 28 4 72 35 0 41 13 53 59 56 60 73 48 5 78 71 64 7 57 38 44 27 10 61 34 12 63 47 29 9 20 18 76 33 
20 61 56 33 13 14 26 30 78 79 28 66 72 42 9 8 1 18 41 27 19 68 63 29 23 10 2 45 0 51 49 40 62 71 64 59 73 22 17 50 54 3 31 69 21 48 77 46 39 12 76 52 16 7 47 11 4 58 32 5 36 65 44 57 60 24 53 37 15 74 43 55 70 25 38 67 35 75 6 34 
54 27 41 9 76 3 32 59 78 67 36 60 21 34 11 8 55 17 75 64 40 62 35 33 7 73 24 70 38 58 46 57 16 12 5 69 25 20 52 68 39 49 31 10 28 44 66 56 42 47 43 61 48 4 51 2 1 22 45 65 6 26 15 18 29 72 19 23 74 63 79 37 30 77 14 50 13 71 53 0 
24 73 5 76 0 44 46 48 79 72 58 6 1 74 15 50 71 37 19 33 64 10 32 69 22 47 13 53 77 38 61 25 12 31 63 11 62 78 29 52 35 51 14 54 39 40 26 8 66 3 2 59 17 23 57 56 70 36 9 43 45 4 7 49 41 75 42 67 28 30 20 65 34 18 27 55 68 16 60 21 
21 35 75 42 22 78 1 4 14 63 34 12 18 65 8 39 28 77 32 57 43 30 3 41 26 15 62 25 60 71 53 2 31 55 67 5 11 37 0 70 36 64 61 68 29 6 51 49 33 19 54 7 58 17 56 20 52 45 24 74 16 72 66 47 23 69 27 9 76 46 10 48 44 79 73 59 38 13 40 50 
53 72 6 60 29 18 10 49 36 51 38 66 34 65 47 43 71 74 15 8 56 57 45 40 1 62 39 37 30 55 27 78 67 69 11 0 13 46 63 50 48 3 16 9 76 77 35 23 20 44 42 61 58 24 64 68 5 4 32 31 75 7 41 22 19 79 28 52 21 12 59 26 2 25 33 73 70 17 14 54 
45 52 77 20 35 59 19 73 68 51 9 21 22 14 31 16 46 53 23 70 13 7 55 66 67 11 60 32 0 27 30 43 49 61 76 10 58 48 54 6 26 37 12 33 8 18 42 64 71 38 63 74 29 25 28 79 44 72 75 17 40 50 5 39 4 15 34 41 65 36 47 3 57 78 69 1 24 2 62 56 
76 27 63 4 2 50 69 40 17 48 36 28 24 44 31 79 55 3 43 9 72 15 67 23 62 10 60 61 41 77 73 33 16 35 37 57 20 34 78 6 45 65 18 7 75 70 13 54 71 68 52 47 74 29 19 58 59 0 42 8 51 39 53 30 56 26 1 25 12 38 49 66 32 22 64 14 5 46 21 11 
26 57 39 78 32 5 20 7 48 56 21 23 69 58 16 43 61 64 3 11 1 75 47 38 10 18 44 72 12 35 49 8 76 22 52 71 54 60 73 79 67 19 27 46 2 66 6 24 77 62 0 74 34 14 28 50 37 9 65 70 55 4 53 68 17 42 15 31 41 13 30 45 25 51 40 63 33 36 29 59 
56 8 25 59 37 12 47 6 55 48 34 17 65 79 64 40 21 41 3 50 16 14 33 36 28 31 0 71 68 30 4 76 5 42 26 46 22 45 51 75 13 74 23 11 77 20 39 10 18 27 29 61 66 38 49 54 58 70 60 73 35 53 62 63 9 72 44 67 2 1 69 15 52 7 32 19 24 43 78 57 
79 43 24 22 70 30 18 33 25 45 4 2 63 71 60 15 42 58 67 66 73 14 52 38 34 74 59 29 7 13 56 36 17 10 31 77 21 44 32 19 54 61 76 35 46 68 65 41 27 28 69 55 62 50 8 72 3 20 9 64 78 11 0 53 6 1 47 57 51 40 75 12 37 49 26 39 5 16 23 48 
53 75 46 32 5 9 54 52 1 63 65 12 19 42 40 49 50 38 16 56 29 69 70 26 33 22 27 14 48 71 35 13 30 55 3 15 41 34 24 60 43 51 28 2 58 23 44 4 73 8 39 47 76 57 74 21 79 7 64 61 36 45 31 37 6 66 20 25 59 18 11 78 10 17 0 68 62 67 72 77 
72 68 5 10 24 65 53 64 11 46 18 59 37 1 28 78 47 51 19 61 0 4 48 8 2 42 66 33 60 67 21 26 55 49 31 52 9 6 44 36 20 7 57 39 3 13 69 17 34 58 12 41 23 70 35 32 15 50 79 76 45 27 16 63 25 74 54 62 73 40 14 77 38 22 43 56 29 71 75 30 
30 2 22 17 67 14 69 71 58 25 9 41 39 40 27 29 74 13 66 79 7 77 38 15 70 6 20 49 72 45 32 23 51 50 16 36 4 12 0 57 56 53 26 37 68 19 24 48 31 78 62 76 46 47 34 1 59 65 28 63 42 64 61 75 73 35 10 8 33 60 11 43 52 54 3 5 21 18 44 55 
35 61 9 74 51 73 29 11 57 44 45 59 39 25 30 31 62 33 28 75 16 78 34 14 48 70 1 40 65 38 68 72 36 53 58 0 55 41 10 43 15 64 12 13 46 32 50 77 76 52 63 27 37 66 5 17 26 47 69 18 22 21 7 42 56 8 19 24 67 79 20 6 3 49 54 4 60 23 2 71 
65 60 51 54 62 50 49 76 0 8 67 4 53 25 23 18 5 68 13 77 12 43 10 29 58 39 47 28 75 7 45 56 31 61 26 24 57 19 20 71 40 17 55 38 44 36 70 11 3 35 63 21 1 30 78 59 52 79 6 41 9 72 48 14 69 74 32 33 15 66 22 73 16 46 34 42 27 2 37 64 
71 60 75 79 70 26 7 37 73 69 2 52 59 3 15 11 35 42 36 57 64 4 8 72 6 32 68 41 66 63 17 19 65 27 18 43 55 24 14 67 48 22 76 78 45 1 16 29 21 77 10 53 9 5 56 38 54 25 49 50 34 30 39 44 46 33 12 40 20 31 13 28 62 0 23 51 47 74 61 58 
54 0 28 45 77 33 2 50 27 25 74 41 6 42 60 63 52 18 46 37 75 79 31 12 34 24 71 47 16 10 48 59 19 56 5 4 49 21 35 72 58 66 67 43 64 9 53 11 40 7 62 57 8 76 51 14 69 73 30 55 1 17 20 29 26 68 78 32 23 38 13 3 61 36 39 22 44 65 70 15 
33 22 20 13 61 37 9 73 3 79 57 56 47 63 69 0 62 12 30 35 38 10 55 75 58 25 68 77 16 40 74 67 70 2 78 23 32 42 26 44 14 49 19 15 21 43 53 34 36 66 76 17 48 51 11 41 54 39 4 5 59 8 52 45 60 65 71 18 7 46 1 6 64 31 24 50 27 29 72 28 
36 70 19 34 28 44 15 61 7 11 49 22 64 72 41 73 23 59 26 54 1 6 58 32 21 39 5 40 20 0 74 27 13 65 76 71 45 46 51 78 24 75 60 62 31 66 56 17 52 68 29 25 69 38 47 2 55 77 18 53 37 30 67 42 16 3 12 9 8 63 4 43 10 50 48 57 33 79 35 14 
3 26 29 43 27 38 40 31 62 56 12 74 18 21 66 64 44 79 16 39 14 54 49 65 11 42 53 24 71 19 13 5 68 9 4 59 70 10 25 8 46 37 30 36 57 76 51 52 61 78 7 23 20 55 60 33 22 67 73 72 2 50 58 63 47 41 15 32 45 35 17 34 1 77 48 6 75 28 0 69 
1 18 37 20 8 62 64 78 43 33 0 22 53 69 36 29 4 41 32 67 30 70 12 73 3 50 45 21 79 17 57 10 77 35 9 59 2 39 65 47 72 51 46 25 24 42 6 38 7 14 76 49 44 60 13 66 74 34 5 75 16 15 11 54 27 63 28 71 48 52 55 23 26 61 31 19 68 40 56 58 
36 40 55 52 71 47 13 57 58 50 68 63 76 42 45 33 73 35 6 23 48 28 51 1 30 44 43 19 31 29 59 49 2 24 69 27 15 25 32 22 20 75 38 77 0 7 64 70 11 10 62 18 65 16 34 78 39 4 26 54 8 37 9 46 14 60 21 5 79 41 67 3 66 12 72 61 56 17 53 74 
12 66 62 21 48 56 31 58 17 63 20 72 24 49 51 59 68 14 6 57 11 26 61 74 70 47 5 41 7 22 34 3 50 55 13 46 36 67 8 75 43 44 9 78 10 2 33 53 60 15 76 30 29 52 64 1 54 79 16 42 77 38 40 65 0 73 27 25 19 35 18 4 37 71 28 32 45 23 39 69 
64 77 15 4 10 16 9 78 8 30 51 72 23 53 14 56 33 39 2 74 32 42 38 36 18 79 0 70 75 55 28 46 43 60 65 35 3 27 21 47 1 54 22 59 40 68 17 19 25 11 73 71 6 63 61 62 20 57 48 24 66 26 69 50 29 76 58 12 7 34 44 67 37 52 49 45 13 31 41 5 
65 6 15 20 41 0 34 26 44 9 40 31 2 7 42 67 79 29 61 16 59 55 17 19 8 5 13 73 35 63 48 54 18 66 58 69 4 33 62 52 39 1 75 21 68 28 46 47 10 45 3 71 14 32 23 38 37 51 27 24 72 25 50 49 60 74 76 57 70 64 11 56 43 22 53 77 12 36 30 78 
70 48 11 23 66 32 39 46 14 5 4 54 78 62 6 34 52 2 44 22 24 56 38 25 61 63 45 64 13 31 37 19 74 0 68 65 76 1 3 72 26 57 51 35 42 53 12 75 47 77 18 17 79 8 27 15 16 40 73 60 30 36 67 28 59 71 9 49 29 50 69 55 21 10 20 7 58 41 43 33 
49 38 31 76 68 75 35 69 70 73 59 60 78 28 52 13 53 10 24 29 37 7 51 40 11 23 55 14 50 17 30 6 47 20 42 71 39 12 65 34 62 25 57 33 21 61 27 19 64 41 1 9 72 46 43 26 32 5 77 54 74 2 18 56 63 15 4 58 44 3 67 0 36 66 79 48 8 16 22 45 
27 39 31 8 5 64 2 69 22 77 17 71 21 59 9 24 29 78 53 37 19 45 75 4 66 58 57 34 6 48 23 55 12 73 56 60 72 41 52 49 65 61 25 50 28 32 54 35 10 15 70 67 44 47 16 3 20 46 36 11 18 68 1 14 26 74 40 63 7 33 43 79 51 42 13 0 38 62 76 30 
49 25 73 66 52 33 37 28 16 20 77 48 5 41 55 3 61 8 44 69 45 56 67 74 65 31 27 2 11 58 57 26 36 60 19 29 22 64 76 7 21 59 0 13 1 50 14 70 18 78 42 12 6 62 51 63 35 40 47 23 30 46 38 72 32 4 71 9 34 39 43 17 68 79 54 15 10 53 75 24 
68 44 55 29 12 1 56 17 7 53 46 15 43 69 26 63 21 31 35 45 10 75 8 16 61 50 79 49 2 23 47 28 51 33 18 72 64 34 36 78 76 3 59 14 13 52 58 48 37 67 71 5 60 32 57 4 54 20 77 25 27 39 38 41 40 73 42 30 66 65 0 11 6 22 24 9 19 70 62 74 
44 47 38 30 19 9 46 3 45 79 25 54 20 35 71 26 34 74 13 12 24 32 11 10 21 67 22 39 64 0 41 48 49 56 50 63 1 4 66 76 18 7 37 33 59 43 15 36 53 65 17 42 52 8 14 40 69 68 2 72 75 6 58 78 51 23 28 57 5 16 55 61 29 62 27 31 77 60 70 73 
52 74 67 63 35 46 71 5 58 9 60 32 50 42 75 15 53 27 3 57 14 13 47 43 33 18 54 68 79 26 31 62 36 78 30 34 2 61 23 0 29 28 65 7 6 4 24 66 40 64 49 77 12 73 21 22 16 1 56 37 39 48 55 11 17 76 19 70 20 8 10 72 38 45 51 25 41 44 69 59 
12 14 41 1 55 51 42 72 73 25 10 39 24 35 67 45 8 74 52 38 29 65 40 28 18 15 23 58 16 22 59 49 33 5 53 64 3 76 9 11 71 26 62 0 27 30 69 17 7 48 2 78 21 43 19 61 37 79 77 47 36 50 60 6 20 13 46 56 4 75 54 57 70 68 31 34 32 63 44 66 
17 42 57 13 52 61 23 59 46 56 63 9 65 10 60 22 78 55 1 64 75 45 54 77 33 7 72 30 70 20 5 51 16 71 36 12 21 41 73 66 62 44 28 43 6 53 11 4 38 76 32 50 40 67 74 8 58 48 49 39 37 24 3 25 14 18 29 34 47 69 19 26 27 68 0 79 35 2 31 15 
60 47 43 4 9 6 48 40 34 50 38 72 44 70 31 76 71 27 74 0 10 57 42 15 5 19 22 21 46 73 17 49 79 12 23 16 67 25 51 32 3 75 8 30 61 69 45 68 65 63 39 36 56 78 58 7 29 77 28 64 14 55 54 13 62 18 37 24 33 35 59 11 53 66 1 2 20 52 26 41 
77 67 76 63 1 44 20 23 43 0 39 72 35 24 28 79 62 36 18 54 73 49 37 50 7 17 30 12 2 11 6 58 8 61 26 55 52 4 32 31 41 47 22 66 27 51 5 45 68 42 9 29 34 38 59 25 19 3 70 10 56 13 74 78 71 16 46 64 57 69 15 60 33 65 48 21 40 75 14 53 
21 69 68 53 57 78 54 18 66 2 58 11 40 62 55 74 61 34 73 32 51 9 7 24 17 79 13 29 5 76 77 15 39 26 72 35 0 4 42 47 6 36 64 60 14 28 43 30 27 1 59 23 63 22 41 12 37 38 46 71 65 33 67 75 44 25 19 8 48 10 3 50 52 20 16 49 31 56 45 70 
43 77 70 26 56 32 36 33 72 38 4 78 45 19 59 3 0 64 27 65 67 40 75 76 73 42 7 57 16 68 8 74 10 69 48 28 62 41 17 20 39 6 22 14 30 51 18 2 46 21 1 53 13 35 37 15 54 58 55 61 52 63 25 23 34 50 9 49 71 29 47 11 79 31 60 66 5 12 24 44 
1 10 2 26 25 68 15 75 76 50 13 34 24 36 74 67 46 63 61 48 3 62 47 17 37 69 66 5 16 70 12 58 8 6 20 41 33 39 14 21 11 55 51 43 73 54 19 60 27 77 44 71 4 65 72 30 64 32 49 9 45 23 59 0 79 28 7 22 18 40 38 31 57 78 29 56 42 35 52 53 
37 63 60 19 43 28 3 51 76 15 31 68 71 39 25 1 53 41 35 69 16 44 57 78 49 58 6 22 47 50 56 7 70 54 55 65 11 48 61 8 74 40 42 62 20 45 66 34 52 79 18 4 23 64 0 9 24 59 10 67 38 2 21 26 17 77 33 72 12 46 30 13 32 36 5 73 14 75 29 27 
47 0 63 18 23 38 41 21 12 49 61 53 57 32 2 22 19 27 50 67 36 78 71 33 37 10 72 34 14 30 29 24 56 73 77 40 4 54 31 69 16 75 7 9 17 43 64 20 68 79 25 65 66 1 48 42 58 45 44 35 8 59 15 51 74 76 28 46 39 5 3 52 60 6 62 55 11 13 26 70 
77 59 16 29 42 11 14 79 76 37 56 5 51 62 48 23 65 53 28 43 2 30 63 24 40 52 34 10 9 19 69 20 60 1 22 50 67 57 36 6 66 32 38 58 17 73 44 33 45 12 8 61 7 3 25 54 41 47 35 31 75 27 13 64 71 72 18 46 15 74 68 55 21 70 0 4 39 49 26 78 
79 7 62 31 64 53 24 66 6 67 3 48 32 49 29 42 23 2 70 71 36 55 25 65 44 18 37 43 0 60 26 46 72 58 52 59 15 28 33 56 69 50 76 1 5 27 20 39 13 40 63 12 57 9 75 21 77 11 78 45 38 10 47 16 74 34 68 8 35 54 41 19 61 30 17 14 4 51 73 22 
16 17 32 10 76 29 59 64 74 41 79 68 25 26 48 78 18 58 45 39 60 43 7 73 77 40 51 42 36 66 3 72 70 31 71 8 12 4 34 44 47 1 55 20 19 22 14 23 9 5 37 61 53 27 30 56 2 62 50 24 49 35 63 57 69 54 21 6 11 38 0 28 13 65 46 67 15 33 52 75 
5 14 58 27 53 74 77 75 35 46 30 16 10 42 51 21 44 54 11 31 26 76 34 64 7 52 41 62 33 0 13 6 8 78 60 15 1 56 38 43 25 69 57 68 49 19 66 65 37 36 79 23 24 63 29 70 47 45 67 72 9 2 3 28 59 55 32 4 18 17 48 61 22 39 40 20 50 71 12 73 
54 45 78 47 31 52 3 67 62 17 56 21 39 25 1 64 13 16 74 65 27 42 4 24 37 38 51 70 79 33 40 61 57 59 2 41 14 18 63 6 5 48 69 71 0 44 53 28 77 68 75 20 11 19 58 46 26 35 10 15 32 72 76 7 66 43 60 23 50 30 73 34 36 29 22 55 49 9 12 8 
73 1 13 78 71 67 46 76 75 74 68 31 59 48 77 5 65 42 50 19 0 12 70 66 4 69 57 40 6 63 79 64 44 62 54 56 55 60 72 61 52 49 51 28 47 45 43 38 21 58 39 41 37 35 53 34 36 24 33 32 30 27 3 29 18 22 25 26 15 17 16 2 20 14 10 23 7 9 11 8 
