128 4 40
35 39 31 33 37 36 23 27 38 30 16 28 21 18 29 34 32 25 12 19 13 26 20 6 24 10 17 22 5 4 8 1 11 15 14 7 2 0 3 9 
9 3 0 2 7 14 15 1 8 4 5 22 17 10 24 20 26 13 19 12 25 32 34 29 18 21 28 16 30 38 27 23 36 37 33 31 11 39 35 6 
11 6 27 28 18 36 25 17 30 5 14 33 32 19 8 2 13 39 24 3 9 0 1 20 26 35 31 34 7 15 4 12 37 29 22 10 38 23 21 16 
6 11 21 16 26 38 20 23 10 22 29 37 15 12 4 7 34 31 35 1 9 3 39 8 19 32 0 2 33 14 5 30 17 36 24 13 27 25 28 18 
24 13 2 5 34 25 37 10 0 36 8 1 33 4 9 16 21 12 15 14 7 3 6 35 39 11 23 38 31 18 28 27 22 29 26 30 20 32 17 19 
24 19 32 29 30 17 22 18 28 31 0 27 10 23 38 39 35 3 7 14 12 16 21 15 9 11 4 6 37 20 26 33 1 25 13 36 34 2 8 5 
4 1 12 30 15 29 25 34 20 38 36 5 2 23 26 27 39 3 17 22 6 35 18 28 9 31 13 14 11 33 37 16 21 0 7 10 24 19 32 8 
8 7 26 20 21 16 13 33 14 0 28 19 18 37 11 35 9 17 25 22 27 31 3 23 24 5 2 6 36 32 38 30 29 12 34 1 4 15 39 10 
3 39 32 23 8 1 36 37 31 35 10 22 5 28 6 2 19 4 7 0 34 25 27 11 15 21 24 13 17 33 20 30 16 29 26 9 18 38 14 12 
12 9 33 10 18 34 13 38 31 17 26 29 15 30 4 11 0 28 2 1 8 32 24 6 19 16 21 5 22 35 39 36 37 23 20 3 25 27 7 14 
22 19 14 36 20 25 29 24 11 16 7 39 4 15 30 21 10 27 2 28 5 35 8 1 37 38 18 33 17 34 6 23 12 0 13 32 31 9 26 3 
23 32 14 26 17 34 7 6 3 38 33 9 12 16 27 5 25 37 18 35 2 20 21 8 11 28 10 39 15 4 29 24 36 13 0 19 1 30 22 31 
13 35 22 21 5 30 1 3 27 15 12 7 26 36 38 32 24 0 14 31 18 8 39 2 23 11 9 16 10 34 29 25 19 17 20 6 33 37 28 4 
27 4 16 2 0 29 19 10 31 9 37 20 6 11 14 32 13 23 8 39 34 18 30 36 15 12 33 38 7 22 25 3 1 26 24 28 17 35 5 21 
37 28 31 20 17 21 39 38 25 9 34 24 7 19 1 8 14 29 26 36 3 0 22 30 13 32 33 6 23 2 15 11 10 12 18 27 4 5 35 16 
25 31 18 15 5 35 13 6 10 16 24 12 32 3 4 33 14 36 26 20 22 37 9 17 27 23 1 30 19 0 28 39 29 8 21 38 2 7 34 11 
34 28 35 11 0 29 4 18 19 26 12 33 5 7 23 24 3 22 8 38 13 21 17 10 2 27 30 25 37 36 14 9 15 20 6 39 16 32 31 1 
1 9 2 38 10 30 21 35 17 37 39 32 16 27 5 22 33 11 26 13 8 14 19 7 4 6 29 31 28 3 20 18 24 15 25 12 23 34 0 36 
33 8 12 6 1 23 0 16 24 17 15 30 36 11 31 37 3 13 25 18 7 34 39 20 19 32 14 38 21 29 9 35 5 4 28 27 10 2 22 26 
28 26 32 39 5 36 15 18 29 11 9 14 27 21 22 23 20 0 3 19 34 31 1 37 16 13 2 4 6 17 35 25 12 38 30 8 24 10 7 33 
24 38 20 15 19 6 8 33 4 27 35 34 39 26 10 2 25 28 3 7 16 30 1 11 31 9 23 22 36 21 0 12 17 29 5 32 14 18 13 37 
21 30 6 7 22 34 17 36 4 32 37 12 10 2 18 3 25 13 5 31 29 19 16 0 23 28 26 14 1 20 9 24 35 11 33 39 27 38 15 8 
29 16 39 17 8 14 2 27 9 38 36 12 23 24 31 0 26 5 21 1 28 25 4 33 22 35 19 18 15 32 7 10 30 3 6 34 20 37 13 11 
13 15 7 23 20 3 11 28 37 27 29 33 1 14 10 5 32 12 30 35 25 0 4 6 21 38 34 8 19 9 17 18 31 22 36 24 26 16 39 2 
2 18 7 0 22 26 39 24 12 4 11 31 36 6 8 35 28 38 34 14 37 32 30 15 13 1 27 20 16 19 5 33 10 29 17 21 9 25 3 23 
25 14 3 17 16 34 30 10 23 19 4 22 33 32 21 11 35 15 9 38 1 13 39 20 24 37 18 0 5 2 28 36 26 12 6 29 7 31 8 27 
35 10 6 19 8 20 5 31 29 38 13 18 9 1 25 27 32 11 37 26 21 0 7 16 15 36 34 30 28 4 39 12 24 23 2 14 17 3 22 33 
31 12 27 37 21 11 2 24 22 33 3 5 39 20 15 9 29 28 36 8 6 30 17 26 16 10 14 34 7 38 13 35 0 23 18 1 4 25 32 19 
30 1 0 9 28 33 34 20 24 27 18 4 23 14 13 22 16 8 32 25 6 10 3 29 31 7 2 39 37 35 21 26 36 5 17 12 15 38 19 11 
23 36 7 13 19 18 5 28 15 39 17 16 38 6 0 2 29 37 3 10 26 21 33 32 24 11 25 1 31 30 22 8 27 4 12 9 20 34 35 14 
25 37 11 12 2 32 1 19 13 38 35 36 3 22 21 23 4 16 17 34 14 8 26 29 10 28 20 15 31 27 33 24 7 18 6 39 9 30 0 5 
37 26 9 4 0 39 3 18 30 25 33 10 38 17 6 15 21 19 14 5 31 7 23 27 36 8 35 12 24 1 29 20 11 2 32 16 13 22 34 28 
8 29 34 27 15 32 17 20 22 12 14 0 5 16 1 39 7 35 33 31 6 19 28 11 25 26 13 2 23 36 9 10 30 24 21 38 3 4 37 18 
38 14 13 4 24 36 22 35 34 23 9 11 5 20 2 32 17 18 27 7 8 21 31 33 19 1 12 37 30 3 10 26 28 25 29 39 0 16 6 15 
11 10 26 16 25 8 3 34 6 30 24 28 12 39 22 18 2 21 35 0 32 7 20 27 17 1 29 37 4 38 36 23 5 9 19 31 13 15 33 14 
7 23 30 9 6 35 24 33 15 25 26 29 31 2 5 19 14 0 21 12 10 17 39 28 13 34 16 27 8 37 22 4 11 1 18 38 20 3 32 36 
16 18 20 36 4 1 21 3 31 26 32 19 27 15 24 38 12 25 33 28 8 5 10 17 0 9 13 11 37 35 14 30 34 2 23 29 7 6 22 39 
5 33 22 38 39 32 10 1 18 20 2 34 6 14 0 28 30 37 9 3 11 29 12 19 7 17 36 15 8 23 21 25 35 4 16 27 13 24 26 31 
21 14 31 4 29 13 8 25 9 35 28 15 3 36 19 38 39 7 12 30 37 34 16 11 6 33 2 32 0 5 20 26 18 22 24 1 27 23 17 10 
17 0 27 32 29 3 37 24 13 26 19 35 1 23 2 6 15 28 16 18 34 22 9 5 8 33 12 31 38 36 20 39 4 30 11 21 7 14 25 10 
12 7 8 18 10 36 11 27 39 22 19 25 15 9 30 23 13 14 26 33 37 31 4 29 1 17 5 34 24 3 32 6 2 38 16 20 0 35 21 28 
37 14 17 28 20 31 10 5 24 21 2 23 6 32 4 30 13 11 38 39 12 33 27 16 36 0 7 34 15 26 35 9 25 3 22 19 18 8 29 1 
26 27 34 31 36 1 10 29 33 35 7 14 0 32 17 21 2 25 39 20 18 8 38 6 22 24 16 3 13 4 11 23 12 30 5 9 15 37 28 19 
38 15 4 24 18 37 6 39 9 22 16 28 1 13 29 8 23 27 7 17 32 11 5 34 25 21 35 0 10 14 12 33 30 26 36 20 3 2 31 19 
5 30 19 2 11 20 16 3 35 36 34 26 37 13 31 8 22 25 17 12 9 15 4 23 7 0 27 38 28 21 32 6 39 10 29 1 18 24 14 33 
3 21 0 36 20 28 2 35 14 38 33 12 29 1 11 6 39 13 24 4 9 18 10 15 31 16 23 17 19 22 25 26 34 5 37 30 27 32 7 8 
32 25 33 5 23 9 39 19 12 27 4 7 28 31 20 22 16 2 3 30 24 1 14 15 18 34 38 26 10 11 8 13 21 35 6 17 36 29 0 37 
17 29 34 9 14 6 15 21 26 1 11 32 10 7 37 23 22 24 36 27 38 28 19 0 30 20 8 31 5 18 4 3 25 16 2 39 33 13 12 35 
22 8 13 21 6 2 30 23 18 20 12 19 39 29 33 0 10 38 3 28 26 5 4 37 14 35 34 24 7 16 15 31 36 9 32 27 25 17 11 1 
38 31 28 8 3 16 5 26 11 7 17 1 29 35 33 27 4 13 20 30 19 36 22 37 24 10 39 0 12 6 18 32 9 2 25 14 21 34 23 15 
12 15 19 9 39 35 21 25 18 20 32 0 17 36 34 2 16 24 23 37 30 1 7 11 31 29 6 3 10 33 8 14 27 4 28 5 26 13 38 22 
28 30 10 1 31 26 16 23 14 37 8 38 15 18 2 0 34 39 25 13 22 33 29 27 19 12 32 36 21 35 9 5 11 24 6 3 17 7 4 20 
7 2 27 34 11 16 6 24 9 25 38 32 15 31 4 14 0 36 10 19 18 20 35 5 29 22 12 13 17 3 39 28 21 30 1 8 26 33 23 37 
19 1 39 13 0 30 6 4 5 11 24 26 27 17 35 20 14 21 3 33 8 32 22 29 36 34 28 38 25 31 15 23 16 2 18 10 7 37 9 12 
22 37 17 18 8 32 4 33 35 23 24 29 2 20 15 26 36 21 13 25 11 34 14 39 1 30 7 16 28 3 5 9 10 6 19 12 38 27 31 0 
11 0 21 13 31 10 17 25 9 1 36 12 5 18 28 22 33 16 19 38 6 14 27 20 7 23 35 37 15 2 32 24 26 4 29 39 8 3 34 30 
24 37 16 27 31 7 34 26 30 3 2 5 29 18 38 23 4 12 8 14 19 28 6 25 9 13 10 20 33 1 36 21 32 22 17 0 11 39 15 35 
15 33 36 3 20 0 23 32 39 21 25 7 9 26 13 29 22 35 8 4 27 37 10 18 16 38 6 14 5 30 11 2 31 28 1 34 24 12 17 19 
12 35 14 30 28 22 4 6 17 7 5 39 23 25 1 10 8 3 16 31 29 11 32 0 24 19 37 9 36 38 26 27 33 34 18 15 21 2 20 13 
38 19 22 9 34 37 10 35 3 25 28 27 0 12 8 26 13 24 29 39 20 11 5 23 30 15 33 16 17 36 2 14 32 18 4 1 31 6 7 21 
4 19 15 6 2 31 30 7 32 33 18 21 1 34 27 13 8 28 37 14 35 0 38 23 3 17 9 24 36 26 10 11 5 16 39 20 12 22 29 25 
29 16 5 25 7 21 36 17 39 26 37 30 15 24 20 6 35 0 9 34 32 11 33 12 22 38 13 8 19 18 10 28 3 31 1 14 4 2 27 23 
11 14 3 18 1 39 12 10 13 27 26 24 7 28 34 21 9 2 37 19 36 17 4 29 33 23 35 16 32 8 15 31 30 25 22 20 38 5 0 6 
38 33 25 32 31 23 11 34 30 21 3 36 14 24 4 0 27 6 1 5 29 2 8 15 37 22 7 12 20 18 16 26 19 9 35 39 17 10 28 13 
25 27 6 23 20 17 22 13 10 1 9 4 28 12 8 34 26 0 37 19 3 11 39 38 7 2 31 15 14 21 18 5 30 32 36 35 33 16 29 24 
36 16 10 33 12 29 32 2 35 28 30 20 15 9 37 7 13 5 38 27 22 24 19 6 34 21 39 14 1 4 26 25 31 23 18 3 11 0 17 8 
35 8 37 31 34 16 39 1 20 17 18 5 14 33 15 2 3 19 12 22 24 21 0 27 11 10 23 6 25 38 30 26 4 9 29 13 7 36 32 28 
13 32 15 11 29 18 8 4 31 20 10 22 2 26 36 24 14 38 0 7 33 30 25 23 17 35 28 12 1 6 39 21 27 19 37 5 9 16 3 34 
6 4 0 23 22 33 5 38 36 17 13 14 19 31 34 39 11 26 16 28 12 3 8 9 24 10 32 29 35 21 7 1 2 18 37 20 25 30 15 27 
21 5 28 25 29 24 18 38 2 1 10 17 3 7 13 20 30 22 31 11 15 32 34 27 9 33 16 35 23 8 39 19 12 26 37 6 0 14 36 4 
23 35 26 12 0 19 4 1 32 9 38 37 21 20 28 8 6 30 13 2 27 25 36 31 22 7 18 15 29 3 14 10 16 33 11 17 39 24 34 5 
19 3 14 27 33 17 18 30 7 9 16 12 2 36 6 22 11 8 29 5 4 37 1 0 21 15 39 34 25 28 31 35 32 26 23 13 20 38 10 24 
24 21 26 13 20 39 11 17 6 1 37 28 12 0 14 15 35 34 7 5 16 18 29 30 10 31 36 22 25 2 4 33 8 27 3 19 32 9 23 38 
29 7 10 33 24 3 5 34 31 19 4 18 39 15 14 37 11 17 38 20 25 35 8 21 32 23 28 22 12 27 36 2 13 6 9 26 1 0 16 30 
8 9 2 28 19 10 23 36 32 6 17 35 4 5 27 29 30 12 20 3 18 25 21 38 0 16 34 11 7 1 26 22 14 24 39 33 31 37 13 15 
22 0 26 27 15 30 10 16 28 36 13 9 3 31 6 25 39 38 2 20 4 37 33 19 1 32 17 34 7 29 12 23 5 18 24 14 11 21 8 35 
8 9 1 24 14 11 20 38 16 18 37 30 26 12 32 23 3 5 39 31 4 6 34 22 36 21 19 33 7 13 15 0 29 17 27 2 28 10 35 25 
11 35 7 2 4 32 25 39 26 16 37 9 24 23 33 10 18 34 27 17 0 31 13 15 21 29 3 22 1 6 19 30 12 14 20 36 28 5 38 8 
28 36 0 21 27 34 33 30 8 38 7 1 32 35 19 39 2 14 5 13 37 10 15 12 17 23 22 29 20 31 24 26 25 9 4 6 16 11 3 18 
22 6 15 12 21 14 3 31 20 23 11 25 24 35 29 34 28 17 27 4 9 13 18 39 32 2 19 10 8 16 5 0 7 38 36 37 33 30 26 1 
39 5 0 23 10 14 2 18 15 13 35 25 26 7 19 20 1 38 29 31 33 36 3 9 8 6 30 17 16 27 24 22 32 28 37 21 12 34 4 11 
22 32 30 37 16 24 38 29 1 25 36 21 18 11 6 19 33 26 23 9 2 7 31 28 13 0 4 12 10 5 39 8 20 34 17 27 35 3 15 14 
4 7 12 17 36 38 16 30 20 35 14 27 13 15 10 26 39 8 34 32 28 33 11 21 5 3 23 31 37 19 18 1 9 0 6 25 24 29 22 2 
5 9 2 11 29 30 39 8 28 21 15 27 24 3 19 12 33 37 26 6 32 25 36 10 1 18 22 13 7 38 16 17 4 14 35 20 0 23 31 34 
38 0 2 5 34 21 31 24 29 37 16 22 25 32 28 3 35 17 6 8 23 14 9 13 20 26 30 1 10 18 19 15 39 11 36 7 27 12 33 4 
37 20 36 18 23 1 14 24 33 8 34 22 39 4 9 32 19 5 30 29 13 26 35 38 27 15 0 17 11 3 31 12 25 10 2 28 7 16 21 6 
12 10 17 33 1 6 26 25 27 3 15 28 21 19 4 2 11 38 24 32 29 37 20 35 31 5 14 7 0 30 13 39 9 8 18 23 22 34 16 36 
21 5 34 12 13 18 16 9 31 27 35 39 22 36 10 0 11 4 6 17 3 15 7 24 1 30 2 26 28 23 8 14 33 20 38 25 29 37 19 32 
1 39 31 19 3 9 34 20 29 23 26 32 16 10 28 13 21 25 30 14 6 8 4 12 37 27 17 7 24 38 35 18 5 22 2 0 11 15 36 33 
10 27 37 7 1 20 25 29 4 5 6 19 26 8 35 12 34 23 33 11 36 16 2 22 18 13 21 31 32 28 14 15 17 38 30 24 3 39 0 9 
23 38 22 7 25 15 18 16 8 37 30 0 17 11 19 20 2 39 24 9 27 3 12 31 13 33 5 21 28 34 4 29 36 14 10 6 35 32 1 26 
32 14 2 28 36 26 15 17 4 8 22 34 1 7 9 25 12 39 0 11 13 24 6 3 16 33 27 30 18 38 35 19 31 5 21 10 37 29 20 23 
7 10 0 31 35 36 27 30 22 18 4 9 33 24 37 28 26 20 14 3 21 32 34 19 38 5 15 1 6 16 8 12 29 23 11 25 39 17 13 2 
35 13 33 29 39 17 3 23 31 34 11 7 19 6 0 5 38 4 9 12 30 14 25 20 32 16 15 1 22 37 10 27 2 36 18 8 26 21 24 28 
8 13 25 24 15 38 22 26 2 14 6 39 17 37 36 10 29 31 18 12 9 5 27 23 16 35 7 32 19 1 33 28 11 34 30 0 20 3 4 21 
24 23 16 13 14 11 21 31 0 32 12 8 26 30 20 2 29 7 3 35 1 38 34 33 36 37 4 10 39 17 18 22 9 25 19 6 28 27 15 5 
19 21 15 1 12 10 16 5 13 4 27 0 18 14 24 28 34 37 9 32 33 29 39 2 3 22 20 11 7 17 36 38 23 25 6 26 30 8 31 35 
20 7 6 5 3 24 2 21 30 4 27 28 26 31 9 17 0 8 16 36 25 23 22 29 33 11 15 37 1 18 10 34 39 35 38 13 19 14 32 12 
28 37 18 32 6 27 12 39 35 3 10 30 11 15 20 36 31 0 5 16 38 13 1 23 24 8 14 25 9 7 17 4 29 21 19 34 26 33 22 2 
14 23 18 6 34 22 26 25 33 16 35 4 20 19 29 30 0 37 8 5 1 28 24 10 9 31 15 7 2 38 11 27 21 17 36 3 13 12 32 39 
11 1 31 39 38 19 34 15 23 36 7 28 35 6 3 2 20 18 8 26 17 14 29 21 5 12 30 9 22 32 4 0 37 33 24 16 10 13 27 25 
39 29 33 13 38 18 24 16 1 0 26 20 10 23 36 4 27 17 19 7 21 25 12 2 34 3 37 30 9 11 32 5 35 28 22 15 14 31 8 6 
5 36 10 37 14 22 38 21 8 0 32 3 9 31 15 19 4 35 11 33 2 6 16 28 18 30 17 39 25 29 12 24 26 13 34 27 23 20 7 1 
30 25 8 34 11 12 5 29 31 35 9 24 17 23 10 39 26 20 15 19 27 0 36 1 13 28 7 32 18 37 14 16 21 6 3 2 33 38 22 4 
28 2 20 32 0 16 35 12 18 5 33 15 7 4 6 34 21 38 23 11 26 25 39 14 36 37 19 22 27 9 13 1 3 24 10 8 31 29 30 17 
17 22 38 3 21 10 8 23 36 27 29 1 24 12 6 25 33 14 37 13 7 39 30 28 26 31 2 32 15 5 11 34 16 18 4 20 0 35 9 19 
13 30 6 18 15 19 27 9 34 17 24 22 8 16 38 10 21 7 4 36 20 31 39 11 32 26 35 5 2 25 3 14 1 37 23 29 28 33 0 12 
12 28 19 32 31 7 13 11 2 33 25 37 22 35 10 8 0 29 26 17 5 6 20 39 4 9 30 14 3 24 21 1 23 15 27 38 34 16 18 36 
26 4 31 13 37 16 39 5 28 11 25 23 9 36 15 12 0 17 10 1 32 8 22 30 21 18 34 20 2 38 35 27 6 33 29 3 7 14 19 24 
9 37 7 14 35 0 19 29 39 30 16 4 22 2 15 17 23 33 34 18 6 3 28 36 27 1 24 13 21 38 32 20 5 10 8 11 26 25 12 31 
39 20 3 6 33 32 0 22 24 27 21 9 8 18 7 17 35 37 11 14 25 31 38 10 34 12 23 36 5 26 2 1 4 30 13 16 15 28 19 29 
25 38 6 1 9 19 17 18 11 33 28 22 21 31 36 3 24 35 39 8 27 16 0 20 30 7 10 34 15 37 29 5 14 4 12 26 32 13 23 2 
17 26 30 28 34 15 18 5 23 38 35 32 3 20 7 16 13 4 29 25 2 39 8 24 0 14 31 12 36 27 6 22 10 19 1 37 21 9 33 11 
34 16 20 39 4 22 30 6 11 13 2 38 27 24 12 21 28 15 19 26 10 1 25 36 33 14 9 5 18 29 23 37 0 32 31 3 35 17 7 8 
30 14 35 10 19 29 13 32 8 23 31 33 21 24 16 7 1 17 0 4 38 22 12 34 15 36 25 9 37 5 28 20 3 26 2 11 18 6 27 39 
36 0 29 28 31 27 22 25 4 7 18 9 5 1 11 12 14 26 6 2 23 19 21 16 3 38 20 30 17 13 39 32 37 33 8 10 34 24 15 35 
0 23 15 20 34 36 37 10 26 17 16 7 12 9 13 3 33 38 11 35 27 24 1 32 2 19 31 8 6 14 39 4 28 18 29 22 30 25 5 21 
23 12 15 20 3 30 19 18 2 26 32 10 1 29 5 21 39 17 37 33 16 9 4 8 35 22 7 24 25 27 11 13 34 14 31 38 36 0 6 28 
4 10 24 17 5 34 27 39 35 9 2 0 38 1 36 23 8 30 6 37 19 16 7 13 25 28 29 14 3 21 11 18 15 22 26 31 33 32 12 20 
5 8 15 25 21 19 31 6 34 14 7 28 10 24 12 29 20 0 22 33 37 18 23 27 11 39 38 32 16 1 4 3 9 13 26 17 35 30 2 36 
33 39 4 12 3 18 31 6 35 34 0 25 21 13 5 1 30 8 37 17 38 26 27 24 22 7 32 28 20 36 14 29 15 2 19 16 11 9 10 23 
39 37 2 23 38 12 30 35 19 8 11 5 32 33 28 25 21 17 31 18 15 4 10 14 36 0 34 13 20 1 3 9 7 22 16 26 27 24 6 29 
20 3 11 7 31 37 19 5 1 12 36 24 6 39 9 28 35 32 13 29 17 22 15 30 23 25 26 27 18 4 10 21 8 38 0 16 2 33 34 14 
26 8 27 17 29 28 7 22 1 16 14 3 35 33 10 2 37 0 13 15 23 4 25 24 30 20 34 11 36 12 38 9 39 21 6 31 18 19 5 32 
23 32 21 7 34 11 0 15 28 24 25 36 19 35 9 38 1 22 12 27 8 5 16 2 30 10 6 31 18 26 3 29 14 4 17 20 13 39 37 33 
2 16 9 32 21 28 17 12 7 1 37 31 19 10 39 29 34 23 36 11 18 35 15 4 24 13 20 8 5 3 14 38 27 25 6 26 30 0 22 33 
33 23 25 26 30 24 13 10 36 16 34 18 6 31 27 9 38 14 11 37 35 2 22 28 15 19 17 21 5 8 1 12 3 39 0 29 4 20 32 7 
20 15 8 4 32 35 3 22 5 30 10 6 24 16 37 14 36 0 21 33 19 27 11 12 26 39 23 38 7 9 29 18 34 13 17 31 2 25 1 28 
