151 4 60
57 59 47 53 56 43 44 52 58 49 42 51 50 46 54 55 45 34 41 23 39 18 36 35 48 40 26 32 31 37 33 28 22 30 27 38 29 19 17 14 25 13 21 16 24 11 20 5 7 12 9 4 10 1 8 15 0 3 6 2 
2 6 0 15 8 1 10 9 12 7 5 20 11 24 16 21 13 25 14 17 19 29 38 27 30 22 28 33 37 31 32 26 40 48 35 36 18 39 23 41 34 45 55 54 46 50 51 42 49 58 52 44 43 56 53 47 4 59 57 3 
3 4 50 34 39 46 18 42 48 58 23 43 32 22 30 40 53 14 33 47 19 13 24 57 21 7 12 8 6 9 15 2 0 11 28 1 10 5 16 29 59 36 20 25 17 38 27 56 37 31 26 44 52 55 35 49 45 54 51 41 
4 3 31 26 37 41 45 35 54 55 51 49 52 44 17 25 29 11 5 12 56 38 1 27 20 28 36 59 0 2 15 9 6 8 57 13 47 33 53 19 10 7 24 14 43 23 58 16 21 42 50 46 40 34 30 39 18 48 22 32 
32 48 20 16 18 10 9 27 38 49 52 55 41 7 21 24 33 56 53 40 30 22 42 25 17 6 2 58 8 3 46 51 54 57 35 23 26 36 59 5 28 0 1 4 39 43 44 34 50 45 31 14 19 47 37 13 29 11 15 12 
36 29 40 34 10 16 28 15 11 13 19 44 51 54 47 14 45 37 31 30 43 59 1 0 26 22 23 57 48 46 50 8 2 6 3 4 56 12 32 42 21 58 17 25 24 7 53 41 49 35 55 52 18 39 33 27 38 9 20 5 
33 38 27 5 25 12 35 37 22 14 58 42 24 13 53 9 47 18 39 45 50 20 1 11 0 44 57 41 52 26 3 32 43 15 8 59 29 4 51 2 6 49 48 54 30 55 31 56 34 46 7 17 21 16 23 10 19 36 28 40 
28 36 5 17 21 7 19 23 39 55 35 8 46 59 30 56 54 52 49 31 47 4 51 3 16 58 10 6 57 2 15 41 20 53 9 27 38 32 12 22 48 11 29 45 18 50 34 43 44 0 1 26 40 42 24 13 37 14 33 25 
24 23 59 19 14 25 26 7 21 32 0 51 44 13 15 34 6 40 55 43 20 29 41 50 42 12 4 3 52 57 1 45 22 37 36 27 38 10 18 16 11 47 5 54 9 39 35 53 58 33 28 56 49 17 46 31 48 2 30 8 
1 12 2 56 33 48 31 30 46 29 8 17 49 44 43 11 18 45 39 9 53 41 37 50 16 7 10 34 15 3 57 20 58 6 4 47 14 13 40 36 28 54 5 51 52 35 55 25 24 42 21 32 26 0 22 19 38 27 59 23 
17 0 26 53 31 54 13 39 2 59 28 24 11 22 58 42 52 14 35 37 5 40 18 27 46 38 10 16 34 4 49 32 56 36 3 33 12 50 41 23 21 55 48 6 15 1 7 19 57 47 44 51 25 45 29 8 30 43 20 9 
50 22 30 38 27 9 54 20 6 43 51 37 8 45 47 42 29 25 19 40 48 15 33 34 56 55 44 49 32 2 39 1 4 23 0 59 28 35 5 36 3 26 16 18 21 52 24 58 10 7 46 41 11 12 13 14 31 17 57 53 
21 41 32 45 57 14 58 28 11 34 7 49 26 9 10 4 8 43 38 20 15 18 44 48 12 46 27 31 59 35 3 39 0 25 19 53 23 17 5 30 33 24 2 13 51 47 52 42 54 55 37 36 1 40 56 29 6 50 22 16 
57 25 16 10 29 46 1 35 55 47 19 5 36 40 6 52 21 18 13 24 48 3 42 50 2 49 37 53 17 22 31 12 4 59 43 23 26 34 56 0 54 20 9 51 8 30 33 15 14 11 45 44 38 27 41 28 39 7 32 58 
28 1 6 40 51 58 41 16 0 39 33 56 23 45 24 2 47 27 52 20 30 7 55 32 14 54 50 3 13 34 59 44 19 53 15 8 9 38 17 31 36 25 11 48 22 12 46 10 21 4 49 26 37 43 29 5 57 18 42 35 
23 36 53 18 4 42 44 56 5 38 11 29 25 8 57 22 31 55 33 15 10 16 0 39 51 40 43 7 27 26 17 1 32 58 37 9 30 12 49 21 19 50 14 54 52 13 46 28 20 34 41 2 24 59 47 45 35 48 6 3 
59 37 3 20 13 30 35 12 17 32 41 46 15 52 39 8 26 50 21 24 40 31 19 5 29 25 48 47 28 57 44 14 9 58 7 45 16 56 1 23 33 43 49 38 22 34 42 51 53 54 27 6 0 18 36 10 55 2 11 4 
49 8 0 35 43 7 48 11 42 6 36 55 34 38 45 4 9 14 2 22 50 17 56 29 24 52 28 53 12 19 13 26 32 47 30 27 1 51 57 31 5 39 25 3 41 40 46 10 58 54 44 18 15 20 23 21 16 33 37 59 
47 15 23 45 37 33 12 6 54 46 27 2 41 58 51 4 21 18 19 43 10 9 26 35 16 57 17 42 11 22 59 40 31 36 20 49 1 55 53 29 25 3 48 13 32 39 38 14 7 44 8 56 24 52 30 0 34 5 28 50 
27 31 15 44 3 18 34 21 50 52 14 5 6 28 54 30 29 53 36 7 24 33 0 49 32 56 42 48 35 59 20 16 37 13 10 4 11 58 2 45 23 25 38 40 39 9 43 57 8 47 41 51 46 1 17 12 19 55 26 22 
51 26 9 57 30 14 22 5 52 44 19 4 47 24 10 46 39 34 38 17 55 37 7 11 2 23 48 41 13 33 3 0 20 56 18 43 49 58 16 35 28 8 25 29 31 45 59 21 50 54 1 12 36 32 6 40 27 53 42 15 
32 2 1 55 25 42 13 19 36 20 43 58 46 56 59 54 21 27 39 17 12 3 10 45 7 28 50 33 16 0 18 29 51 5 8 44 22 48 40 47 41 38 57 11 6 34 30 23 31 35 52 14 49 26 9 37 15 24 4 53 
40 8 22 38 11 53 23 48 24 50 16 4 44 36 35 59 1 28 20 49 33 57 54 29 21 15 41 17 42 30 18 26 3 55 6 47 34 46 10 9 45 25 12 58 37 31 2 5 27 56 13 14 43 19 32 52 0 51 7 39 
50 56 7 10 25 41 37 53 49 52 43 14 39 30 5 31 19 9 18 27 26 0 45 6 12 21 55 36 23 3 1 40 59 46 11 42 51 47 24 28 17 15 8 32 2 33 35 4 34 16 44 22 54 38 13 48 58 20 57 29 
39 12 13 34 49 16 58 57 48 51 29 59 2 24 0 54 33 38 5 53 3 19 27 1 28 22 45 21 43 25 56 4 46 9 32 55 14 35 37 15 30 52 44 42 40 31 26 6 41 8 20 11 47 50 18 10 36 23 17 7 
47 40 26 29 18 58 52 17 15 35 8 46 20 22 32 43 28 4 13 36 0 14 25 2 55 42 9 54 23 6 41 7 5 31 37 44 10 34 30 39 27 53 1 57 48 51 12 50 38 45 11 59 24 19 21 49 16 56 33 3 
17 3 33 55 57 44 56 20 1 19 37 24 31 35 0 38 4 48 34 11 40 51 7 47 39 10 42 9 6 21 15 59 32 53 18 46 27 36 41 54 22 52 16 45 50 5 26 12 30 8 43 23 25 14 29 13 2 49 58 28 
38 30 5 14 45 51 59 16 36 41 6 31 50 48 8 13 12 10 32 42 20 23 53 35 27 58 37 34 44 22 7 28 2 46 55 33 24 26 52 18 29 15 47 56 57 40 3 49 11 19 54 17 39 4 1 0 43 9 21 25 
43 25 32 11 21 54 33 23 52 9 0 15 49 7 18 47 31 57 28 8 40 58 3 56 37 13 22 24 29 26 16 19 12 53 6 50 51 45 48 5 41 38 39 35 2 17 14 10 36 59 20 30 44 55 4 42 46 1 27 34 
54 21 46 1 34 11 44 17 27 42 25 4 20 2 26 14 16 45 49 10 24 30 22 19 8 15 57 52 50 39 35 51 28 53 23 12 41 40 7 43 56 48 13 36 5 6 59 37 31 9 18 29 38 58 0 32 3 47 55 33 
7 9 41 46 28 1 53 3 59 2 29 48 12 50 15 55 35 38 51 0 58 16 26 37 23 39 36 42 14 21 43 57 10 54 32 31 25 47 4 20 6 19 49 33 13 11 52 27 30 56 5 22 24 34 8 40 44 45 17 18 
24 27 10 45 58 29 39 31 56 13 36 55 4 22 8 32 6 18 19 49 14 17 21 34 47 26 33 59 1 23 28 11 41 46 30 37 38 44 5 50 53 9 20 54 42 3 40 0 52 25 35 43 57 12 48 16 2 7 15 51 
48 6 38 18 56 40 43 35 5 19 2 57 42 12 41 49 13 15 47 7 52 44 25 30 54 16 11 4 37 28 0 34 33 23 32 17 59 45 3 27 29 20 14 50 21 46 1 24 55 58 36 8 39 26 53 10 31 22 51 9 
52 47 22 16 51 11 12 3 59 9 7 34 40 31 8 39 55 45 25 30 27 5 57 17 42 43 33 21 36 0 53 13 58 1 49 44 20 35 23 2 10 14 18 46 38 6 15 50 29 41 4 32 56 24 37 48 54 28 19 26 
20 37 23 28 10 5 54 26 32 51 50 0 43 1 15 53 17 38 40 29 24 8 46 57 3 18 44 13 30 9 56 33 21 4 58 11 55 36 45 59 34 49 7 48 52 19 14 22 39 2 27 6 35 25 16 47 31 42 12 41 
42 0 49 50 44 26 31 41 19 14 4 58 29 27 2 33 12 30 25 59 17 54 47 6 48 57 32 36 16 9 18 40 38 22 51 56 15 53 28 34 10 8 24 52 37 21 1 39 55 13 43 3 23 35 46 45 5 7 11 20 
36 3 18 2 9 27 23 48 39 37 25 34 52 44 51 11 46 19 20 1 32 13 5 4 54 53 41 6 31 56 24 47 7 14 26 22 58 17 15 49 42 29 35 43 38 40 50 45 55 8 16 21 30 33 57 59 10 0 12 28 
4 35 45 30 53 21 13 33 55 31 43 40 10 24 51 28 34 12 18 6 39 8 29 22 54 37 7 14 57 23 20 16 52 26 42 48 1 0 17 19 56 58 50 41 25 11 15 44 3 27 47 32 2 5 46 9 38 49 36 59 
20 17 5 34 36 58 55 15 57 6 9 26 33 28 25 50 16 59 14 49 45 11 32 35 3 12 43 39 22 24 10 40 47 38 41 56 1 27 2 0 42 48 21 19 29 7 37 23 18 4 44 30 8 51 13 53 31 52 54 46 
29 42 11 24 43 46 53 30 52 21 37 38 41 22 54 10 59 2 7 44 8 32 47 12 14 36 51 35 45 56 58 0 16 15 9 33 5 19 25 3 26 1 20 31 28 34 55 13 4 48 49 50 17 23 39 18 27 6 57 40 
47 4 50 13 35 8 27 16 39 15 56 48 31 38 46 26 23 1 54 14 55 18 2 0 29 28 49 7 40 20 21 5 12 9 59 11 51 25 43 22 3 45 52 10 33 53 44 36 17 19 57 37 58 24 34 30 32 41 42 6 
19 22 6 45 9 3 49 54 58 36 5 46 7 44 23 13 40 11 0 18 12 32 37 30 48 1 52 10 57 25 2 35 50 34 8 27 33 42 55 31 41 53 28 20 21 38 17 51 16 47 14 59 43 39 26 4 24 29 15 56 
21 39 15 53 0 37 56 16 28 47 17 25 48 57 8 27 41 59 12 26 34 51 30 19 18 20 31 4 42 7 24 36 43 40 38 50 55 5 2 45 52 35 22 32 49 9 29 11 46 6 58 54 14 13 44 1 33 23 10 3 
1 33 14 44 8 28 52 41 40 9 32 42 6 29 59 43 31 24 5 51 35 21 2 57 18 23 30 27 39 10 4 3 49 36 19 45 15 12 17 11 38 13 34 50 26 16 46 25 0 56 22 20 58 7 55 48 54 47 53 37 
10 55 58 30 53 49 50 59 11 1 13 3 25 23 7 22 45 9 26 54 4 56 47 38 46 19 15 29 42 20 41 34 16 35 37 18 24 6 36 57 17 51 21 27 0 44 33 39 14 2 12 52 40 5 48 32 31 43 28 8 
20 46 56 57 38 34 0 3 8 24 32 17 51 52 37 29 12 23 16 47 10 54 2 6 25 43 39 28 44 49 42 14 27 4 53 11 33 55 7 48 15 22 50 58 18 45 31 13 1 30 26 36 35 59 5 21 41 9 40 19 
55 15 2 40 26 48 7 27 13 50 11 58 17 47 51 24 12 44 53 49 21 5 6 14 20 23 31 42 19 3 41 8 1 32 57 33 37 0 46 45 28 54 22 9 56 4 39 30 16 29 35 43 34 10 59 52 38 25 36 18 
42 15 38 39 52 43 34 35 19 18 10 31 59 41 6 33 13 1 9 14 58 48 17 56 20 40 36 45 0 16 54 4 46 3 30 37 29 53 49 44 23 5 22 21 55 51 8 24 32 12 47 57 26 50 7 11 28 2 27 25 
28 44 22 21 33 16 50 2 32 12 5 37 55 46 36 29 4 52 40 19 26 53 27 45 0 35 7 54 39 24 6 34 38 43 20 31 25 30 18 17 3 9 1 59 47 41 58 11 23 56 57 13 8 48 15 42 10 49 14 51 
22 59 14 18 57 54 36 45 24 17 30 1 48 13 40 43 25 3 38 6 26 7 49 10 28 31 47 55 20 5 53 39 29 32 16 46 15 27 8 19 2 35 58 11 51 9 50 52 37 41 33 23 34 12 4 44 21 0 56 42 
29 0 23 49 24 46 9 20 19 33 36 58 34 51 31 42 48 47 12 26 56 41 13 25 5 52 59 11 39 50 55 2 44 8 10 21 27 35 57 37 3 18 38 30 7 45 40 22 4 28 15 14 6 43 53 16 32 1 17 54 
53 4 32 27 8 3 41 11 6 5 10 43 51 40 55 30 28 48 14 1 25 0 52 34 37 16 57 21 56 58 36 29 46 38 59 17 33 13 18 15 42 12 9 47 23 54 50 31 35 44 22 19 7 39 49 2 26 45 24 20 
31 45 19 16 42 7 52 22 56 43 20 11 26 28 2 4 57 1 23 6 18 14 33 39 21 35 32 44 50 37 15 51 8 49 27 58 24 25 59 48 10 34 9 54 55 5 12 30 29 46 17 53 47 0 38 40 13 41 36 3 
13 25 51 10 35 32 44 7 23 38 3 17 58 40 54 56 26 12 21 36 48 9 24 14 27 8 50 49 30 15 2 47 18 59 43 34 4 37 1 41 53 29 39 42 20 28 22 19 31 33 0 57 46 11 5 16 6 45 52 55 
34 12 45 5 18 54 41 47 19 38 30 24 46 59 37 28 49 8 0 15 40 14 55 27 39 42 44 56 23 9 17 7 53 10 57 6 22 4 35 25 50 26 36 21 33 11 31 58 52 51 29 1 32 48 20 13 43 2 16 3 
30 32 39 54 35 33 57 6 4 0 41 50 20 2 22 31 36 21 44 11 16 53 46 13 43 42 47 48 19 29 3 27 9 17 23 52 55 10 5 15 24 59 1 28 51 14 58 45 49 8 7 37 40 18 56 26 38 25 12 34 
47 37 9 59 21 11 29 42 1 12 58 5 6 38 26 7 17 55 34 28 48 10 3 31 44 43 16 8 41 54 52 22 46 24 13 18 53 56 27 25 40 33 32 4 45 39 51 19 49 15 2 36 50 14 57 23 0 20 35 30 
57 18 55 14 51 2 35 52 29 26 15 56 45 36 42 46 16 50 33 34 8 9 58 21 1 22 4 27 37 3 28 20 40 7 38 41 5 23 49 47 13 30 0 17 19 32 53 43 48 12 24 31 10 44 25 6 39 54 59 11 
49 25 43 24 16 41 31 53 34 15 12 23 17 56 44 38 58 11 29 2 32 20 0 40 35 1 50 45 22 6 7 3 59 52 19 46 5 51 48 4 33 28 10 26 13 42 9 30 39 57 54 8 36 27 14 47 18 21 55 37 
51 20 49 52 48 36 14 8 53 0 33 6 54 39 46 47 32 25 30 26 45 10 12 3 11 40 4 59 57 23 29 31 7 38 37 19 18 22 21 50 56 55 41 2 42 13 34 1 58 9 16 15 24 43 35 27 17 28 44 5 
48 28 17 1 23 27 37 9 13 36 57 45 22 15 2 0 43 55 30 41 21 24 5 20 4 56 44 39 42 14 47 54 18 12 51 16 3 59 11 31 50 40 49 34 58 25 10 33 26 7 35 6 38 46 52 8 19 32 29 53 
33 8 19 34 50 7 26 40 37 3 35 59 53 16 14 44 5 2 22 58 39 47 49 15 55 25 54 10 43 51 13 32 28 46 17 6 1 18 48 4 52 42 11 0 30 20 56 41 38 12 27 24 29 21 45 57 31 23 36 9 
31 27 16 24 13 52 7 29 30 41 55 9 50 17 0 51 18 38 4 57 28 46 6 35 11 19 25 43 20 39 23 40 12 33 53 49 37 1 54 32 8 10 45 42 59 47 44 5 34 2 26 21 48 58 36 15 22 14 3 56 
30 40 11 56 58 19 10 42 29 31 3 14 15 21 36 52 57 27 54 55 23 5 1 12 39 20 43 4 45 9 2 38 47 48 35 32 33 53 8 7 34 26 59 25 6 24 46 0 49 44 13 16 41 28 50 51 18 22 17 37 
18 39 10 6 44 0 28 43 22 2 59 41 8 49 38 34 21 13 35 26 45 51 57 53 5 20 17 9 23 29 1 50 31 47 37 33 7 25 36 27 56 12 54 24 15 46 32 52 11 3 16 42 30 19 14 48 58 4 40 55 
10 25 4 12 56 46 50 24 57 9 48 54 5 3 32 13 45 36 41 26 52 16 33 42 14 28 6 15 19 22 44 0 53 30 49 21 51 17 34 1 35 2 23 38 40 55 29 58 11 18 43 39 31 37 7 59 47 27 8 20 
4 47 5 21 58 45 25 1 14 42 59 11 49 2 18 55 32 31 17 36 37 51 35 57 53 19 48 40 16 50 46 38 20 30 39 44 3 0 54 9 28 24 7 29 56 23 43 41 27 6 26 34 12 15 13 52 10 22 8 33 
20 7 22 39 37 58 9 19 33 52 27 23 29 44 28 14 38 16 13 3 57 53 42 40 26 46 8 11 36 35 12 56 31 17 59 43 30 15 32 45 18 51 6 24 55 54 41 48 25 21 0 34 49 1 4 2 10 47 50 5 
43 26 7 47 36 49 59 33 24 4 27 8 54 22 48 50 12 10 42 40 23 51 0 17 39 52 29 41 58 34 16 37 9 45 32 5 20 18 13 2 55 19 15 21 30 56 11 46 38 1 25 31 6 53 35 28 14 57 3 44 
54 51 23 6 17 34 21 27 35 32 56 46 31 22 25 0 18 15 59 29 58 53 55 57 14 5 19 10 11 41 8 28 47 3 24 9 20 2 30 42 13 49 16 44 48 43 36 1 52 26 7 45 39 4 33 12 38 40 37 50 
2 40 38 1 19 53 50 55 15 33 41 24 36 45 18 28 10 27 46 26 52 31 48 57 59 32 12 56 47 20 58 25 34 43 14 22 51 8 5 7 30 3 21 11 54 44 42 29 39 37 0 17 4 49 23 16 35 13 6 9 
41 44 15 13 32 16 35 37 25 47 49 21 2 11 6 39 8 3 30 18 55 14 38 4 5 29 20 58 56 52 34 19 51 22 9 10 7 50 59 31 40 12 23 0 36 54 48 42 57 24 17 45 33 27 26 28 46 1 53 43 
23 12 43 42 25 8 28 3 46 20 45 58 27 47 24 37 0 35 31 1 50 17 53 14 21 52 36 26 6 13 34 10 49 38 40 4 56 44 16 9 48 7 11 57 41 39 55 29 30 2 54 19 51 32 5 22 59 15 33 18 
29 6 57 37 32 33 48 39 11 17 54 50 27 7 59 30 15 45 53 44 12 35 26 28 19 56 2 55 13 23 40 9 4 10 1 52 18 16 34 0 49 47 3 22 43 14 24 36 21 8 31 38 42 5 20 51 41 25 46 58 
0 20 51 55 1 30 8 46 49 18 16 14 39 24 5 43 22 11 26 56 6 13 41 12 15 27 54 38 48 36 44 19 42 3 59 35 32 53 37 33 7 9 57 58 40 31 4 2 21 17 25 47 34 28 45 52 50 10 23 29 
17 45 5 48 22 31 34 29 21 3 40 4 33 38 2 44 52 49 25 13 7 41 37 42 47 24 36 1 51 28 9 32 46 8 10 23 43 55 58 0 14 53 27 50 12 19 18 35 15 54 16 57 11 59 6 56 20 26 39 30 
9 54 36 14 28 38 16 4 58 59 52 43 50 56 40 44 39 6 12 25 20 18 7 46 21 15 1 34 30 35 51 13 26 27 37 33 47 2 57 48 19 17 5 29 10 53 41 49 45 42 8 3 24 31 11 22 0 55 23 32 
3 42 5 56 30 18 2 26 23 11 16 34 40 28 41 54 53 50 9 8 25 31 10 48 47 21 45 13 33 20 59 6 43 35 19 29 17 39 0 32 57 12 55 37 27 58 24 51 4 22 7 44 46 38 14 1 36 49 52 15 
47 15 53 7 19 1 32 34 57 13 58 31 38 22 49 26 6 0 23 10 33 30 46 5 45 17 27 50 36 39 37 29 4 8 43 16 41 25 52 48 51 24 3 44 20 40 59 35 42 56 28 11 21 14 54 2 55 12 18 9 
0 44 52 53 48 19 58 35 24 18 12 55 9 2 3 45 29 10 11 21 15 39 23 37 49 14 51 22 20 46 25 28 34 41 6 40 17 59 27 30 33 43 56 16 42 8 5 26 57 1 54 7 32 31 36 50 13 38 47 4 
15 24 17 59 50 11 42 46 25 33 51 16 38 4 21 36 14 9 55 54 13 57 31 41 56 37 18 0 27 32 7 8 10 1 43 23 2 3 29 22 26 35 34 39 19 45 48 47 53 40 30 52 44 6 20 28 49 58 12 5 
12 36 22 49 56 35 6 52 1 26 20 51 38 21 44 43 10 28 55 11 30 47 50 0 58 57 37 59 4 18 32 54 40 24 3 5 8 16 14 27 23 17 25 31 19 42 45 46 33 2 15 9 41 53 39 13 29 7 48 34 
10 41 7 54 39 12 29 2 4 57 40 31 42 5 30 49 46 14 24 58 34 28 44 3 37 20 55 38 51 13 21 15 59 33 22 50 27 48 43 23 11 18 52 47 26 9 32 1 17 35 6 36 25 16 0 8 56 53 45 19 
9 4 19 55 53 16 8 47 30 32 35 13 28 44 33 34 41 36 1 17 26 42 7 14 45 48 18 23 57 15 52 5 29 2 54 25 27 22 56 37 59 12 58 0 6 43 11 49 46 21 40 20 3 50 38 51 31 24 10 39 
40 56 45 21 43 25 59 27 48 9 46 38 6 37 23 50 22 4 31 3 11 16 2 47 5 34 30 32 24 57 26 12 29 20 49 53 14 15 39 36 13 18 28 7 33 54 51 55 0 10 58 35 42 41 8 52 1 44 19 17 
39 10 27 40 36 20 57 14 29 58 41 1 53 17 19 54 37 51 11 5 34 8 47 2 18 0 35 52 50 48 7 25 23 38 13 43 28 32 33 31 15 16 49 9 21 22 44 55 42 24 30 6 12 56 45 4 46 26 3 59 
35 3 24 44 48 18 0 31 54 26 46 45 43 57 50 6 8 1 30 58 59 56 33 23 9 51 55 42 20 28 22 10 15 19 39 25 38 12 52 36 49 2 7 17 13 41 5 16 40 14 53 4 32 27 11 29 37 47 21 34 
42 12 13 1 32 51 59 22 28 19 11 52 49 29 20 41 4 48 7 25 5 18 45 10 0 26 53 8 55 44 39 36 34 56 33 24 15 16 23 47 9 3 31 50 46 43 6 21 54 38 2 37 17 57 14 40 58 30 27 35 
13 14 27 46 50 43 49 55 16 31 37 20 57 21 40 32 10 2 34 6 9 44 45 56 17 19 53 12 38 28 52 24 35 8 58 42 3 0 36 39 11 25 15 29 26 33 5 47 59 23 1 54 18 4 51 30 22 48 41 7 
23 0 47 52 38 17 14 21 41 46 45 33 49 5 30 1 3 22 15 35 12 29 48 34 43 11 53 4 39 19 32 54 56 40 27 28 2 58 59 51 37 13 36 24 50 57 6 7 55 20 25 26 9 42 31 18 44 8 10 16 
8 53 20 51 13 4 9 2 37 59 17 26 21 58 30 39 6 52 15 43 18 3 16 45 7 36 42 24 29 31 47 27 10 19 54 41 33 38 56 25 50 11 49 1 12 23 14 44 32 55 28 40 57 48 35 46 22 5 0 34 
23 54 10 33 34 6 24 16 55 31 7 25 37 5 48 42 35 8 1 45 32 40 47 11 15 56 36 30 9 51 44 58 39 53 41 4 38 19 27 43 17 3 26 52 57 0 14 13 21 20 46 22 18 28 12 29 59 2 50 49 
57 11 59 30 0 37 25 4 28 22 27 58 46 44 7 31 34 56 48 33 54 21 35 3 5 49 8 20 41 55 40 50 19 18 1 36 6 24 15 12 13 29 2 39 26 32 42 43 14 51 53 23 47 38 45 16 52 17 10 9 
39 26 3 28 2 56 34 36 29 17 22 12 32 35 38 27 14 30 1 47 9 16 33 45 23 21 18 51 46 42 44 10 13 31 7 50 4 54 8 11 24 53 6 5 40 15 55 52 20 48 58 37 49 59 57 0 41 25 19 43 
53 32 20 42 9 24 40 49 15 55 18 5 4 59 22 57 46 29 23 50 8 54 52 12 35 17 27 41 44 14 10 19 45 6 47 7 13 38 51 31 3 43 28 30 58 2 56 16 37 48 36 39 1 21 25 0 33 26 11 34 
34 58 39 7 41 52 50 11 21 38 42 57 55 17 47 16 48 14 36 37 26 2 6 1 54 30 40 8 49 56 43 33 0 15 5 10 44 46 25 31 23 24 22 18 53 13 4 51 12 59 27 29 9 20 28 3 19 45 35 32 
10 18 48 35 51 19 25 32 24 5 37 27 15 49 1 33 29 28 42 38 45 58 6 7 13 59 21 16 0 50 54 14 17 47 20 12 52 9 34 43 22 23 53 11 36 2 57 8 4 40 41 26 46 39 44 55 30 31 3 56 
37 12 23 36 3 55 33 30 49 43 19 2 44 29 6 57 31 41 59 46 10 26 0 7 21 35 18 27 53 25 52 14 4 50 28 9 13 5 22 58 38 8 39 48 42 16 56 32 40 20 54 1 17 51 15 45 34 11 24 47 
56 11 5 7 51 44 22 45 14 17 47 40 50 20 29 15 18 3 58 53 1 39 4 12 16 10 46 31 9 24 35 30 2 23 0 42 32 41 26 25 57 59 43 28 38 19 34 37 55 54 8 49 52 21 6 48 33 36 27 13 
40 8 54 26 11 38 52 25 6 36 21 32 20 19 44 56 13 12 53 34 55 46 41 23 2 39 9 16 22 59 4 1 5 49 0 58 31 57 28 42 27 24 30 37 45 7 29 10 35 47 17 18 43 3 15 48 50 33 51 14 
54 28 31 3 9 35 19 39 43 48 41 13 27 0 15 10 52 42 50 46 58 22 1 8 57 18 44 47 29 30 24 55 4 37 53 34 25 32 11 38 26 45 16 12 17 7 59 51 5 33 20 40 56 2 14 36 6 23 21 49 
33 20 21 48 50 51 29 43 14 23 35 56 34 3 55 31 17 59 32 13 5 6 49 7 25 28 30 11 27 46 4 42 0 41 44 40 47 22 36 38 26 37 39 45 57 52 2 15 19 8 10 1 54 58 9 24 16 53 12 18 
46 15 24 49 25 30 47 2 17 44 22 27 59 16 56 10 26 0 37 13 36 57 20 45 34 18 53 40 48 9 14 12 55 1 32 43 33 41 23 11 8 52 28 51 50 35 39 58 6 19 21 54 38 7 29 42 3 4 31 5 
38 6 26 15 42 53 24 46 29 28 39 0 19 51 40 7 2 11 45 5 32 14 3 48 43 41 16 23 18 9 47 1 36 52 34 25 35 27 4 12 55 17 8 49 59 30 58 44 31 20 22 21 54 57 56 33 37 10 13 50 
19 36 1 3 38 25 50 58 8 57 31 2 5 12 21 51 35 45 41 24 40 4 39 22 0 9 13 56 33 54 59 16 11 17 34 43 53 29 10 49 52 18 6 30 14 20 37 55 15 26 28 44 46 47 32 48 27 23 7 42 
13 7 59 5 2 43 52 17 54 8 9 37 23 48 19 55 33 12 20 14 29 18 30 58 27 49 36 3 32 16 34 47 26 4 6 10 22 25 57 35 11 51 53 0 15 42 24 38 40 21 39 46 50 45 28 56 31 44 1 41 
7 1 57 18 42 16 44 34 49 27 10 32 4 13 38 31 11 47 12 39 51 21 50 28 19 17 56 53 46 33 0 26 6 37 22 35 55 14 24 36 3 25 58 41 30 23 43 45 9 29 48 2 54 20 8 59 15 40 5 52 
4 41 6 49 23 14 56 39 24 19 11 55 58 22 44 43 37 21 48 16 26 45 52 3 53 10 0 42 17 13 2 28 20 31 15 40 54 36 50 7 51 30 38 12 33 8 47 1 18 59 5 34 46 9 29 27 57 25 35 32 
39 47 25 41 28 55 34 29 18 45 32 43 20 54 5 56 8 11 33 48 53 2 42 57 3 52 38 14 19 59 26 36 40 24 49 9 50 1 37 13 44 35 10 31 15 27 7 46 0 51 21 6 12 30 17 16 22 58 4 23 
6 27 4 46 12 15 32 9 26 33 5 38 58 53 47 57 43 51 31 21 1 44 54 40 30 11 35 23 7 20 34 14 48 29 25 39 59 50 52 45 16 41 13 55 24 36 17 22 0 49 2 3 37 18 19 56 8 10 28 42 
16 58 12 52 40 17 0 59 42 22 30 24 23 47 56 7 4 1 15 19 35 21 31 8 51 44 9 5 54 50 46 26 32 10 29 14 3 49 18 28 55 37 33 39 57 36 48 20 6 53 34 41 38 2 11 45 13 25 27 43 
53 27 42 33 7 45 36 15 35 30 37 25 39 49 3 54 22 6 8 17 57 28 29 51 38 52 10 34 31 23 20 9 58 47 13 50 18 46 5 59 2 55 0 11 26 14 56 44 24 40 21 41 48 12 16 4 32 19 43 1 
40 31 30 28 48 37 25 11 9 16 38 26 33 22 19 18 58 4 41 20 8 3 17 21 50 27 0 10 14 12 43 46 49 45 32 5 23 42 44 29 7 15 6 55 51 24 34 54 36 35 1 56 13 57 52 47 59 2 53 39 
22 44 9 13 34 2 21 31 56 23 14 1 36 59 39 15 8 7 25 24 6 54 47 45 35 0 57 32 19 53 37 41 46 51 12 27 38 42 5 55 16 50 4 48 20 58 29 18 28 10 40 26 30 11 33 49 3 17 52 43 
26 16 52 3 43 5 0 50 27 48 46 4 10 59 28 18 24 45 58 17 57 41 2 54 29 11 39 1 44 30 21 40 38 20 32 35 53 6 15 7 55 33 14 56 37 42 22 19 49 34 9 31 51 12 13 23 25 47 8 36 
8 5 37 46 35 34 10 16 56 59 23 58 4 31 52 36 43 7 45 28 14 32 18 29 51 12 13 1 42 2 19 22 3 38 57 47 15 44 33 20 0 48 30 55 25 41 24 40 11 53 27 49 9 21 17 26 54 39 6 50 
23 13 11 41 30 59 51 47 22 28 2 57 55 29 25 39 50 27 49 24 1 9 42 52 56 6 40 36 48 31 14 53 46 32 10 44 0 34 15 17 4 33 20 16 5 12 21 19 3 8 38 18 58 45 7 35 54 26 37 43 
26 1 30 2 55 38 9 40 3 34 43 51 54 7 20 12 52 15 49 41 32 36 28 45 17 42 37 53 11 19 13 56 0 22 10 6 29 50 21 18 4 59 48 47 39 35 46 23 57 44 24 25 31 58 16 14 8 5 27 33 
14 35 53 11 21 36 12 8 24 33 10 54 44 26 50 47 20 17 5 42 32 18 9 37 25 30 48 31 49 52 1 56 27 19 16 46 59 51 40 58 4 6 22 55 34 28 29 15 43 3 41 39 7 0 2 13 45 57 38 23 
0 16 57 44 45 55 36 50 23 52 38 47 13 54 41 17 39 12 9 3 5 20 6 21 26 34 51 25 58 35 33 15 22 19 14 48 10 31 27 7 37 8 2 29 4 40 46 49 56 11 42 32 43 28 59 30 24 18 53 1 
3 57 8 14 27 19 23 18 49 2 7 21 38 36 11 29 37 59 24 44 43 40 6 46 17 9 58 16 33 47 42 39 28 4 25 41 10 22 52 15 48 26 30 13 56 35 31 12 1 50 55 53 5 51 54 45 34 32 20 0 
25 58 32 10 51 2 30 41 18 7 15 16 46 6 53 54 20 26 55 31 3 56 27 45 24 43 33 13 35 44 19 49 34 29 4 5 57 8 22 39 21 0 40 48 47 1 12 36 50 14 52 28 59 17 9 11 38 42 23 37 
20 46 17 13 12 55 54 1 53 43 25 48 29 14 23 40 18 50 0 5 47 51 22 33 42 37 19 28 6 16 31 38 35 27 3 59 2 45 8 34 56 58 41 57 15 36 30 10 49 32 4 11 9 7 39 21 26 44 52 24 
59 46 35 33 0 10 21 31 47 52 4 15 22 42 9 49 34 12 56 40 2 54 43 20 58 38 5 26 16 13 39 27 32 3 8 48 23 17 41 25 55 44 30 28 11 57 29 53 18 50 24 36 7 6 45 51 1 19 37 14 
23 42 18 6 49 52 37 39 53 50 45 24 25 58 9 59 48 56 36 1 8 21 29 7 0 30 13 34 27 26 5 19 54 43 4 15 20 32 14 41 57 17 55 12 35 11 16 10 31 47 38 2 28 3 22 46 33 51 40 44 
37 29 17 10 49 8 22 14 48 41 13 56 51 9 40 27 16 19 30 20 38 32 35 57 24 55 4 12 5 7 34 26 59 53 3 45 31 54 23 43 50 21 39 15 58 44 46 52 11 1 2 18 0 36 28 47 6 42 33 25 
31 28 50 30 40 42 55 11 58 57 49 35 52 10 43 34 3 37 4 54 0 16 1 53 5 9 17 24 33 26 59 36 2 46 39 44 45 6 18 51 19 21 47 23 32 13 7 29 27 41 8 12 48 15 56 20 25 38 14 22 
48 39 32 4 47 6 44 3 45 51 28 14 0 49 8 19 33 16 42 27 11 13 46 38 37 12 56 54 25 40 43 5 1 10 18 17 26 7 2 58 9 41 35 20 22 24 55 31 52 29 23 50 15 57 30 21 59 53 36 34 
26 41 58 48 20 28 6 24 31 12 8 53 22 11 33 15 18 36 2 55 56 17 7 9 37 39 50 3 34 30 47 19 23 13 59 5 51 44 40 14 10 45 27 16 35 38 29 43 0 4 54 25 1 42 21 52 32 46 49 57 
52 15 18 31 44 38 27 56 32 10 33 1 39 42 29 22 20 54 49 47 45 23 19 16 51 43 34 30 21 2 24 3 53 12 26 25 46 9 14 36 48 0 7 59 6 11 28 58 50 40 8 57 5 35 55 4 13 17 41 37 
14 11 55 5 12 0 2 23 7 42 57 56 30 59 45 38 53 17 8 32 41 35 28 36 10 43 46 26 34 25 48 21 54 37 13 19 52 22 4 15 24 6 44 9 39 40 1 50 49 51 3 27 33 16 47 31 29 18 58 20 
21 35 1 57 23 15 40 29 56 2 13 58 51 9 45 53 6 18 54 47 28 44 4 36 31 48 17 0 49 46 33 14 5 22 20 25 52 11 38 19 27 10 59 50 39 26 8 42 43 7 3 41 32 34 24 37 55 12 16 30 
6 29 26 35 16 50 19 54 41 21 4 25 38 59 36 33 22 44 11 7 43 23 51 24 58 46 14 45 57 42 49 15 32 20 1 10 0 48 27 28 9 5 37 3 53 56 47 30 8 18 13 52 40 2 12 39 31 17 34 55 
20 25 17 28 5 8 1 47 10 50 4 2 55 42 49 0 27 37 14 31 15 22 3 9 41 58 52 21 43 33 11 16 48 35 38 51 6 39 44 32 57 12 13 19 53 23 26 24 46 59 34 30 40 36 7 18 54 56 45 29 
12 27 55 41 40 13 8 46 59 24 6 5 11 3 51 4 34 29 17 31 53 45 18 16 26 25 52 32 20 47 7 54 38 39 15 21 42 2 37 33 43 9 49 0 14 57 50 19 28 35 30 56 44 36 58 23 1 48 22 10 
7 36 34 17 56 41 33 47 51 32 55 24 37 52 54 57 18 11 28 59 39 35 23 19 42 15 20 4 30 1 14 8 29 2 45 12 25 53 21 27 3 40 5 48 10 16 6 26 13 50 9 31 0 44 49 58 38 43 46 22 
19 44 50 37 48 16 58 15 40 49 53 3 51 39 26 34 11 57 22 35 42 29 24 41 59 46 31 9 38 30 36 43 27 18 54 28 0 14 21 20 13 52 10 4 5 56 17 1 25 23 32 12 45 8 6 2 55 33 47 7 
47 29 28 43 36 45 52 9 30 56 10 44 50 12 20 23 33 40 14 37 24 53 21 49 42 32 57 54 22 39 16 5 2 25 13 18 0 7 26 59 34 31 17 15 41 11 58 6 48 55 27 8 1 3 4 46 19 38 51 35 
23 38 47 2 57 53 3 29 42 26 20 34 13 46 8 28 11 27 48 21 7 22 6 35 1 31 12 58 52 40 55 45 18 51 37 5 32 59 19 50 10 17 16 33 41 49 30 25 56 14 36 44 9 0 39 15 54 24 4 43 
9 16 1 46 44 18 35 14 32 4 8 37 22 24 0 30 58 41 21 28 47 10 56 7 50 11 49 42 45 43 40 33 36 12 19 17 27 6 52 13 5 51 31 15 3 26 20 34 38 2 39 53 23 48 57 25 55 54 59 29 
26 8 48 54 58 34 5 57 24 0 36 46 7 59 13 33 19 39 44 53 32 14 16 23 17 51 31 9 2 10 50 35 20 49 43 29 12 56 6 4 11 18 42 15 45 38 52 28 25 41 21 37 22 40 3 47 27 55 1 30 
36 22 51 49 40 15 33 42 3 7 4 35 55 50 19 9 56 44 30 10 16 0 59 6 48 28 14 26 24 20 38 32 52 46 29 8 34 5 58 2 12 57 47 13 25 45 39 37 43 54 31 17 27 21 18 23 41 11 53 1 
32 21 26 39 35 34 56 11 15 9 17 5 24 43 22 49 38 10 1 59 25 57 33 55 46 6 30 40 12 19 0 29 20 52 47 3 53 23 54 58 16 28 2 31 13 4 51 37 50 7 14 48 27 36 42 44 41 8 45 18 
3 30 37 45 14 38 31 25 18 32 12 34 19 52 15 55 48 27 1 8 53 35 50 43 7 29 17 44 57 41 56 49 47 54 4 59 9 26 2 13 42 33 5 36 11 40 39 46 21 6 28 16 24 20 23 10 22 51 0 58 
55 28 3 7 52 39 23 33 41 38 0 53 1 40 45 10 58 4 56 14 22 59 29 6 18 25 12 43 20 47 24 5 19 36 16 15 11 34 30 21 31 2 48 8 9 51 46 42 32 13 49 50 17 57 44 27 37 35 26 54 
5 39 9 2 4 48 19 47 13 28 53 41 27 54 42 40 37 46 59 10 51 33 25 6 23 1 50 20 26 14 11 29 55 43 34 3 52 0 45 7 49 38 56 44 15 36 17 58 12 35 31 22 21 16 57 8 32 18 24 30 
45 10 17 30 42 6 37 12 44 47 55 29 23 18 7 11 24 49 41 31 46 14 21 20 51 43 13 33 9 52 5 27 28 1 54 19 57 8 34 15 36 58 53 2 48 16 56 22 3 59 35 50 32 4 0 39 25 26 40 38 
40 31 38 0 32 13 45 36 58 35 51 53 50 59 43 27 8 9 7 57 18 41 47 28 12 16 48 3 49 11 15 21 19 17 29 4 30 46 25 2 34 20 39 52 6 55 56 14 5 23 42 37 1 44 22 33 26 10 24 54 
2 15 39 12 6 40 58 50 45 10 21 11 9 8 25 54 59 1 3 24 23 49 42 4 17 18 33 0 48 19 52 37 51 36 14 30 41 32 16 56 46 26 28 38 34 31 5 57 35 7 27 43 47 55 44 22 13 29 20 53 
52 49 21 27 38 22 17 26 4 15 54 50 33 32 44 24 53 56 36 7 29 48 20 35 14 37 39 23 3 57 41 30 46 11 9 42 0 34 10 6 51 43 16 59 31 45 58 2 47 40 55 13 28 18 8 5 12 25 1 19 
45 36 20 10 8 59 7 4 54 48 55 27 50 2 52 21 46 58 57 56 51 49 43 39 25 42 41 53 40 44 34 33 35 32 47 29 26 37 31 23 28 38 18 17 19 16 9 12 13 15 30 22 6 14 5 0 24 3 11 1 
