111 4 29
27 28 20 24 22 17 19 16 7 21 25 23 26 14 13 18 9 6 5 15 12 4 0 1 8 3 11 10 2 
2 10 3 8 1 0 4 12 15 5 6 9 18 13 26 23 25 21 7 16 19 17 11 22 24 20 14 28 27 
11 14 7 21 19 22 15 13 12 1 10 18 20 0 27 2 3 28 6 8 24 26 4 23 5 9 17 25 16 
9 14 11 25 23 16 17 5 4 26 24 8 10 6 28 2 3 27 0 20 1 13 12 15 22 19 21 18 7 
6 0 26 20 18 15 4 19 3 1 8 2 28 27 10 14 22 11 16 25 17 9 7 21 12 5 23 24 13 
18 26 12 13 5 17 16 22 24 23 9 21 7 27 28 2 20 10 25 11 8 19 1 4 3 15 6 0 14 
15 8 21 23 3 7 24 22 5 4 11 0 25 27 2 28 17 18 12 13 14 6 1 19 20 16 10 9 26 
16 1 13 19 25 0 20 6 10 24 5 12 28 11 21 7 9 14 22 17 3 2 4 23 8 26 18 15 27 
28 12 25 2 27 4 7 3 14 9 10 19 24 18 15 21 16 11 26 1 8 20 13 17 23 22 0 5 6 
6 23 17 13 1 22 27 8 2 21 11 26 9 5 16 15 18 14 0 3 10 4 20 24 7 19 12 25 28 
4 5 20 0 21 10 13 8 14 19 7 16 15 26 9 28 27 6 25 23 12 18 2 24 22 3 17 1 11 
24 1 17 3 20 18 11 9 2 27 23 12 6 25 19 22 14 28 0 15 5 26 7 10 16 13 8 4 21 
18 7 28 8 15 10 17 25 9 4 22 20 1 24 6 13 16 11 12 27 3 5 26 14 21 19 2 0 23 
3 10 16 22 26 0 19 23 14 2 11 21 6 12 27 13 4 17 25 15 8 1 28 24 7 9 5 20 18 
7 14 27 12 0 5 11 23 9 20 1 24 26 3 4 16 15 6 2 18 17 28 21 22 19 8 13 25 10 
2 25 13 17 15 28 23 19 26 5 1 18 21 24 8 12 10 0 16 6 14 20 4 27 7 11 3 22 9 
16 9 8 21 5 22 19 3 18 6 14 20 10 1 17 25 27 11 13 28 7 0 24 15 23 4 2 26 12 
4 22 24 12 28 26 6 11 23 10 15 14 25 20 9 7 0 8 18 19 13 17 21 2 5 3 27 16 1 
19 13 4 3 21 2 23 20 9 26 28 0 11 22 16 24 18 1 5 12 8 7 17 15 25 10 27 14 6 
17 6 12 24 5 19 27 0 7 25 8 22 16 4 10 1 18 2 23 3 20 21 15 26 9 13 28 14 11 
9 15 27 21 8 0 12 1 17 14 26 28 16 13 11 3 2 7 25 6 20 18 23 4 10 5 19 22 24 
10 11 18 2 24 20 14 3 4 7 5 13 25 6 1 22 23 27 21 15 17 16 9 8 12 0 28 19 26 
26 1 15 23 25 14 22 18 7 16 28 3 19 27 5 13 17 20 2 0 12 8 9 11 24 21 4 6 10 
11 8 24 13 27 10 6 16 28 18 19 5 9 26 3 12 15 22 4 23 2 7 0 21 20 14 1 25 17 
9 20 19 4 17 7 5 12 2 11 28 16 13 1 14 8 0 23 27 22 10 18 25 26 6 21 15 3 24 
21 25 15 6 20 2 16 7 26 11 24 10 17 0 22 23 1 19 4 9 3 13 27 14 18 5 8 28 12 
18 0 25 14 28 21 5 27 3 1 26 4 24 9 17 22 10 12 8 23 19 6 11 13 20 2 16 7 15 
20 23 6 12 13 17 10 4 3 7 21 18 14 24 8 15 11 26 27 19 28 1 16 25 0 5 9 22 2 
27 5 14 2 18 15 19 22 9 24 25 0 23 13 11 10 7 4 6 26 28 8 1 21 12 17 20 3 16 
14 2 12 22 1 8 6 3 16 10 26 20 21 9 5 28 24 25 17 15 4 18 0 27 7 11 13 19 23 
28 0 7 6 16 22 8 2 4 9 27 13 19 17 15 24 14 20 23 3 25 12 21 5 26 10 11 1 18 
11 1 5 7 19 17 26 10 21 23 3 28 13 25 12 18 4 9 27 0 15 16 24 20 8 2 22 6 14 
16 8 18 23 28 1 11 20 10 15 26 12 27 21 2 19 17 22 4 14 6 5 24 13 0 9 25 3 7 
26 25 3 8 7 13 12 24 20 9 1 14 21 19 23 2 5 6 15 27 4 10 0 22 16 11 17 18 28 
13 24 4 18 11 22 0 9 16 25 15 3 17 21 1 26 6 2 19 7 10 12 5 28 14 27 20 8 23 
0 27 10 22 28 5 17 15 2 6 11 21 20 12 18 25 3 9 16 19 1 23 8 7 14 4 13 26 24 
10 1 16 4 27 23 7 6 2 5 8 25 11 24 14 12 26 0 17 19 21 28 15 3 13 18 9 22 20 
3 23 19 8 15 17 0 9 28 7 18 26 11 20 5 6 14 24 2 21 13 16 22 27 1 4 10 12 25 
24 21 13 14 17 10 20 26 0 8 25 11 22 12 15 4 16 5 18 28 23 7 3 2 9 1 19 6 27 
26 19 27 6 21 1 9 22 7 4 20 25 28 2 18 12 13 10 14 23 24 16 3 11 8 0 15 5 17 
5 3 16 15 28 14 12 23 1 0 25 22 24 20 13 27 19 6 18 17 4 26 11 10 8 7 9 21 2 
24 2 9 18 13 6 8 12 7 3 23 28 21 4 17 0 19 10 22 27 5 26 1 14 15 11 25 16 20 
25 11 23 4 19 16 12 2 20 18 8 5 22 21 26 27 9 3 0 14 7 28 15 10 17 6 13 24 1 
15 9 10 13 5 2 20 22 26 14 17 27 1 7 19 8 3 24 16 28 11 18 4 21 6 23 25 0 12 
12 21 11 4 17 20 6 1 15 25 27 5 13 24 3 28 8 14 2 9 10 26 23 18 7 22 0 16 19 
14 18 21 7 23 16 25 10 6 0 24 1 13 2 9 15 19 11 28 3 8 27 22 20 12 26 17 5 4 
22 28 0 3 17 13 11 10 8 23 2 16 24 6 14 26 5 19 7 9 18 25 4 20 15 12 1 27 21 
27 4 26 13 25 16 7 1 15 0 21 8 18 5 20 11 6 23 17 14 12 22 19 9 24 10 2 3 28 
8 19 9 1 11 0 3 12 24 7 16 26 27 10 17 18 4 25 14 22 2 5 15 23 13 20 28 21 6 
28 26 2 15 5 16 4 10 17 7 3 27 19 22 9 12 25 6 20 21 0 24 23 8 11 18 14 1 13 
12 19 20 28 23 22 1 9 15 14 4 10 3 13 5 21 6 18 16 2 11 24 17 7 0 25 26 27 8 
2 0 21 14 24 27 8 6 4 23 18 20 13 1 28 22 7 3 25 11 5 26 10 19 17 15 12 9 16 
5 6 11 25 17 15 22 7 9 0 18 10 14 16 21 12 26 8 27 2 13 4 23 1 28 20 24 19 3 
27 10 9 24 15 5 1 28 20 23 8 25 21 16 13 0 3 4 26 19 2 14 12 17 6 22 7 18 11 
17 13 22 4 23 12 19 8 20 25 0 27 3 18 16 7 6 11 28 1 26 24 2 15 14 21 9 5 10 
12 7 26 22 6 21 19 11 24 28 5 8 14 3 18 0 2 25 1 23 20 17 4 16 13 10 27 9 15 
18 17 16 14 3 27 24 21 12 15 11 10 28 9 6 19 7 4 23 2 1 22 26 20 8 0 5 13 25 
18 26 4 25 14 1 2 11 13 28 20 9 19 10 6 15 0 17 8 24 5 21 22 23 27 7 12 16 3 
6 23 27 7 26 12 9 16 17 18 20 3 22 10 5 13 15 25 2 24 0 28 14 19 21 4 8 1 11 
3 0 7 20 25 5 15 8 17 28 19 10 4 24 13 21 1 22 14 9 2 11 18 12 27 26 16 6 23 
5 20 24 2 19 15 1 12 23 11 14 21 16 8 25 18 6 9 4 27 26 28 13 7 22 17 3 10 0 
4 16 22 14 8 5 13 2 28 10 9 1 7 21 12 3 23 17 24 0 20 6 11 19 27 15 26 18 25 
0 22 15 7 17 1 25 4 27 23 9 11 14 8 19 21 24 10 20 28 6 26 18 3 16 12 13 5 2 
26 0 13 23 3 6 10 28 18 12 9 20 11 25 27 16 21 5 7 1 14 22 8 15 24 4 19 17 2 
24 19 6 2 1 7 13 14 17 5 28 0 12 15 25 16 3 11 21 18 22 26 27 23 9 20 10 4 8 
21 27 3 11 9 25 22 13 5 12 23 18 2 8 24 15 1 10 19 17 26 7 6 16 20 4 28 14 0 
6 10 4 19 26 5 13 27 17 11 14 1 0 24 20 9 2 18 16 3 8 23 22 21 28 15 25 12 7 
18 20 2 28 27 8 16 14 4 0 17 26 12 25 19 10 11 13 3 23 15 5 6 9 22 1 21 7 24 
28 21 15 26 23 24 17 2 7 3 4 16 8 12 9 14 20 27 1 18 5 19 0 25 22 10 13 11 6 
19 10 8 2 25 22 27 20 18 12 0 24 17 9 26 1 21 7 5 13 6 4 15 3 28 23 11 14 16 
14 13 25 19 1 9 26 15 20 11 8 12 7 3 22 6 16 23 0 28 4 27 2 24 10 17 21 5 18 
21 22 18 5 28 7 11 4 26 19 16 1 6 3 24 0 9 15 23 12 27 13 10 14 20 25 17 8 2 
24 10 7 23 19 28 22 8 16 11 5 27 6 20 15 3 13 25 21 1 9 17 12 0 2 14 18 4 26 
6 9 23 11 1 28 4 0 12 18 21 10 15 24 22 2 19 25 16 13 14 7 5 20 27 26 3 8 17 
3 14 17 16 4 18 24 13 27 5 11 12 6 8 15 7 19 20 2 10 21 25 26 0 1 22 23 28 9 
7 18 1 22 20 17 3 23 26 0 2 8 13 4 21 10 25 5 14 27 16 9 6 19 24 12 28 15 11 
15 13 26 10 24 12 21 27 18 14 11 17 9 0 23 6 22 28 1 4 3 25 5 20 19 7 2 8 16 
3 25 12 15 28 27 14 6 8 5 23 26 16 11 9 21 19 7 2 13 0 10 4 18 17 20 24 22 1 
0 25 2 16 20 23 21 1 17 15 27 7 10 24 18 11 4 28 5 9 3 26 22 6 8 13 19 14 12 
8 7 9 2 6 25 24 21 16 10 14 28 12 4 22 13 26 1 27 5 18 17 20 19 0 23 11 15 3 
20 11 28 5 22 2 3 26 12 17 0 7 14 1 9 10 27 13 21 19 16 24 8 15 25 6 4 18 23 
19 25 3 4 15 6 14 17 28 23 8 13 24 9 16 11 18 1 10 0 27 20 7 22 12 5 21 26 2 
22 1 8 14 0 19 24 17 5 26 27 28 10 23 7 4 15 12 21 2 20 16 11 18 25 13 9 3 6 
11 27 15 16 2 18 23 0 22 12 14 3 13 26 19 7 5 20 4 24 8 1 9 28 6 25 21 10 17 
21 0 9 2 28 11 5 27 4 6 20 26 18 24 16 25 10 8 7 17 12 15 19 1 3 13 23 22 14 
18 17 21 15 1 13 12 6 20 19 5 4 14 22 25 7 9 28 8 26 10 11 2 24 23 3 27 0 16 
1 23 12 26 24 16 10 8 4 3 17 14 11 21 22 9 6 20 2 13 28 7 15 25 19 5 0 18 27 
20 27 19 10 6 23 0 16 21 28 13 15 18 7 14 17 22 8 3 5 12 24 9 26 2 11 1 25 4 
7 4 8 25 5 26 10 12 3 11 22 1 18 15 28 2 27 24 6 9 16 19 21 0 17 14 13 20 23 
18 25 17 24 9 3 7 0 19 23 14 20 26 12 15 22 4 16 6 5 21 27 11 10 1 13 8 28 2 
13 27 11 8 17 28 16 24 25 20 5 4 21 23 19 18 14 1 2 12 22 15 10 0 3 7 6 26 9 
14 23 9 0 28 26 25 12 13 8 17 6 27 22 3 24 19 1 11 18 15 2 4 5 7 16 10 21 20 
27 13 16 4 6 3 22 14 2 20 26 18 15 28 23 17 10 1 21 0 9 25 11 5 8 19 24 12 7 
13 12 16 19 15 24 10 0 26 5 25 9 18 14 3 2 7 28 17 21 6 11 8 27 4 23 22 20 1 
9 15 2 5 11 10 1 13 7 18 17 22 27 19 6 25 23 3 28 4 20 16 12 8 26 14 0 24 21 
5 7 13 26 8 24 12 0 15 1 20 22 11 23 17 21 18 6 2 27 16 14 25 3 10 28 19 9 4 
18 9 6 27 14 20 19 21 8 26 17 5 23 2 15 0 12 24 10 28 3 11 22 4 13 16 25 1 7 
12 4 24 3 25 7 27 2 28 0 20 1 17 6 16 15 13 9 10 26 22 23 8 5 21 14 19 11 18 
21 23 19 14 10 0 9 1 27 4 25 3 5 20 28 22 13 16 17 24 7 2 8 6 15 18 26 11 12 
15 11 26 20 12 28 1 10 3 25 8 23 5 18 6 22 4 13 19 9 24 17 27 2 21 14 16 7 0 
8 6 17 28 0 12 14 2 11 13 18 10 23 1 4 25 21 26 7 24 15 20 3 9 16 22 19 27 5 
0 22 17 3 4 2 26 21 13 14 15 19 27 7 6 9 1 11 8 5 25 23 16 24 18 12 28 20 10 
1 22 4 10 0 11 14 21 18 24 5 6 16 17 26 12 7 19 9 25 20 15 23 2 13 27 8 3 28 
0 28 2 17 16 23 3 11 24 20 8 5 15 26 27 6 7 13 19 21 12 4 1 10 22 25 9 18 14 
25 1 7 19 20 18 14 24 3 9 21 10 13 28 2 6 4 22 8 5 12 11 0 16 27 23 17 26 15 
16 9 15 27 26 6 2 3 1 8 20 0 7 22 24 12 4 19 18 25 23 17 14 5 13 21 10 11 28 
10 23 5 9 22 4 12 13 20 24 3 0 27 8 26 14 11 17 28 7 19 2 15 25 18 1 21 6 16 
17 25 26 22 21 28 12 7 0 10 20 27 5 15 3 19 6 8 11 23 16 14 9 18 13 4 24 1 2 
6 5 11 16 15 3 10 1 28 9 2 4 17 21 23 25 14 7 24 26 22 19 27 13 0 8 18 12 20 
8 12 11 1 10 7 25 0 14 4 13 28 21 17 2 23 24 6 22 27 18 3 26 15 16 19 5 20 9 
2 17 18 15 25 8 28 9 24 27 20 14 13 6 10 3 26 22 11 4 21 5 19 23 12 16 7 1 0 
