105 4 26
11 21 24 18 19 12 17 23 22 14 25 0 7 15 8 20 1 10 9 16 3 6 5 2 13 4 
4 13 2 5 3 16 9 10 1 20 15 7 8 0 25 14 22 23 17 6 12 19 18 24 21 11 
6 14 8 7 22 10 19 9 24 5 13 17 1 4 11 2 3 21 18 16 23 12 20 15 0 25 
6 0 25 15 20 12 23 16 18 2 21 3 11 4 1 17 13 24 5 9 19 10 22 8 7 14 
3 17 19 18 10 21 2 20 13 25 8 7 12 5 4 11 24 6 0 15 14 22 23 16 9 1 
1 22 16 23 8 15 4 5 24 12 25 9 0 11 13 21 2 18 6 14 7 10 19 20 17 3 
1 7 20 17 9 14 21 3 2 0 15 10 24 11 4 12 16 23 22 18 19 5 6 8 25 13 
25 16 13 0 9 5 22 19 14 12 6 11 24 4 8 15 3 17 20 23 7 10 21 18 2 1 
23 24 11 10 15 7 3 2 14 13 6 1 18 9 25 17 22 5 0 20 16 21 8 19 12 4 
12 8 14 20 5 2 18 4 1 19 6 13 21 9 25 23 16 22 10 0 3 17 7 15 11 24 
4 15 10 19 18 16 22 21 11 0 17 6 3 9 12 7 13 25 1 2 23 20 14 8 5 24 
5 20 7 23 25 24 8 21 17 6 13 3 19 16 1 18 14 15 11 0 22 4 2 12 10 9 
12 0 10 3 22 13 4 24 8 23 20 11 19 9 1 16 14 25 18 2 7 21 5 15 17 6 
2 14 17 11 15 8 0 25 21 19 5 9 18 16 1 24 10 7 23 4 20 13 6 12 3 22 
9 2 22 7 18 1 11 13 8 12 15 16 3 6 21 20 24 5 17 10 14 25 23 4 19 0 
9 6 23 17 12 1 19 4 10 24 3 0 21 5 15 25 7 8 22 14 16 20 13 2 11 18 
13 21 11 20 22 25 10 18 15 19 4 14 23 6 24 5 2 3 12 17 1 7 16 8 9 0 
0 1 17 6 16 18 7 5 2 19 8 24 22 25 20 3 23 10 9 11 15 12 4 14 21 13 
18 3 14 23 16 24 6 21 9 4 20 8 7 25 12 19 17 2 11 13 10 22 15 0 5 1 
24 19 5 15 20 14 13 10 12 22 7 0 2 21 16 23 1 4 17 25 18 9 11 8 3 6 
25 3 11 7 4 23 5 18 22 21 1 0 14 13 17 10 12 20 9 6 8 2 16 24 15 19 
21 8 10 6 11 16 2 0 17 4 23 14 15 20 1 22 13 5 7 3 19 25 9 24 12 18 
12 15 25 17 24 22 2 9 4 20 3 6 18 16 14 0 10 8 1 13 11 19 5 23 21 7 
3 12 9 15 5 19 1 23 13 8 7 18 0 11 20 6 4 2 10 17 22 25 21 24 16 14 
2 24 16 4 7 6 11 25 1 10 21 12 5 19 13 14 20 0 15 8 9 18 22 23 3 17 
5 4 8 17 12 7 23 16 14 18 15 9 3 13 21 22 24 0 19 10 2 25 6 11 20 1 
20 0 11 13 24 1 2 23 14 19 3 8 4 22 6 15 18 7 16 17 12 9 5 21 25 10 
9 16 22 19 21 3 10 18 8 1 25 17 20 0 23 24 5 2 14 12 6 15 11 7 13 4 
6 13 0 18 10 15 8 14 1 20 11 21 9 12 7 17 4 5 24 25 3 19 16 23 2 22 
21 14 16 5 25 7 4 15 1 19 12 10 3 11 6 22 2 9 24 17 8 0 18 13 20 23 
2 23 19 20 9 0 21 6 22 5 11 10 16 13 12 17 18 7 14 24 25 3 4 8 1 15 
8 18 10 23 25 22 7 2 19 4 15 0 12 24 17 13 1 14 6 21 3 5 11 9 16 20 
13 17 7 20 22 5 11 16 12 6 21 9 1 4 23 0 18 19 15 2 8 3 14 25 24 10 
19 14 11 3 20 17 1 24 25 18 4 8 9 13 15 10 16 2 5 21 6 22 12 7 23 0 
21 24 0 7 9 16 17 15 25 14 13 18 6 23 2 3 12 8 4 5 20 1 11 22 10 19 
12 10 18 11 22 5 6 20 8 3 14 15 2 24 23 0 16 19 13 25 9 1 17 4 7 21 
14 0 4 22 1 3 2 12 25 15 21 20 7 8 6 23 13 10 5 18 9 19 16 24 11 17 
21 13 19 2 15 17 23 10 9 4 1 16 6 11 25 8 3 24 14 7 5 20 18 0 12 22 
8 3 16 5 0 24 1 10 17 21 9 22 20 18 19 4 13 7 12 14 11 6 23 25 15 2 
6 22 4 9 20 17 25 24 23 2 13 7 15 11 14 19 8 1 12 0 16 5 3 10 18 21 
15 18 5 25 17 11 10 12 1 13 14 16 3 19 23 2 0 20 7 24 21 22 8 6 4 9 
25 8 15 6 4 0 19 2 11 7 18 9 24 23 22 20 21 5 3 12 14 10 1 17 13 16 
12 7 16 11 10 23 25 20 6 14 4 17 21 2 24 19 18 9 1 22 5 3 13 0 15 8 
8 13 3 6 12 22 25 1 11 19 5 21 7 0 24 16 9 2 17 10 15 23 14 18 4 20 
18 9 7 24 0 20 10 5 8 4 21 1 23 2 16 3 11 25 15 13 22 19 6 17 14 12 
1 5 4 22 14 24 23 18 17 6 20 21 15 16 10 11 0 3 7 13 8 25 12 2 9 19 
9 19 2 14 23 25 10 16 12 13 20 15 5 17 8 22 3 21 11 1 4 18 0 24 7 6 
13 2 24 21 22 0 12 3 18 23 17 4 9 14 19 11 16 5 7 8 10 6 1 15 20 25 
11 16 20 10 7 9 12 8 24 18 0 6 13 19 25 3 21 15 4 14 17 22 5 2 1 23 
1 17 0 11 14 2 5 22 13 15 6 4 9 10 23 21 24 8 19 25 12 18 3 20 16 7 
3 19 6 16 23 7 1 15 22 8 21 13 2 20 14 25 9 4 17 18 12 10 0 24 11 5 
4 10 7 20 16 3 19 5 0 15 18 23 1 24 9 12 6 14 22 8 11 17 2 25 21 13 
6 5 3 12 25 10 9 2 21 14 23 15 0 24 4 18 13 7 11 8 16 17 22 1 19 20 
18 21 13 24 22 17 1 15 12 8 16 2 7 19 11 3 4 20 23 0 10 5 14 9 25 6 
4 11 17 0 25 16 8 2 14 12 19 21 13 23 1 6 20 10 7 22 18 15 24 9 3 5 
20 14 9 7 22 25 23 1 11 18 3 5 12 10 0 19 2 16 4 8 17 15 6 13 24 21 
20 15 21 19 3 25 22 13 24 5 6 8 18 17 9 0 23 16 7 10 4 11 12 1 14 2 
1 14 19 12 17 7 13 4 18 8 25 6 5 0 3 23 9 20 24 22 21 2 11 15 10 16 
15 2 12 24 22 10 9 21 0 5 20 14 6 25 19 11 4 1 8 7 17 16 3 18 23 13 
8 13 10 16 24 23 17 5 0 3 11 20 2 12 9 15 25 6 7 18 19 1 21 14 22 4 
1 9 18 3 22 7 6 4 14 2 19 5 16 13 11 15 25 0 17 21 10 24 20 12 23 8 
23 4 12 17 11 21 6 3 20 16 8 9 5 22 15 18 24 13 1 10 2 14 7 25 19 0 
2 7 10 8 15 6 3 20 17 4 13 23 22 0 21 18 25 1 16 19 12 9 5 14 11 24 
24 23 18 13 5 19 25 16 14 1 9 21 6 2 8 0 15 12 10 22 20 4 7 11 3 17 
21 11 5 8 23 12 4 7 22 2 1 25 24 9 20 17 19 10 15 3 13 16 6 0 18 14 
24 13 20 4 12 3 21 14 1 0 10 6 2 8 18 25 5 11 16 17 7 19 22 9 15 23 
15 23 0 22 16 14 5 3 7 20 17 4 8 11 19 24 9 2 1 21 6 10 12 25 13 18 
2 17 3 25 6 24 7 10 0 5 18 16 12 1 22 23 8 13 21 4 15 11 9 20 19 14 
9 21 3 14 11 4 6 13 19 18 0 20 12 22 16 1 15 7 23 24 25 10 17 2 5 8 
15 9 10 17 19 8 14 24 22 7 12 25 6 18 20 11 21 2 23 16 5 0 13 3 1 4 
2 1 19 0 8 18 20 12 9 15 13 17 23 5 14 24 16 11 25 4 22 10 7 21 3 6 
5 25 3 2 6 21 22 11 15 20 1 16 12 18 24 7 14 9 8 13 10 4 23 17 0 19 
0 16 19 7 13 18 4 2 6 14 23 24 17 15 22 10 12 20 3 11 25 8 5 21 9 1 
0 25 17 21 23 10 1 13 22 8 6 24 20 19 4 14 9 7 15 2 16 5 18 3 11 12 
23 6 14 12 10 18 3 15 7 21 19 8 1 11 5 25 17 4 9 20 0 2 22 16 13 24 
8 11 19 16 20 22 4 5 10 24 18 6 2 1 9 14 3 0 7 21 25 12 23 13 17 15 
10 9 11 1 15 25 23 19 21 7 22 12 14 0 3 5 16 18 24 17 2 20 4 13 6 8 
3 17 22 10 13 4 7 2 5 14 25 20 0 15 9 21 24 19 1 11 23 18 16 8 12 6 
7 4 23 8 18 14 11 2 25 17 9 5 12 0 24 6 1 16 3 15 21 20 19 13 10 22 
1 21 9 20 12 16 2 13 19 24 25 23 11 8 17 6 7 3 10 22 0 4 5 14 18 15 
5 24 0 20 22 17 18 8 25 11 7 19 15 6 13 14 1 10 23 9 3 12 4 21 2 16 
2 21 14 16 6 4 25 18 15 3 22 8 10 23 5 13 19 1 11 7 12 24 20 0 17 9 
6 5 19 14 11 23 3 2 4 9 24 22 8 13 16 20 21 7 17 12 18 0 10 15 1 25 
19 12 15 6 1 3 10 11 18 13 9 0 17 16 21 8 22 2 4 7 25 14 23 20 24 5 
16 4 20 1 11 18 21 24 15 7 13 5 22 9 12 25 10 0 3 23 6 19 17 8 2 14 
7 17 0 25 13 3 15 12 10 24 1 2 16 4 9 21 8 11 6 5 20 23 14 19 22 18 
6 12 18 21 14 22 17 23 13 24 11 4 8 3 0 2 5 10 20 16 15 9 19 25 1 7 
25 0 9 8 7 21 10 4 13 19 20 2 18 17 22 14 5 11 12 3 23 1 24 16 6 15 
23 24 25 14 15 17 18 16 0 19 11 12 1 5 6 9 4 2 10 22 21 8 13 7 3 20 
16 8 1 22 3 17 23 6 25 13 12 2 14 18 20 9 11 10 19 24 21 15 5 7 0 4 
20 25 2 3 19 5 4 21 23 9 10 15 12 8 24 11 14 0 1 17 18 22 16 6 7 13 
25 16 17 1 15 23 20 0 7 3 11 8 13 22 2 10 4 19 18 9 6 21 5 14 24 12 
11 13 23 1 7 18 10 6 16 12 5 15 17 19 24 20 4 9 8 21 3 0 25 2 22 14 
3 24 2 10 25 4 22 17 1 16 21 18 6 19 0 11 12 14 7 9 20 13 15 5 23 8 
8 9 23 5 6 7 14 20 15 3 16 10 1 24 0 2 18 17 13 22 25 11 4 19 12 21 
18 12 9 2 20 4 11 22 8 15 7 25 14 13 21 6 16 0 5 19 3 24 1 17 23 10 
15 4 17 6 22 23 1 8 19 0 24 20 21 3 18 12 14 16 5 13 25 7 2 9 10 11 
3 16 12 6 5 0 13 7 18 23 14 19 25 22 15 4 1 21 8 17 10 2 24 9 20 11 
20 24 15 1 21 17 10 7 23 9 5 13 14 22 2 18 3 8 19 0 4 11 25 16 12 6 
14 0 9 10 16 4 7 11 21 17 18 20 3 19 2 23 22 5 15 8 6 25 13 1 12 24 
11 25 21 18 0 24 19 13 3 9 10 2 1 4 20 5 12 7 16 14 22 15 17 6 23 8 
14 8 15 25 24 10 11 5 2 13 16 3 9 18 12 4 7 20 1 6 0 22 17 23 21 19 
10 12 17 5 14 6 21 1 20 11 19 15 25 13 4 2 22 24 3 8 7 0 16 23 18 9 
19 7 13 22 14 23 20 25 0 12 15 18 9 11 6 8 10 1 2 4 16 3 21 24 17 5 
12 21 18 11 2 16 22 23 1 9 25 19 15 10 14 7 3 5 0 24 4 20 17 6 8 13 
