101 4 24
23 21 22 14 19 5 16 15 20 4 12 10 11 0 17 9 8 6 2 18 7 3 13 1 
1 13 3 7 18 2 6 8 9 0 11 10 12 4 20 15 16 19 14 22 21 23 5 17 
17 16 4 11 5 14 9 18 21 23 8 0 13 15 1 3 7 2 6 19 22 10 12 20 
12 6 20 2 7 3 1 17 19 15 10 13 5 23 22 21 0 8 18 14 16 11 4 9 
0 9 8 18 5 14 22 7 13 17 20 12 10 19 2 1 4 6 23 3 11 21 16 15 
11 4 10 16 19 22 3 6 23 21 1 2 13 17 20 12 7 9 14 18 5 15 8 0 
15 20 14 8 0 21 23 6 3 18 2 9 4 17 16 1 5 11 12 10 22 19 13 7 
10 15 5 2 19 7 12 16 18 8 9 17 21 22 11 1 3 23 4 14 20 13 6 0 
17 6 12 13 14 22 15 1 9 4 0 21 11 19 7 20 16 3 8 10 5 18 23 2 
22 13 16 2 23 18 10 3 0 20 11 5 1 6 14 8 15 7 17 21 19 9 4 12 
8 7 5 3 19 11 0 23 20 15 16 12 13 6 4 9 1 18 21 17 22 14 2 10 
21 10 4 1 18 9 7 15 14 12 6 13 11 17 2 0 23 22 8 5 16 20 3 19 
20 9 23 19 3 13 10 8 14 1 4 2 12 16 7 0 22 17 21 15 11 18 5 6 
20 6 19 11 17 18 0 3 21 16 7 22 12 5 10 4 2 8 15 14 1 13 23 9 
2 4 13 21 12 5 15 3 22 9 18 19 6 1 16 8 20 17 0 23 10 7 11 14 
17 7 1 8 23 16 0 19 2 14 10 9 6 15 20 5 11 21 22 13 18 12 4 3 
0 2 14 3 12 5 21 23 11 17 7 1 4 10 18 20 13 22 19 9 8 15 16 6 
18 19 1 22 11 8 9 13 21 6 15 5 12 14 23 10 3 20 7 16 0 2 4 17 
9 16 4 17 3 20 22 15 5 7 2 6 10 0 18 23 13 12 21 14 19 11 1 8 
14 6 18 15 16 13 4 8 10 23 22 7 1 19 5 11 2 21 17 3 0 12 9 20 
11 8 1 22 12 21 2 20 4 0 17 3 14 6 5 16 9 7 13 23 19 18 15 10 
12 10 23 9 5 0 13 17 18 4 11 6 19 16 15 14 3 2 8 21 20 22 7 1 
15 11 19 18 2 23 7 6 4 13 14 20 0 5 1 9 10 3 22 17 16 8 12 21 
7 15 21 22 3 8 10 17 13 9 16 14 12 6 20 2 11 19 4 23 18 0 1 5 
0 1 5 16 10 21 6 7 4 20 23 14 12 8 19 3 22 18 17 9 13 11 2 15 
20 5 21 16 13 11 9 2 22 14 1 10 0 12 3 15 8 18 19 17 23 4 7 6 
22 4 23 17 9 12 2 20 8 1 18 15 11 7 21 10 16 19 6 0 13 3 5 14 
18 12 3 22 14 21 0 8 4 2 19 13 7 23 16 6 11 10 15 9 17 5 1 20 
14 13 16 19 18 17 5 20 3 6 9 23 7 21 8 4 10 12 1 15 2 11 22 0 
0 15 1 17 22 3 11 13 23 10 19 4 21 5 6 2 8 14 18 20 12 16 9 7 
7 9 23 21 11 6 5 18 20 17 1 14 2 15 4 19 8 12 13 16 22 3 0 10 
5 19 4 10 13 0 8 20 2 6 22 7 9 16 15 17 3 1 14 18 11 21 23 12 
10 11 3 18 16 15 12 1 9 19 0 7 20 8 14 23 17 13 5 22 2 6 4 21 
6 8 12 10 16 21 17 0 1 11 22 23 15 7 2 18 5 9 3 13 20 4 19 14 
21 19 14 23 7 9 2 22 0 16 1 13 3 20 4 11 12 6 8 5 15 17 18 10 
8 1 20 4 13 19 15 12 18 3 2 5 23 14 10 21 11 17 9 0 6 7 16 22 
6 17 9 2 14 10 8 3 22 19 5 12 0 15 4 11 16 20 13 21 1 18 7 23 
13 7 14 5 2 17 11 15 20 16 12 21 18 0 10 22 6 23 8 1 4 9 19 3 
1 23 3 15 0 22 18 12 16 7 17 6 19 21 8 4 20 9 5 13 11 10 2 14 
4 6 12 3 14 7 2 20 11 8 22 9 23 10 5 19 18 1 0 21 15 13 16 17 
8 18 11 17 10 23 12 20 14 4 21 5 7 22 15 3 1 6 0 19 9 16 2 13 
16 0 2 15 9 6 19 21 11 12 10 14 13 1 5 4 17 7 8 23 3 18 22 20 
20 9 22 11 7 4 19 1 21 0 14 16 18 10 15 2 5 3 23 8 12 13 6 17 
3 18 10 23 8 6 11 13 21 0 9 19 22 20 17 15 1 2 16 4 7 12 14 5 
7 5 22 14 6 17 13 0 18 3 4 1 12 23 15 2 20 10 16 9 8 21 11 19 
12 4 16 13 23 5 1 9 6 22 8 14 11 20 2 3 19 7 17 10 15 18 0 21 
17 21 2 13 7 19 8 11 3 1 5 15 4 16 0 9 20 10 23 18 14 6 22 12 
9 10 7 18 19 21 20 3 4 0 6 5 17 11 13 12 15 8 22 23 14 16 2 1 
15 1 16 5 2 23 21 17 12 13 14 19 6 18 22 7 10 20 3 9 4 8 0 11 
2 18 16 15 0 14 4 20 8 3 7 21 13 9 17 19 1 22 12 10 11 6 23 5 
2 1 11 10 17 22 8 13 6 9 16 18 5 0 19 23 7 12 14 4 21 3 20 15 
9 3 6 21 20 23 12 16 18 15 14 22 5 1 7 11 13 8 0 10 4 17 2 19 
6 5 3 0 19 10 14 15 9 23 13 11 7 12 22 21 2 4 18 1 8 17 16 20 
4 22 15 20 13 21 23 17 0 10 16 7 18 8 12 19 11 2 1 14 9 3 5 6 
12 0 19 3 17 5 9 1 11 15 20 14 18 2 22 16 23 21 6 8 10 13 4 7 
4 14 19 1 8 7 17 21 10 18 6 16 12 20 23 13 2 0 15 3 9 5 22 11 
23 8 10 5 3 2 7 15 4 6 22 21 11 14 16 19 9 12 17 13 1 0 18 20 
13 20 5 8 18 1 12 11 19 16 6 0 10 17 7 21 14 9 15 4 2 23 22 3 
0 16 12 23 20 18 2 22 14 9 10 17 1 13 21 3 7 15 8 6 4 5 19 11 
7 11 9 13 23 4 15 3 2 5 17 16 10 1 20 0 21 19 8 22 6 12 18 14 
10 14 22 6 21 1 3 18 5 20 9 16 19 2 17 11 4 0 8 23 15 13 7 12 
15 22 4 18 20 17 19 14 7 23 11 2 5 12 13 8 9 6 3 0 10 16 1 21 
12 15 6 23 0 8 7 1 16 11 3 14 2 13 17 20 4 18 22 19 5 9 21 10 
19 9 16 11 13 17 22 8 0 4 12 5 21 3 18 2 15 10 7 14 20 6 23 1 
21 8 14 20 6 15 10 2 5 0 4 1 9 18 13 11 22 3 23 12 7 16 17 19 
13 11 1 20 21 7 23 10 17 4 9 6 3 18 8 22 2 14 19 5 16 12 15 0 
18 9 6 7 0 1 13 14 12 5 8 16 22 15 23 21 19 20 4 17 2 11 10 3 
8 15 16 3 5 4 11 17 7 23 18 9 14 10 19 0 22 1 6 12 13 21 2 20 
16 1 19 18 17 4 10 14 3 13 11 20 15 0 12 6 2 7 21 22 9 5 23 8 
2 22 19 20 1 12 6 18 23 5 15 11 17 16 3 9 14 4 10 21 7 13 0 8 
1 16 7 12 10 14 11 19 5 8 3 4 21 2 15 6 22 23 0 13 9 18 17 20 
19 5 23 22 8 2 17 13 21 11 12 0 6 9 4 10 20 18 3 14 16 1 7 15 
11 15 2 14 3 21 12 13 10 9 7 16 4 23 8 20 18 5 0 6 19 17 1 22 
18 17 16 2 6 23 1 20 0 19 4 22 3 8 21 7 14 11 15 5 10 13 9 12 
21 14 0 8 3 22 10 11 16 20 7 13 1 9 17 5 2 12 23 18 4 6 15 19 
6 19 22 10 23 12 4 8 13 16 9 2 5 15 7 18 0 20 21 1 3 11 14 17 
23 17 12 21 11 1 5 8 20 10 15 9 13 3 14 19 22 7 0 18 2 6 16 4 
3 11 4 0 14 6 17 19 12 22 18 20 13 15 8 21 9 1 23 7 10 5 2 16 
2 20 0 13 4 7 16 19 10 9 22 14 23 6 15 18 12 17 11 8 21 5 3 1 
21 5 1 16 2 18 7 9 6 3 12 13 10 17 23 22 19 15 14 8 11 20 4 0 
8 22 9 6 1 0 4 10 15 17 5 7 2 11 20 14 21 12 19 23 18 16 3 13 
3 18 13 20 11 4 9 8 16 23 5 21 12 14 19 15 2 1 0 22 10 6 7 17 
10 7 21 13 22 15 6 8 3 0 2 23 19 17 5 20 14 1 16 18 12 4 11 9 
5 14 11 4 7 16 17 8 6 15 20 22 1 18 0 13 2 10 12 3 19 21 23 9 
14 0 16 8 21 9 18 2 23 15 5 12 11 6 20 17 19 3 7 10 1 22 4 13 
3 17 10 12 2 13 6 18 7 4 16 5 9 1 14 21 22 23 20 0 11 8 19 15 
22 13 19 20 12 16 4 7 0 14 1 9 21 8 23 10 11 6 5 18 3 2 17 15 
23 15 9 1 5 2 10 20 18 7 22 8 17 0 4 3 14 11 19 16 6 12 21 13 
14 9 4 19 7 20 2 15 6 5 0 12 17 16 23 3 21 1 18 8 11 13 10 22 
21 22 6 18 11 1 23 9 13 2 19 4 3 10 16 8 17 14 7 0 15 20 12 5 
23 18 5 13 3 16 7 8 12 0 6 15 11 17 9 10 22 2 21 14 4 19 20 1 
10 21 17 18 23 0 12 8 14 3 9 22 1 7 15 5 20 19 13 16 4 2 6 11 
14 2 20 4 10 6 21 8 19 16 11 5 12 7 1 13 22 23 18 15 17 9 3 0 
15 11 7 1 9 4 0 14 13 12 22 23 3 10 8 20 21 2 19 17 16 5 6 18 
3 17 4 20 10 22 5 15 8 0 18 1 16 2 19 21 23 12 11 9 14 13 7 6 
16 17 7 23 11 20 15 21 0 10 12 13 5 14 19 6 3 8 9 2 1 22 4 18 
2 23 22 5 19 1 9 15 8 3 21 17 7 20 12 10 13 4 11 6 14 18 0 16 
3 15 16 1 5 13 6 21 18 4 12 14 17 9 19 11 0 20 10 22 8 23 7 2 
8 13 14 1 11 19 22 9 17 15 18 10 5 21 23 20 0 6 7 2 16 3 4 12 
11 2 12 3 0 7 6 16 5 19 18 20 22 9 17 10 8 13 23 1 4 21 14 15 
15 0 6 23 21 10 18 13 11 9 12 3 20 22 5 8 16 19 2 17 14 1 4 7 
