92 4 20
3 19 6 16 12 11 17 10 18 14 13 9 15 4 5 7 2 0 1 8 
8 1 0 2 7 5 4 15 9 13 14 18 10 17 11 12 16 6 19 3 
11 10 16 7 13 1 9 19 5 3 8 15 12 0 14 2 4 6 18 17 
17 18 6 4 2 14 0 12 15 8 3 5 19 9 1 13 7 16 10 11 
15 14 2 1 13 16 11 6 3 8 10 19 17 7 18 0 4 12 9 5 
5 9 12 4 0 18 7 17 19 10 8 3 6 11 16 13 1 2 14 15 
15 19 4 7 18 16 1 8 11 14 5 17 6 12 2 10 13 9 0 3 
3 0 9 13 10 2 12 6 17 5 14 11 8 1 16 18 7 4 19 15 
12 14 7 10 4 5 1 2 3 18 15 0 16 11 17 9 13 19 6 8 
8 6 19 13 9 17 11 16 0 15 18 3 2 1 5 4 10 7 14 12 
5 13 7 16 4 10 6 14 15 8 0 3 12 1 19 9 17 18 2 11 
11 2 18 17 9 19 1 12 3 0 8 15 14 6 10 4 16 7 13 5 
8 10 14 18 7 12 9 11 15 6 3 1 13 4 0 2 19 5 16 17 
17 16 5 19 2 0 4 13 1 3 6 15 11 9 12 7 18 14 10 8 
3 1 14 17 4 7 12 19 13 16 2 8 9 5 11 0 10 18 6 15 
15 6 18 10 0 11 5 9 8 2 16 13 19 12 7 4 17 14 1 3 
13 0 11 14 4 19 3 7 15 17 8 10 6 1 5 2 18 9 16 12 
12 16 9 18 2 5 1 6 10 8 17 15 7 3 19 4 14 11 0 13 
5 2 8 10 11 6 4 17 3 13 12 15 16 0 14 7 18 9 19 1 
1 19 9 18 7 14 0 16 15 12 13 3 17 4 6 11 10 8 2 5 
15 4 9 11 10 12 13 3 1 5 17 18 8 19 2 6 14 0 7 16 
16 7 0 14 6 2 19 8 18 17 5 1 3 13 12 10 11 9 4 15 
12 3 11 2 4 6 9 7 14 16 5 15 19 18 8 13 10 1 17 0 
0 17 1 10 13 8 18 19 15 5 16 14 7 9 6 4 2 11 3 12 
13 6 1 12 15 2 7 5 19 11 0 17 10 3 16 4 8 9 18 14 
14 18 9 8 4 16 3 10 17 0 11 19 5 7 2 15 12 1 6 13 
17 5 7 18 11 15 14 13 1 3 9 10 6 16 12 0 2 4 19 8 
8 19 4 2 0 12 16 6 10 9 3 1 13 14 15 11 18 7 5 17 
3 6 13 4 18 5 1 11 0 19 14 16 8 9 12 2 10 17 7 15 
15 7 17 10 2 12 9 8 16 14 19 0 11 1 5 18 4 13 6 3 
12 19 13 2 14 11 5 9 15 8 17 3 16 7 6 4 1 0 10 18 
18 10 0 1 4 6 7 16 3 17 8 15 9 5 11 14 2 13 19 12 
3 9 19 7 1 2 10 4 17 15 6 0 18 13 8 12 11 16 5 14 
14 5 16 11 12 8 13 18 0 6 15 17 4 10 2 1 7 19 9 3 
17 11 0 8 9 15 13 7 4 16 12 5 2 3 19 18 10 14 1 6 
6 1 14 10 18 19 3 2 5 12 16 4 7 13 15 9 8 0 11 17 
15 16 4 13 9 14 2 3 0 18 6 17 12 7 1 5 8 11 19 10 
10 19 11 8 5 1 7 12 17 6 18 0 3 2 14 9 13 4 16 15 
9 6 4 15 19 5 17 14 10 1 13 11 2 7 12 8 18 16 3 0 
0 3 16 18 8 12 7 2 11 13 1 10 14 17 5 19 15 4 6 9 
1 11 2 16 4 18 19 10 15 0 9 17 14 5 3 8 12 7 13 6 
6 13 7 12 8 3 5 14 17 9 0 15 10 19 18 4 16 2 11 1 
10 4 2 8 18 14 13 9 1 5 3 7 6 17 19 16 0 12 11 15 
15 11 12 0 16 19 17 6 7 3 5 1 9 13 14 18 8 2 4 10 
2 7 9 13 3 11 18 19 0 5 6 4 12 1 15 8 17 16 10 14 
14 10 16 17 8 15 1 12 4 6 5 0 19 18 11 3 13 9 7 2 
5 3 1 8 18 13 16 15 2 12 9 14 19 10 6 11 4 0 7 17 
17 7 0 4 11 6 10 19 14 9 12 2 15 16 13 18 8 1 3 5 
19 13 3 12 10 18 8 4 15 17 7 0 1 14 11 16 9 2 6 5 
5 6 2 9 16 11 14 1 0 7 17 15 4 8 18 10 12 3 13 19 
4 12 13 19 1 9 6 10 16 0 8 5 7 11 18 15 2 14 3 17 
17 3 14 2 15 18 11 7 5 8 0 16 10 6 9 1 19 13 12 4 
0 18 5 10 14 19 13 17 15 7 12 2 6 9 3 11 4 16 1 8 
8 1 16 4 11 3 9 6 2 12 7 15 17 13 19 14 10 5 18 0 
7 13 15 8 18 2 3 6 4 16 14 17 19 11 10 12 1 0 5 9 
9 5 0 1 12 10 11 19 17 14 16 4 6 3 2 18 8 15 13 7 
2 19 10 0 7 16 12 15 5 18 13 3 8 9 11 6 14 1 17 4 
4 17 1 14 6 11 9 8 3 13 18 5 15 12 16 7 0 10 19 2 
3 5 17 13 4 10 11 9 15 14 19 18 0 2 16 8 1 6 7 12 
12 7 6 1 8 16 2 0 18 19 14 15 9 11 10 4 13 17 5 3 
15 8 14 7 5 19 3 6 12 10 9 16 2 17 13 1 4 11 18 0 
0 18 11 4 1 13 17 2 16 9 10 12 6 3 19 5 7 14 8 15 
19 3 14 0 5 6 7 4 11 13 2 10 1 8 15 16 12 17 18 9 
9 18 17 12 16 15 8 1 10 2 13 11 4 7 6 5 0 14 3 19 
15 18 13 14 0 19 9 1 7 2 11 6 17 5 8 12 4 3 10 16 
16 10 3 4 12 8 5 17 6 11 2 7 1 9 19 0 14 13 18 15 
16 7 11 5 0 9 3 15 8 4 10 18 13 6 19 17 1 12 14 2 
2 14 12 1 17 19 6 13 18 10 4 8 15 3 9 0 5 11 7 16 
12 4 8 0 17 9 14 13 7 2 15 19 6 5 16 18 1 3 11 10 
10 11 3 1 18 16 5 6 19 15 2 7 13 14 9 17 0 8 4 12 
16 19 13 17 18 7 9 1 4 5 10 3 12 2 0 15 14 11 8 6 
6 8 11 14 15 0 2 12 3 10 5 4 1 9 7 18 17 13 19 16 
4 15 1 2 10 7 6 17 3 11 16 12 18 0 14 13 8 5 9 19 
19 9 5 8 13 14 0 18 12 16 11 3 17 6 7 10 2 1 15 4 
2 7 17 1 18 11 8 12 3 5 10 13 4 14 6 19 16 0 9 15 
15 9 0 16 19 6 14 4 13 10 5 3 12 8 11 18 1 17 7 2 
16 19 0 2 9 8 18 4 15 10 6 7 11 12 17 13 1 14 3 5 
5 3 14 1 13 17 12 11 7 6 10 15 4 18 8 9 2 0 19 16 
10 1 0 15 16 5 6 9 2 18 3 13 4 12 14 17 19 8 7 11 
11 7 8 19 17 14 12 4 13 3 18 2 9 6 5 16 15 0 1 10 
5 3 18 15 7 10 19 14 1 8 0 17 16 11 4 13 2 9 12 6 
6 12 9 2 13 4 11 16 17 0 8 1 14 19 10 7 15 18 3 5 
4 19 14 8 16 10 2 15 1 18 12 7 13 5 17 11 3 9 6 0 
0 6 9 3 11 17 5 13 7 12 18 1 15 2 10 16 8 14 19 4 
10 8 4 18 12 5 0 11 1 15 16 17 3 2 7 13 6 19 9 14 
14 9 19 6 13 7 2 3 17 16 15 1 11 0 5 12 18 4 8 10 
15 12 2 17 9 10 19 14 18 1 7 13 0 4 3 16 8 6 5 11 
11 5 6 8 16 3 4 0 13 7 1 18 14 19 10 9 17 2 12 15 
19 11 14 9 15 10 7 16 0 18 12 5 8 2 1 4 3 6 13 17 
17 13 6 3 4 1 2 8 5 12 18 0 16 7 10 15 9 14 11 19 
8 17 10 19 14 7 15 16 13 0 18 6 9 3 12 5 4 11 1 2 
2 1 11 4 5 12 3 9 6 18 0 13 16 15 7 14 19 10 17 8 
