74 4 14
1 13 10 11 0 6 9 12 7 5 4 8 2 3 
3 2 8 4 5 7 12 9 6 0 11 10 13 1 
6 5 0 8 10 2 3 1 13 12 4 11 7 9 
9 7 11 4 12 13 1 3 2 10 8 0 5 6 
12 7 10 5 2 13 6 9 3 1 11 0 8 4 
4 8 0 11 1 3 9 6 13 2 5 10 7 12 
2 10 12 0 1 3 7 9 4 8 13 11 6 5 
5 6 11 13 8 4 9 7 3 1 0 12 10 2 
9 8 3 10 6 7 1 5 4 11 2 12 13 0 
0 13 12 2 11 4 5 1 7 6 10 3 8 9 
6 3 9 12 4 10 13 11 5 0 2 8 7 1 
1 7 8 2 0 5 11 13 10 4 12 9 3 6 
1 4 2 6 12 13 9 3 7 5 8 10 0 11 
11 0 10 8 5 7 3 9 13 12 6 2 4 1 
8 9 13 5 1 12 2 0 6 11 3 7 4 10 
10 4 7 3 11 6 0 2 12 1 5 13 9 8 
12 11 8 6 7 10 1 4 9 0 3 2 13 5 
5 13 2 3 0 9 4 1 10 7 6 8 11 12 
10 9 11 2 6 5 4 1 8 0 12 7 3 13 
13 3 7 12 0 8 1 4 5 6 2 11 9 10 
0 12 3 13 5 10 4 9 8 11 1 7 2 6 
6 2 7 1 11 8 9 4 10 5 13 3 12 0 
1 9 3 0 2 6 10 11 13 8 12 4 7 5 
5 7 4 12 8 13 11 10 6 2 0 3 9 1 
4 7 9 10 0 12 6 8 5 1 11 13 3 2 
2 3 13 11 1 5 8 6 12 0 10 9 7 4 
5 11 12 3 2 9 1 7 6 13 4 0 8 10 
10 8 0 4 13 6 7 1 9 2 3 12 11 5 
13 9 4 8 2 12 6 1 0 10 5 7 3 11 
11 3 7 5 10 0 1 6 12 2 8 4 9 13 
6 0 7 4 5 9 11 2 13 12 8 3 10 1 
1 10 3 8 12 13 2 11 9 5 4 7 0 6 
4 5 2 10 11 9 3 0 12 8 1 13 6 7 
7 6 13 1 8 12 0 3 9 11 10 2 5 4 
12 0 6 9 1 5 4 3 11 7 10 8 13 2 
2 13 8 10 7 11 3 4 5 1 9 6 0 12 
9 0 5 8 6 12 7 1 2 13 10 4 11 3 
3 11 4 10 13 2 1 7 12 6 8 5 0 9 
12 8 4 3 1 11 0 2 10 7 6 13 9 5 
5 9 13 6 7 10 2 0 11 1 3 4 8 12 
12 9 5 0 10 13 4 3 6 2 7 8 11 1 
1 11 8 7 2 6 3 4 13 10 0 5 9 12 
7 3 6 9 8 2 0 12 5 13 4 1 10 11 
11 10 1 4 13 5 12 0 2 8 9 6 3 7 
13 0 3 11 2 12 7 9 8 10 5 6 4 1 
1 4 6 5 10 8 9 7 12 2 11 3 0 13 
10 9 1 7 13 6 4 0 12 11 3 8 5 2 
2 5 8 3 11 12 0 4 6 13 7 1 9 10 
6 12 8 11 1 5 10 13 7 3 0 9 4 2 
2 4 9 0 3 7 13 10 5 1 11 8 12 6 
2 9 12 4 11 8 7 13 0 1 5 3 6 10 
10 6 3 5 1 0 13 7 8 11 4 12 9 2 
13 6 5 4 3 8 2 10 12 7 9 11 1 0 
0 1 11 9 7 12 10 2 8 3 4 5 6 13 
12 7 6 11 13 5 9 2 10 8 0 1 4 3 
3 4 1 0 8 10 2 9 5 13 11 6 7 12 
11 3 7 8 9 0 2 4 10 1 13 6 12 5 
5 12 6 13 1 10 4 2 0 9 8 7 3 11 
13 9 2 5 7 1 12 11 4 3 6 0 10 8 
8 10 0 6 3 4 11 12 1 7 5 2 9 13 
0 10 5 12 9 2 7 11 6 3 4 13 8 1 
1 8 13 4 3 6 11 7 2 9 12 5 10 0 
12 13 8 9 6 10 3 2 0 4 1 5 7 11 
11 7 5 1 4 0 2 3 10 6 9 8 13 12 
9 8 11 10 12 3 6 4 0 2 5 13 1 7 
7 1 13 5 2 0 4 6 3 12 10 11 8 9 
4 2 12 7 9 10 8 1 6 3 11 13 0 5 
5 0 13 11 3 6 1 8 10 9 7 12 2 4 
2 8 12 3 9 1 13 7 10 6 0 4 11 5 
5 11 4 0 6 10 7 13 1 9 3 12 8 2 
4 12 9 11 5 13 8 2 1 0 6 3 7 10 
10 7 3 6 0 1 2 8 13 5 11 9 12 4 
7 9 5 1 8 0 4 12 13 10 6 2 11 3 
3 11 2 6 10 13 12 4 0 8 1 5 9 7 
