90 4 19
18 9 7 11 16 17 15 12 8 1 2 13 4 6 14 3 10 5 0 
0 5 10 3 14 6 4 13 2 1 8 12 15 17 16 11 7 9 18 
1 2 16 4 10 11 15 18 3 0 8 5 9 14 6 7 17 13 12 
12 13 17 7 6 14 9 5 8 0 3 18 15 11 10 4 16 2 1 
8 14 11 10 2 7 0 1 9 12 4 13 5 18 17 6 16 15 3 
3 15 16 6 17 18 5 13 4 12 9 1 0 7 2 10 11 14 8 
6 15 7 10 5 9 2 17 14 18 1 16 11 0 3 12 4 13 8 
8 13 4 12 3 0 11 16 1 18 14 17 2 9 5 10 7 15 6 
2 5 15 11 13 12 18 10 6 3 7 8 16 14 4 9 17 0 1 
1 0 17 9 4 14 16 8 7 3 6 10 18 12 13 11 15 5 2 
11 4 9 6 0 12 15 1 3 2 7 5 18 13 16 17 8 10 14 
14 10 8 17 16 13 18 5 7 2 3 1 15 12 0 6 9 4 11 
7 18 4 13 10 14 15 3 12 1 9 8 11 6 17 2 0 16 5 
5 16 0 2 17 6 11 8 9 1 12 3 15 14 10 13 4 18 7 
14 12 4 18 2 6 0 16 17 15 10 7 11 5 13 9 1 8 3 
3 8 1 9 13 5 11 7 10 15 17 16 0 6 2 18 4 12 14 
15 6 4 16 2 14 9 13 7 8 1 0 18 5 10 12 3 11 17 
17 11 3 12 10 5 18 0 1 8 7 13 9 14 2 16 4 6 15 
9 1 18 6 8 3 2 17 14 4 15 11 5 12 16 13 7 0 10 
10 0 7 13 16 12 5 11 15 4 14 17 2 3 8 6 18 1 9 
13 8 15 9 17 2 10 3 4 7 5 6 0 14 16 11 12 1 18 
18 1 12 11 16 14 0 6 5 7 4 3 10 2 17 9 15 8 13 
5 16 10 4 1 7 6 8 18 0 15 14 13 11 12 9 2 17 3 
3 17 2 9 12 11 13 14 15 0 18 8 6 7 1 4 10 16 5 
15 7 0 8 12 4 9 16 17 5 1 11 10 18 3 6 2 13 14 
14 13 2 6 3 18 10 11 1 5 17 16 9 4 12 8 0 7 15 
4 7 1 5 17 12 15 14 3 2 13 11 16 0 10 9 6 8 18 
18 8 6 9 10 0 16 11 13 2 3 14 15 12 17 5 1 7 4 
12 2 17 1 8 6 0 18 13 11 10 4 7 3 15 9 5 16 14 
14 16 5 9 15 3 7 4 10 11 13 18 0 6 8 1 17 2 12 
11 6 4 17 13 0 8 5 14 18 15 1 3 16 7 9 2 10 12 
12 10 2 9 7 16 3 1 15 18 14 5 8 0 13 17 4 6 11 
3 4 16 11 7 9 5 8 12 6 14 2 17 18 10 13 15 1 0 
0 1 15 13 10 18 17 2 14 6 12 8 5 9 7 11 16 4 3 
7 6 3 16 13 17 1 14 11 8 0 4 15 2 12 5 10 18 9 
9 18 10 5 12 2 15 4 0 8 11 14 1 17 13 16 3 6 7 
11 5 14 13 1 4 9 17 6 10 7 12 2 3 0 16 15 18 8 
8 18 15 16 0 3 2 12 7 10 6 17 9 4 1 13 14 5 11 
10 6 12 4 18 5 17 3 14 8 9 11 7 16 1 13 15 0 2 
2 0 15 13 1 16 7 11 9 8 14 3 17 5 18 4 12 6 10 
13 7 11 2 4 18 12 5 9 1 0 14 8 10 15 16 6 17 3 
3 17 6 16 15 10 8 14 0 1 9 5 12 18 4 2 11 7 13 
12 1 15 5 9 6 13 16 3 2 10 11 0 4 7 17 14 18 8 
8 18 14 17 7 4 0 11 10 2 3 16 13 6 9 5 15 1 12 
9 10 12 13 16 8 6 1 7 4 2 17 5 15 18 3 11 14 0 
0 14 11 3 18 15 5 17 2 4 7 1 6 8 16 13 12 10 9 
0 9 4 15 6 11 10 17 18 12 13 16 7 3 14 2 1 5 8 
8 5 1 2 14 3 7 16 13 12 18 17 10 11 6 15 4 9 0 
1 3 10 18 13 0 12 15 14 4 7 16 5 8 2 17 9 11 6 
6 11 9 17 2 8 5 16 7 4 14 15 12 0 13 18 10 3 1 
6 14 1 12 7 11 8 17 9 10 15 3 18 0 5 13 2 16 4 
4 16 2 13 5 0 18 3 15 10 9 17 8 11 7 12 1 14 6 
10 15 1 4 12 0 11 8 2 6 3 16 5 13 9 14 18 17 7 
7 17 18 14 9 13 5 16 3 6 2 8 11 0 12 4 1 15 10 
3 7 8 6 5 15 11 9 1 4 18 14 12 0 16 10 17 13 2 
2 13 17 10 16 0 12 14 18 4 1 9 11 15 5 6 8 7 3 
15 18 7 16 11 1 3 9 2 6 0 5 13 14 10 8 4 17 12 
12 17 4 8 10 14 13 5 0 6 2 9 3 1 11 16 7 18 15 
9 14 1 16 0 2 5 18 4 13 12 7 8 15 3 11 6 17 10 
10 17 6 11 3 15 8 7 12 13 4 18 5 2 0 16 1 14 9 
4 2 9 14 17 1 12 3 10 7 6 8 16 11 5 18 0 15 13 
13 15 0 18 5 11 16 8 6 7 10 3 12 1 17 14 9 2 4 
14 6 0 18 8 9 12 3 13 16 4 10 15 1 7 2 11 17 5 
5 17 11 2 7 1 15 10 4 16 13 3 12 9 8 18 0 6 14 
8 11 16 10 3 4 14 0 17 12 15 9 13 2 1 6 7 18 5 
5 18 7 6 1 2 13 9 15 12 17 0 14 4 3 10 16 11 8 
13 16 15 17 9 14 11 18 0 4 10 3 7 12 6 8 5 2 1 
1 2 5 8 6 12 7 3 10 4 0 18 11 14 9 17 15 16 13 
3 12 13 2 9 8 18 4 1 6 15 17 16 5 10 0 7 14 11 
11 14 7 0 10 5 16 17 15 6 1 4 18 8 9 2 13 12 3 
4 8 9 17 13 11 1 15 14 7 12 5 18 3 16 0 6 10 2 
2 10 6 0 16 3 18 5 12 7 14 15 1 11 13 17 9 8 4 
18 5 13 11 8 16 15 1 10 2 7 4 12 14 6 0 17 9 3 
3 9 17 0 6 14 12 4 7 2 10 1 15 16 8 11 13 5 18 
0 7 14 4 15 1 6 17 2 18 3 5 11 9 10 12 8 13 16 
16 13 8 12 10 9 11 5 3 18 2 17 6 1 15 4 14 7 0 
5 15 17 12 3 11 14 1 8 10 16 9 2 4 6 13 0 7 18 
18 7 0 13 6 4 2 9 16 10 8 1 14 11 3 12 17 15 5 
11 10 1 8 18 7 15 17 14 5 0 6 12 16 2 13 3 4 9 
9 4 3 13 2 16 12 6 0 5 14 17 15 7 18 8 1 10 11 
10 8 4 16 1 11 17 18 5 9 0 13 3 15 14 7 2 6 12 
12 6 2 7 14 15 3 13 0 9 5 18 17 11 1 16 4 8 10 
10 1 9 3 14 11 2 8 7 13 4 15 6 18 16 12 0 5 17 
17 5 0 12 16 18 6 15 4 13 7 8 2 11 14 3 9 1 10 
1 3 15 17 5 14 16 0 13 8 9 6 2 18 7 4 11 12 10 
10 12 11 4 7 18 2 6 9 8 13 0 16 14 5 17 15 3 1 
13 17 8 5 12 11 15 2 0 1 16 9 18 3 10 4 14 7 6 
6 7 14 4 10 3 18 9 16 1 0 2 15 11 12 5 8 17 13 
17 7 9 13 12 5 16 15 18 14 10 11 2 4 1 0 8 6 3 
3 6 8 0 1 4 2 11 10 14 18 15 16 5 12 13 9 7 17 
