78 4 15
7 2 9 10 5 11 6 14 4 13 8 0 12 3 1 
1 3 12 0 8 13 4 14 6 11 5 10 9 2 7 
14 6 8 9 12 10 1 7 0 3 2 11 5 13 4 
4 13 5 11 2 3 0 7 1 10 12 9 8 6 14 
0 11 10 12 2 4 1 6 14 7 8 13 9 5 3 
3 5 9 13 8 7 14 6 1 4 2 12 10 11 0 
8 1 6 11 2 0 9 4 13 10 3 5 14 12 7 
7 12 14 5 3 10 13 4 9 0 2 11 6 1 8 
13 9 2 12 6 3 4 1 7 5 0 14 8 11 10 
10 11 8 14 0 5 7 1 4 3 6 12 2 9 13 
4 6 5 10 2 12 8 7 13 11 14 9 1 3 0 
0 3 1 9 14 11 13 7 8 12 2 10 5 6 4 
11 4 12 9 3 14 1 10 5 6 0 8 13 7 2 
2 7 13 8 0 6 5 10 1 14 3 9 12 4 11 
14 2 11 10 9 3 4 7 12 8 0 5 1 13 6 
6 13 1 5 0 8 12 7 4 3 9 10 11 2 14 
9 0 5 12 7 1 6 13 11 10 14 2 3 8 4 
4 8 3 2 14 10 11 13 6 1 7 12 5 0 9 
10 0 6 14 13 9 8 4 7 2 1 5 11 12 3 
3 12 11 5 1 2 7 4 8 9 13 14 6 0 10 
13 6 14 7 0 4 11 9 3 12 2 10 5 8 1 
1 8 5 10 2 12 3 9 11 4 0 7 14 6 13 
5 14 12 4 0 13 8 1 2 9 10 6 11 3 7 
7 3 11 6 10 9 2 1 8 13 0 4 12 14 5 
10 8 12 9 13 3 5 6 14 11 2 7 0 4 1 
1 4 0 7 2 11 14 6 5 3 13 9 12 8 10 
13 12 10 11 7 4 6 0 1 3 8 5 14 2 9 
9 2 14 5 8 3 1 0 6 4 7 11 10 12 13 
6 4 1 14 12 9 2 13 11 8 7 3 5 10 0 
0 10 5 3 7 8 11 13 2 9 12 14 1 4 6 
9 8 4 11 5 13 0 6 14 10 3 1 2 12 7 
7 12 2 1 3 10 14 6 0 13 5 11 4 8 9 
2 5 13 4 9 10 1 14 0 8 12 7 3 11 6 
6 11 3 7 12 8 0 14 1 10 9 4 13 5 2 
14 1 4 10 3 8 7 9 6 5 0 13 11 12 2 
2 12 11 13 0 5 6 9 7 8 3 10 4 1 14 
8 1 7 12 5 14 11 6 13 4 2 10 9 3 0 
0 3 9 10 2 4 13 6 11 14 5 12 7 1 8 
7 13 10 3 4 1 11 14 2 5 8 6 12 9 0 
0 9 12 6 8 5 2 14 11 1 4 3 10 13 7 
6 3 5 10 0 11 4 8 9 1 2 7 14 12 13 
13 12 14 7 2 1 9 8 4 11 0 10 5 3 6 
11 7 5 1 9 0 2 6 12 10 3 13 14 4 8 
8 4 14 13 3 10 12 6 2 0 9 1 5 7 11 
1 8 10 13 0 6 2 7 14 4 12 3 11 5 9 
9 5 11 3 12 4 14 7 2 6 0 13 10 8 1 
5 10 1 6 7 2 4 0 13 12 9 14 3 8 11 
11 8 3 14 9 12 13 0 4 2 7 6 1 10 5 
7 14 10 12 5 0 8 4 6 2 3 11 1 13 9 
9 13 1 11 3 2 6 4 8 0 5 12 10 14 7 
4 12 10 5 1 11 13 3 7 0 14 9 6 8 2 
2 8 6 9 14 0 7 3 13 11 1 5 10 12 4 
8 7 2 0 13 11 3 5 4 12 10 6 14 9 1 
1 9 14 6 10 12 4 5 3 11 13 0 2 7 8 
9 0 7 4 3 1 6 2 14 8 5 13 10 12 11 
11 12 10 13 5 8 14 2 6 1 3 4 7 0 9 
4 9 10 7 11 1 12 6 8 2 0 3 13 5 14 
14 5 13 3 0 2 8 6 12 1 11 7 10 9 4 
0 2 1 12 3 13 10 7 6 11 9 5 4 8 14 
14 8 4 5 9 11 6 7 10 13 3 12 1 2 0 
2 10 0 5 14 1 9 11 12 3 8 13 7 6 4 
4 6 7 13 8 3 12 11 9 1 14 5 0 10 2 
14 1 7 11 2 13 10 9 0 4 8 6 3 12 5 
5 12 3 6 8 4 0 9 10 13 2 11 7 1 14 
8 1 13 3 14 9 5 4 7 10 12 2 0 11 6 
6 11 0 2 12 10 7 4 5 9 14 3 13 1 8 
12 0 7 4 10 9 8 11 14 3 6 2 13 5 1 
1 5 13 2 6 3 14 11 8 9 10 4 7 0 12 
11 2 14 12 6 1 5 9 13 10 4 3 7 0 8 
8 0 7 3 4 10 13 9 5 1 6 12 14 2 11 
14 6 4 11 8 1 0 10 12 9 13 7 5 3 2 
2 3 5 7 13 9 12 10 0 1 8 11 4 6 14 
12 9 13 3 2 0 11 14 10 8 1 7 4 6 5 
5 6 4 7 1 8 10 14 11 0 2 3 13 9 12 
0 13 10 6 12 2 14 8 1 4 9 7 11 5 3 
3 5 11 7 9 4 1 8 14 2 12 6 10 13 0 
8 9 10 11 14 6 2 4 3 12 7 5 13 0 1 
1 0 13 5 7 12 3 4 2 6 14 11 10 9 8 
