114 4 30
28 29 24 20 26 15 23 10 25 17 16 22 19 18 27 13 8 14 21 12 5 7 11 2 9 1 6 3 4 0 
0 4 3 6 1 9 2 11 7 5 12 21 14 8 13 27 18 19 22 16 17 25 10 23 15 26 20 24 29 28 
10 16 11 20 9 23 24 18 14 5 1 28 13 4 21 0 3 29 27 6 7 8 22 19 2 12 26 25 15 17 
17 15 25 26 12 2 19 22 8 7 6 27 29 3 0 21 4 13 28 1 5 14 18 24 23 9 20 11 16 10 
13 5 3 27 4 8 16 23 2 26 29 28 12 17 25 20 24 10 15 1 0 19 6 11 9 22 18 7 14 21 
21 14 7 18 22 9 11 6 19 0 1 15 10 24 20 25 17 12 28 29 26 2 23 16 8 4 27 3 5 13 
27 25 1 6 14 17 24 8 19 18 20 11 3 7 5 26 9 13 29 15 10 16 23 0 4 2 21 28 12 22 
22 12 28 21 2 4 0 23 16 10 15 29 13 9 26 5 7 3 11 20 18 19 8 24 17 14 6 1 25 27 
29 8 13 1 0 22 14 25 23 11 10 27 15 3 5 24 6 12 28 20 4 21 17 26 2 7 16 18 9 19 
19 9 18 16 7 2 26 17 21 4 20 28 12 6 24 5 3 15 27 10 11 23 25 14 22 0 1 13 8 29 
3 20 18 10 0 8 26 5 19 21 25 28 9 2 29 1 27 4 23 14 16 17 22 11 7 6 24 15 12 13 
13 12 15 24 6 7 11 22 17 16 14 23 4 27 1 29 2 9 28 25 21 19 5 26 8 0 10 18 20 3 
23 21 19 26 8 15 20 5 11 6 4 0 16 17 13 14 22 25 18 9 12 3 7 28 2 29 10 27 1 24 
24 1 27 10 29 2 28 7 3 12 9 18 25 22 14 13 17 16 0 4 6 11 5 20 15 8 26 19 21 23 
4 26 9 19 14 27 23 11 13 20 2 3 22 24 21 10 1 17 12 29 18 8 28 0 15 25 6 16 7 5 
5 7 16 6 25 15 0 28 8 18 29 12 17 1 10 21 24 22 3 2 20 13 11 23 27 14 19 9 26 4 
24 11 2 13 25 9 28 10 8 19 6 21 26 16 4 1 15 3 27 7 20 0 12 29 14 23 18 22 5 17 
17 5 22 18 23 14 29 12 0 20 7 27 3 15 1 4 16 26 21 6 19 8 10 28 9 25 13 2 11 24 
6 12 26 10 2 18 27 24 15 1 21 16 5 8 13 4 25 22 9 23 0 11 28 17 14 19 29 7 3 20 
20 3 7 29 19 14 17 28 11 0 23 9 22 25 4 13 8 5 16 21 1 15 24 27 18 2 10 26 12 6 
4 15 27 0 18 28 6 25 7 23 19 5 20 22 24 12 9 8 13 26 1 10 3 17 21 16 29 14 11 2 
2 11 14 29 16 21 17 3 10 1 26 13 8 9 12 24 22 20 5 19 23 7 25 6 28 18 0 27 15 4 
21 12 1 23 25 29 28 27 5 11 16 18 19 26 3 0 24 7 6 14 4 20 2 10 13 17 8 22 15 9 
9 15 22 8 17 13 10 2 20 4 14 6 7 24 0 3 26 19 18 16 11 5 27 28 29 25 23 1 12 21 
3 0 16 27 14 12 20 19 13 15 29 25 21 2 6 24 26 9 18 28 11 17 10 1 5 7 22 8 4 23 
23 4 8 22 7 5 1 10 17 11 28 18 9 26 24 6 2 21 25 29 15 13 19 20 12 14 27 16 0 3 
5 11 7 2 24 27 8 0 15 14 20 21 4 19 1 12 3 25 16 28 9 22 23 6 29 17 10 18 26 13 
13 26 18 10 17 29 6 23 22 9 28 16 25 3 12 1 19 4 21 20 14 15 0 8 27 24 2 7 11 5 
25 20 16 3 22 24 4 18 0 21 17 23 2 26 7 9 13 14 15 1 5 6 12 10 27 29 8 19 11 28 
28 11 19 8 29 27 10 12 6 5 1 15 14 13 9 7 26 2 23 17 21 0 18 4 24 22 3 16 20 25 
8 19 2 23 9 25 0 24 12 17 29 7 1 26 16 13 5 20 27 14 15 22 11 18 28 3 10 21 4 6 
6 4 21 10 3 28 18 11 22 15 14 27 20 5 13 16 26 1 7 29 17 12 24 0 25 9 23 2 19 8 
14 16 28 2 5 22 6 19 10 4 25 17 13 0 24 12 23 21 27 3 18 8 1 7 20 11 29 26 9 15 
15 9 26 29 11 20 7 1 8 18 3 27 21 23 12 24 0 13 17 25 4 10 19 6 22 5 2 28 16 14 
1 26 0 18 3 4 24 16 22 8 6 29 19 28 13 7 23 15 2 10 27 21 14 20 9 5 11 25 17 12 
12 17 25 11 5 9 20 14 21 27 10 2 15 23 7 13 28 19 29 6 8 22 16 24 4 3 18 0 26 1 
28 16 14 18 1 12 8 24 9 3 15 19 4 5 25 26 2 11 29 20 6 17 22 0 21 27 23 13 10 7 
7 10 13 23 27 21 0 22 17 6 20 29 11 2 26 25 5 4 19 15 3 9 24 8 12 1 18 14 16 28 
29 21 4 24 5 9 6 17 8 16 10 27 0 7 2 23 19 18 12 14 28 15 11 13 25 3 26 22 20 1 
1 20 22 26 3 25 13 11 15 28 14 12 18 19 23 2 7 0 27 10 16 8 17 6 9 5 24 4 21 29 
18 23 15 3 10 7 20 2 6 12 14 8 29 16 25 11 28 21 4 24 19 13 9 27 1 17 26 5 22 0 
0 22 5 26 17 1 27 9 13 19 24 4 21 28 11 25 16 29 8 14 12 6 2 20 7 10 3 15 23 18 
21 19 27 22 16 2 7 8 15 18 28 26 0 25 11 10 23 1 3 29 9 12 20 5 13 4 6 14 24 17 
17 24 14 6 4 13 5 20 12 9 29 3 1 23 10 11 25 0 26 28 18 15 8 7 2 16 22 27 19 21 
28 27 3 11 17 15 24 21 22 9 5 12 0 26 10 14 8 23 16 2 25 18 6 20 4 29 19 7 1 13 
13 1 7 19 29 4 20 6 18 25 2 16 23 8 14 10 26 0 12 5 9 22 21 24 15 17 11 3 27 28 
9 15 23 12 13 19 0 28 14 1 6 21 3 24 17 18 27 2 29 10 20 22 4 5 26 7 25 11 16 8 
8 16 11 25 7 26 5 4 22 20 10 29 2 27 18 17 24 3 21 6 1 14 28 0 19 13 12 23 15 9 
25 18 10 8 4 19 21 3 13 24 11 12 17 0 27 29 9 20 16 15 22 28 5 7 1 2 23 26 6 14 
14 6 26 23 2 1 7 5 28 22 15 16 20 9 29 27 0 17 12 11 24 13 3 21 19 4 8 10 18 25 
20 9 0 16 27 10 26 6 13 14 4 8 11 28 17 7 21 1 5 18 15 23 2 25 3 22 19 12 29 24 
24 29 12 19 22 3 25 2 23 15 18 5 1 21 7 17 28 11 8 4 14 13 6 26 10 27 16 0 9 20 
21 29 2 14 25 24 0 11 18 15 4 6 5 23 27 1 26 22 13 20 28 8 3 9 7 10 19 16 17 12 
12 17 16 19 10 7 9 3 8 28 20 13 22 26 1 27 23 5 6 4 15 18 11 0 24 25 14 2 29 21 
13 18 27 9 29 5 14 22 21 25 3 7 20 12 24 26 8 0 6 11 23 16 19 10 17 4 15 2 1 28 
28 1 2 15 4 17 10 19 16 23 11 6 0 8 26 24 12 20 7 3 25 21 22 14 5 29 9 27 18 13 
16 29 10 19 5 22 24 15 26 1 6 11 20 12 27 18 4 3 28 9 17 2 14 8 13 21 25 23 7 0 
0 7 23 25 21 13 8 14 2 17 9 28 3 4 18 27 12 20 11 6 1 26 15 24 22 5 19 10 29 16 
25 27 1 17 28 4 13 7 12 3 0 10 14 22 9 16 18 29 2 23 24 26 21 19 11 8 5 15 6 20 
20 6 15 5 8 11 19 21 26 24 23 2 29 18 16 9 22 14 10 0 3 12 7 13 4 28 17 1 27 25 
0 15 9 11 2 10 22 5 3 1 23 17 29 19 16 4 18 25 27 7 20 13 14 6 28 24 12 26 8 21 
21 8 26 12 24 28 6 14 13 20 7 27 25 18 4 16 19 29 17 23 1 3 5 22 10 2 11 9 15 0 
3 20 6 27 19 12 4 22 29 7 24 11 23 16 28 15 10 21 1 13 8 25 0 2 14 5 18 9 26 17 
17 26 9 18 5 14 2 0 25 8 13 1 21 10 15 28 16 23 11 24 7 29 22 4 12 19 27 6 20 3 
11 28 22 7 1 19 13 24 5 29 0 21 9 27 17 3 18 15 8 20 6 16 25 26 2 14 4 10 23 12 
12 23 10 4 14 2 26 25 16 6 20 8 15 18 3 17 27 9 21 0 29 5 24 13 19 1 7 22 28 11 
8 25 22 29 18 16 6 17 11 21 2 12 13 0 28 20 24 15 1 9 7 10 19 27 4 26 14 5 3 23 
23 3 5 14 26 4 27 19 10 7 9 1 15 24 20 28 0 13 12 2 21 11 17 6 16 18 29 22 25 8 
27 0 2 20 5 17 1 10 18 12 11 25 3 4 26 6 23 29 9 22 21 16 28 8 15 24 14 19 7 13 
13 7 19 14 24 15 8 28 16 21 22 9 29 23 6 26 4 3 25 11 12 18 10 1 17 5 20 2 0 27 
7 25 23 29 28 9 11 17 6 26 0 14 10 3 19 27 2 16 15 13 1 18 5 8 20 22 24 21 12 4 
4 12 21 24 22 20 8 5 18 1 13 15 16 2 27 19 3 10 14 0 26 6 17 11 9 28 29 23 25 7 
5 19 18 13 11 12 3 1 26 16 14 15 22 25 24 7 28 21 27 23 17 10 20 4 8 29 9 2 0 6 
6 0 2 9 29 8 4 20 10 17 23 27 21 28 7 24 25 22 15 14 16 26 1 3 12 11 13 18 19 5 
3 6 20 23 13 24 18 28 17 19 26 22 11 7 0 29 12 5 2 21 1 14 25 16 4 27 9 10 8 15 
15 8 10 9 27 4 16 25 14 1 21 2 5 12 29 0 7 11 22 26 19 17 28 18 24 13 23 20 6 3 
3 2 11 0 28 24 6 25 16 13 19 10 5 12 8 17 14 7 29 21 20 15 4 22 26 18 9 23 27 1 
1 27 23 9 18 26 22 4 15 20 21 29 7 14 17 8 12 5 10 19 13 16 25 6 24 28 0 11 2 3 
16 17 14 10 27 11 15 3 18 23 24 19 0 6 7 25 22 29 8 13 1 9 26 20 12 2 21 4 28 5 
5 28 4 21 2 12 20 26 9 1 13 8 29 22 25 7 6 0 19 24 23 18 3 15 11 27 10 14 17 16 
26 29 15 12 0 18 13 27 17 2 7 11 16 24 9 4 23 8 3 5 21 10 20 28 14 25 22 6 1 19 
19 1 6 22 25 14 28 20 10 21 5 3 8 23 4 9 24 16 11 7 2 17 27 13 18 0 12 15 29 26 
17 28 29 8 13 2 11 14 22 27 16 18 5 19 20 15 4 9 12 1 7 24 0 6 10 23 25 3 21 26 
26 21 3 25 23 10 6 0 24 7 1 12 9 4 15 20 19 5 18 16 27 22 14 11 2 13 8 29 28 17 
19 9 21 16 27 7 2 13 5 23 6 10 1 3 29 0 28 17 15 4 22 12 8 14 20 25 26 11 24 18 
18 24 11 26 25 20 14 8 12 22 4 15 17 28 0 29 3 1 10 6 23 5 13 2 7 27 16 21 9 19 
2 22 6 14 7 3 12 18 19 29 9 27 8 26 28 11 21 17 1 20 16 25 0 24 23 15 4 13 5 10 
10 5 13 4 15 23 24 0 25 16 20 1 17 21 11 28 26 8 27 9 29 19 18 12 3 7 14 6 22 2 
17 7 15 26 21 27 11 16 4 29 6 28 10 0 12 18 8 20 22 13 9 23 3 19 2 5 25 14 1 24 
24 1 14 25 5 2 19 3 23 9 13 22 20 8 18 12 0 10 28 6 29 4 16 11 27 21 26 15 7 17 
27 9 6 11 4 15 3 26 14 29 8 1 23 28 24 18 19 16 5 12 0 25 21 22 10 2 17 20 13 7 
7 13 20 17 2 10 22 21 25 0 12 5 16 19 18 24 28 23 1 8 29 14 26 3 15 4 11 6 9 27 
28 23 8 0 9 19 10 3 14 13 5 27 25 15 22 7 26 6 2 11 18 4 21 17 1 29 12 16 24 20 
20 24 16 12 29 1 17 21 4 18 11 2 6 26 7 22 15 25 27 5 13 14 3 10 19 9 0 8 23 28 
19 1 11 27 8 20 18 2 26 17 6 23 10 4 28 13 5 14 15 25 21 24 0 9 7 16 3 12 22 29 
29 22 12 3 16 7 9 0 24 21 25 15 14 5 13 28 4 10 23 6 17 26 2 18 20 8 27 11 1 19 
25 15 2 4 13 17 19 28 11 29 21 23 14 12 20 22 26 24 7 27 18 9 3 16 6 8 10 0 5 1 
1 5 0 10 8 6 16 3 9 18 27 7 24 26 22 20 12 14 23 21 29 11 28 19 17 13 4 2 15 25 
15 22 8 23 5 3 11 1 21 6 13 29 17 2 24 7 16 10 26 14 0 12 9 28 25 27 4 20 19 18 
18 19 20 4 27 25 28 9 12 0 14 26 10 16 7 24 2 17 29 13 6 21 1 11 3 5 23 8 22 15 
12 4 24 7 0 27 3 19 8 2 28 5 17 23 6 22 25 13 26 29 9 20 21 16 18 11 1 14 15 10 
10 15 14 1 11 18 16 21 20 9 29 26 13 25 22 6 23 17 5 28 2 8 19 3 27 0 7 24 4 12 
4 2 16 28 25 7 23 1 0 19 27 9 3 13 11 29 8 10 12 18 20 24 22 15 17 6 14 5 21 26 
26 21 5 14 6 17 15 22 24 20 18 12 10 8 29 11 13 3 9 27 19 0 1 23 7 25 28 16 2 4 
15 11 26 13 9 23 17 18 1 25 16 2 27 24 6 8 5 7 21 12 3 28 0 4 14 19 22 29 20 10 
10 20 29 22 19 14 4 0 28 3 12 21 7 5 8 6 24 27 2 16 25 1 18 17 23 9 13 26 11 15 
6 7 5 17 27 3 2 21 24 23 14 10 9 4 0 16 29 18 28 26 25 20 8 13 22 15 19 12 11 1 
1 11 12 19 15 22 13 8 20 25 26 28 18 29 16 0 4 9 10 14 23 24 21 2 3 27 17 5 7 6 
5 8 7 10 23 22 26 27 24 16 2 13 0 20 19 12 11 9 6 17 1 4 3 15 18 25 29 14 28 21 
21 28 14 29 25 18 15 3 4 1 17 6 9 11 12 19 20 0 13 2 16 24 27 26 22 23 10 7 8 5 
8 22 9 17 12 13 20 25 5 27 6 28 7 18 2 4 10 11 14 23 1 21 15 24 0 26 3 16 29 19 
19 29 16 3 26 0 24 15 21 1 23 14 11 10 4 2 18 7 28 6 27 5 25 20 13 12 17 9 22 8 
13 19 15 20 8 14 0 17 27 2 26 22 29 28 5 12 25 21 10 16 23 11 4 7 1 9 24 6 18 3 
3 18 6 24 9 1 7 4 11 23 16 10 21 25 12 5 28 29 22 26 2 27 17 0 14 8 20 15 19 13 
