178 4 80
2 1 5 0 7 9 14 4 13 12 18 22 20 27 29 23 32 48 37 44 38 33 39 36 49 35 41 40 43 46 52 60 56 54 68 64 74 67 79 73 76 78 77 69 70 72 71 75 66 62 58 65 57 61 63 59 50 55 42 45 51 53 47 34 28 31 30 25 21 24 26 19 17 16 8 15 10 11 3 6 
6 3 11 10 15 8 16 17 19 26 24 21 25 30 31 28 34 47 53 51 45 42 55 50 59 63 61 57 65 58 62 66 75 71 72 70 69 77 78 76 73 79 67 74 64 68 54 56 60 52 46 43 40 41 35 49 36 39 33 38 44 37 48 32 23 29 27 20 22 18 12 13 4 14 9 7 0 5 1 2 
38 63 58 61 50 51 53 69 70 71 62 54 60 73 79 68 78 30 31 16 17 10 15 25 21 39 36 35 23 48 33 20 27 13 9 12 1 5 2 14 4 18 29 49 6 3 77 76 22 64 74 67 56 8 19 26 11 34 0 7 32 37 28 47 42 72 44 40 41 55 66 24 75 43 57 45 65 52 59 46 
46 59 52 65 45 57 43 75 24 66 55 41 40 44 72 42 47 28 37 32 7 0 34 11 26 19 8 56 67 74 64 22 76 77 3 6 49 29 18 4 14 2 5 1 12 9 13 27 20 33 48 23 35 36 39 21 25 15 10 17 16 31 30 78 68 79 73 60 54 62 71 70 69 53 51 50 61 58 63 38 
30 73 54 68 40 38 64 74 67 49 32 2 1 14 29 13 20 62 48 4 39 35 55 51 28 75 57 66 25 17 16 10 21 72 7 52 46 59 45 6 19 26 11 24 0 63 50 61 58 71 33 36 3 15 31 53 23 27 43 8 42 65 12 18 9 47 44 37 22 69 70 34 5 76 56 77 41 60 79 78 
78 79 60 41 77 56 76 5 34 70 69 22 37 44 47 9 18 12 65 42 8 43 27 23 53 31 15 3 36 33 71 58 61 50 63 0 24 11 26 19 6 45 59 46 52 7 72 21 10 16 17 25 66 57 75 28 51 55 35 39 4 48 62 20 13 29 14 1 2 32 49 67 74 64 38 40 68 54 73 30 
50 61 58 6 22 55 52 76 19 32 74 64 72 17 31 49 21 43 7 68 71 18 44 9 62 12 29 59 34 11 33 20 60 79 5 1 38 39 24 41 47 30 3 8 70 69 40 51 54 73 0 35 14 2 10 78 15 16 46 45 65 48 42 13 26 27 23 57 4 36 25 75 28 66 67 77 56 37 63 53 
53 63 37 56 77 67 66 28 75 25 36 4 57 23 27 26 13 42 48 65 45 46 16 15 78 10 2 14 35 0 73 54 51 40 69 70 8 3 30 47 41 24 39 38 1 5 79 60 20 33 11 34 59 29 12 62 9 44 18 71 68 7 43 21 49 31 17 72 64 74 32 19 76 52 55 22 6 58 61 50 
7 74 42 47 31 8 72 3 44 60 40 66 45 52 79 25 49 54 16 46 73 62 18 0 36 51 9 27 56 5 63 13 2 50 55 19 6 38 29 30 20 77 22 37 58 61 53 71 68 57 65 67 32 35 76 70 69 75 39 33 64 48 11 1 14 4 78 12 23 10 17 15 21 43 59 41 24 28 26 34 
34 26 28 24 41 59 43 21 15 17 10 23 12 78 4 14 1 11 48 64 33 39 75 69 70 76 35 32 67 65 57 68 71 53 61 58 37 22 77 20 30 29 38 6 19 55 50 2 13 63 5 56 27 9 51 36 0 18 62 73 46 16 54 49 25 79 52 45 66 40 60 44 3 72 8 31 47 42 74 7 
43 19 65 57 25 22 67 73 16 38 18 68 69 70 51 0 12 5 72 52 56 2 48 20 4 50 58 10 15 33 66 44 47 60 79 31 7 24 41 40 32 6 74 49 34 26 17 21 28 53 63 37 78 77 36 30 59 64 35 39 14 29 42 3 8 23 1 9 45 13 61 27 71 62 54 46 11 55 75 76 
76 75 55 11 46 54 62 71 27 61 13 45 9 1 23 8 3 42 29 14 39 35 64 59 30 36 77 78 37 63 53 28 21 17 26 34 49 74 6 32 40 41 24 7 31 79 60 47 44 66 33 15 10 58 50 4 20 48 2 56 52 72 5 12 0 51 70 69 68 18 38 16 73 67 22 25 57 65 19 43 
66 77 79 6 50 1 20 35 2 39 73 33 45 29 48 53 63 15 31 47 72 49 14 13 38 74 42 11 24 34 26 19 76 22 65 43 70 16 25 54 9 23 12 75 55 52 67 28 41 60 8 3 36 32 4 27 61 58 30 57 64 68 5 46 7 0 17 10 71 40 18 51 21 62 59 78 69 37 44 56 
56 44 37 69 78 59 62 21 51 18 40 71 10 17 0 7 46 5 68 64 57 30 58 61 27 4 32 36 3 8 60 41 28 67 52 55 75 12 23 9 54 25 16 70 43 65 22 76 19 26 34 24 11 42 74 38 13 14 49 72 47 31 15 63 53 48 29 45 33 73 39 2 35 20 1 50 6 79 77 66 
77 72 41 24 64 0 51 16 71 49 60 32 10 69 63 53 12 38 4 19 9 36 35 14 50 45 42 3 37 44 20 43 22 55 76 1 73 66 6 17 54 62 8 40 7 28 59 21 65 57 25 79 78 23 39 56 67 68 18 75 11 29 5 46 13 34 33 27 26 48 2 15 61 70 58 30 31 52 74 47 
47 74 52 31 30 58 70 61 15 2 48 26 27 33 34 13 46 5 29 11 75 18 68 67 56 39 23 78 79 25 57 65 21 59 28 7 40 8 62 54 17 6 66 73 1 76 55 22 43 20 44 37 3 42 45 50 14 35 36 9 19 4 38 12 53 63 69 10 32 60 49 71 16 51 0 64 24 41 72 77 
19 40 28 65 3 27 4 23 63 20 39 18 29 17 71 35 62 69 76 34 56 72 2 1 51 16 31 74 47 61 33 43 12 77 46 66 10 30 50 36 13 52 41 37 9 14 48 59 8 75 57 44 6 22 38 73 15 45 26 24 67 49 78 0 58 5 55 32 11 70 53 54 21 7 68 42 64 79 60 25 
25 60 79 64 42 68 7 21 54 53 70 11 32 55 5 58 0 78 49 67 24 26 45 15 73 38 22 6 44 57 75 8 59 48 14 9 37 41 52 13 36 50 30 10 66 46 77 12 43 33 61 47 74 31 16 51 1 2 72 56 34 76 69 62 35 71 17 29 18 39 20 63 23 4 27 3 65 28 40 19 
30 76 17 26 66 3 32 67 63 6 5 46 38 10 71 40 18 73 59 75 31 22 74 65 53 50 23 24 60 9 48 1 56 2 13 64 0 61 19 28 25 79 70 69 44 37 77 35 21 7 72 52 34 47 42 27 4 51 43 54 11 15 58 68 12 39 55 45 49 62 78 36 8 33 29 14 20 57 16 41 
41 16 57 20 14 29 33 8 36 78 62 49 45 55 39 12 68 58 15 11 54 43 51 4 27 42 47 34 52 72 7 21 35 77 37 44 69 70 79 25 28 19 61 0 64 13 2 56 1 48 9 60 24 23 50 53 65 74 22 31 75 59 73 18 40 71 10 38 46 5 6 63 67 32 3 66 26 17 76 30 
51 24 8 37 48 29 35 9 39 11 13 6 20 58 70 67 14 12 3 23 0 57 7 79 61 10 71 72 74 43 65 40 66 19 63 31 68 78 41 30 26 64 76 16 25 42 18 17 32 53 77 49 33 69 46 36 5 38 2 28 1 27 4 60 50 45 15 55 75 22 44 47 62 54 34 73 52 56 59 21 
21 59 56 52 73 34 54 62 47 44 22 75 55 15 45 50 60 4 27 1 28 2 38 5 36 46 69 33 49 77 53 32 17 18 42 25 16 76 64 26 30 41 78 68 31 63 19 66 40 65 43 74 72 71 10 61 79 7 57 0 23 3 12 14 67 70 58 20 6 13 11 39 9 35 29 48 37 8 24 51 
68 42 43 13 33 35 14 9 2 50 36 60 69 71 59 25 16 24 67 75 5 27 17 39 44 19 34 40 66 3 47 52 12 29 63 53 73 21 30 78 79 51 32 57 55 20 48 56 1 23 7 8 58 11 4 76 31 49 70 26 62 46 77 65 41 72 54 45 37 38 0 61 6 18 10 22 15 74 64 28 
28 64 74 15 22 10 18 6 61 0 38 37 45 54 72 41 65 77 46 62 26 70 49 31 76 4 11 58 8 7 23 1 56 48 20 55 57 32 51 79 78 30 21 73 53 63 29 12 52 47 3 66 40 34 19 44 39 17 27 5 75 67 24 16 25 59 71 69 60 36 50 2 9 14 35 33 13 43 42 68 
40 46 19 44 7 61 70 25 17 79 69 63 27 1 48 12 22 45 13 33 14 71 11 55 21 16 15 64 41 73 10 66 28 43 52 56 3 23 38 6 74 54 62 24 36 18 29 51 68 42 60 75 59 77 65 37 0 2 4 20 76 26 32 5 8 9 35 39 47 50 53 78 30 58 31 49 57 34 67 72 
72 67 34 57 49 31 58 30 78 53 50 47 39 35 9 8 5 32 26 76 20 4 2 0 37 65 77 59 75 60 42 68 51 29 18 36 24 62 54 74 6 38 23 3 56 52 43 28 66 10 73 41 64 15 16 21 55 11 71 14 33 13 45 22 12 48 1 27 63 69 79 17 25 70 61 7 44 19 46 40 
73 32 71 18 37 66 21 52 43 63 8 42 4 9 48 1 24 14 33 17 46 27 0 15 78 77 20 31 25 70 74 58 61 47 59 28 19 40 67 54 62 51 35 5 6 22 64 41 72 45 34 44 57 50 49 79 60 30 10 76 26 23 68 38 29 53 56 36 39 13 12 2 65 7 11 75 3 16 69 55 
55 69 16 3 75 11 7 65 2 12 13 39 36 56 53 29 38 68 23 26 76 10 30 60 79 49 50 57 44 34 45 72 41 64 22 6 5 35 51 62 54 67 40 19 28 59 47 61 58 74 70 25 31 20 77 78 15 0 27 46 17 33 14 24 1 48 9 4 42 8 63 43 52 21 66 37 18 71 32 73 
74 19 76 56 0 78 52 25 14 2 35 20 23 36 70 53 41 21 8 38 72 66 15 28 71 18 29 75 22 64 30 24 11 39 69 46 40 44 42 50 9 55 58 31 3 65 43 63 33 32 67 7 37 13 73 34 61 59 60 17 45 62 68 54 1 12 48 47 27 49 16 4 26 51 79 5 10 57 77 6 
6 77 57 10 5 79 51 26 4 16 49 27 47 48 12 1 54 68 62 45 17 60 59 61 34 73 13 37 7 67 32 33 63 43 65 3 31 58 55 9 50 42 44 40 46 69 39 11 24 30 64 22 75 29 18 71 28 15 66 72 38 8 21 41 53 70 36 23 20 35 2 14 25 52 78 0 56 76 19 74 
66 60 64 59 50 65 11 28 30 44 9 31 12 14 23 35 17 33 54 49 72 4 15 70 37 5 18 74 52 57 55 53 73 63 71 75 16 10 68 42 8 56 69 78 47 79 6 26 7 19 61 27 40 32 77 1 2 38 25 45 24 48 3 29 62 39 0 20 36 13 41 34 58 22 76 43 21 51 46 67 
67 46 51 21 43 76 22 58 34 41 13 36 20 0 39 62 29 3 48 24 45 25 38 2 1 77 32 40 27 61 19 7 26 6 79 47 78 69 56 8 42 68 10 16 75 71 63 73 53 55 57 52 74 18 5 37 70 15 4 72 49 54 33 17 35 23 14 12 31 9 44 30 28 11 65 50 59 64 60 66 
72 32 70 40 45 55 61 47 48 24 14 36 5 13 17 35 4 8 51 73 62 77 26 23 2 30 67 22 56 44 11 43 33 63 19 74 31 60 0 37 16 49 29 59 21 38 69 46 57 7 78 34 76 50 58 71 66 52 9 20 15 3 28 10 75 39 25 18 6 79 27 41 1 64 65 12 53 42 54 68 
68 54 42 53 12 65 64 1 41 27 79 6 18 25 39 75 10 28 3 15 20 9 52 66 71 58 50 76 34 78 7 57 46 69 38 21 59 29 49 16 37 0 60 31 74 19 63 33 43 11 44 56 22 67 30 2 23 26 77 62 73 51 8 4 35 17 13 5 36 14 24 48 47 61 55 45 40 70 32 72 
0 74 63 59 78 47 10 29 71 69 33 20 42 39 13 4 28 23 5 48 55 32 21 22 41 54 66 50 16 70 61 25 46 77 56 60 68 6 11 8 3 67 65 57 72 49 2 24 35 14 64 44 79 18 53 31 51 62 36 26 1 12 45 52 43 30 15 37 58 76 19 40 27 73 75 34 9 17 7 38 
38 7 17 9 34 75 73 27 40 19 76 58 37 15 30 43 52 45 12 1 26 36 62 51 31 53 18 79 44 64 14 35 24 2 49 72 57 65 67 3 8 11 6 68 60 56 77 46 25 61 70 16 50 66 54 41 22 21 32 55 48 5 23 28 4 13 39 42 20 33 69 71 29 10 47 78 59 63 74 0 
22 8 62 12 57 63 44 50 10 3 78 49 24 48 2 70 23 75 34 41 74 18 66 52 35 45 13 20 69 58 67 68 42 59 73 76 17 46 27 11 21 64 47 19 38 53 79 0 65 30 40 54 55 15 72 51 5 32 1 37 9 31 29 7 14 33 28 61 36 39 77 26 56 6 71 16 4 60 43 25 
25 43 60 4 16 71 6 56 26 77 39 36 61 28 33 14 7 29 31 9 37 1 32 5 51 72 15 55 54 40 30 65 0 79 53 38 19 47 64 21 11 27 46 17 76 73 59 42 68 67 58 69 20 13 45 35 52 66 18 74 41 34 75 23 70 2 48 24 49 78 3 10 50 44 63 57 12 62 8 22 
67 77 55 21 70 53 54 35 29 33 20 10 26 39 52 37 31 64 73 17 27 2 60 7 8 44 43 22 57 65 23 59 24 51 58 56 25 40 13 76 71 14 28 79 72 0 62 49 63 4 48 16 34 75 50 30 74 12 42 32 1 78 36 6 15 45 46 61 69 68 5 47 41 9 11 3 38 19 18 66 
66 18 19 38 3 11 9 41 47 5 68 69 61 46 45 15 6 36 78 1 32 42 12 74 30 50 75 34 16 48 4 63 49 62 0 72 79 28 14 71 76 13 40 25 56 58 51 24 59 23 65 57 22 43 44 8 7 60 2 27 17 73 64 31 37 52 39 26 10 20 33 29 35 54 53 70 21 55 77 67 
59 36 58 49 46 3 14 31 28 33 69 44 35 65 42 13 38 57 20 6 48 0 17 37 53 64 5 47 25 51 40 34 76 74 11 55 21 78 27 77 43 12 4 10 16 70 67 66 50 7 75 71 18 9 54 45 61 26 22 41 19 8 39 52 73 62 29 23 2 72 68 60 15 79 30 32 24 63 1 56 
56 1 63 24 32 30 79 15 60 68 72 2 23 29 62 73 52 39 8 19 41 22 26 61 45 54 9 18 71 75 7 50 66 67 70 16 10 4 12 43 77 27 78 21 55 11 74 76 34 40 51 25 47 5 64 53 37 17 0 48 6 20 57 38 13 42 65 35 44 69 33 28 31 14 3 46 49 58 36 59 
11 51 27 76 75 5 72 50 57 12 40 69 31 26 17 70 14 28 45 38 29 25 52 77 32 66 0 20 58 68 39 8 9 13 43 21 54 15 48 10 41 63 56 60 3 74 47 46 42 55 64 44 71 78 30 61 1 79 67 35 4 6 73 22 2 59 7 18 23 33 16 34 19 65 49 53 37 36 62 24 
24 62 36 37 53 49 65 19 34 16 33 23 18 7 59 2 22 73 6 4 35 67 79 1 61 30 78 71 44 64 55 42 46 47 74 3 60 56 63 41 10 48 15 54 21 43 13 9 8 39 68 58 20 0 66 32 77 52 25 29 38 45 28 14 70 17 26 31 69 40 12 57 50 72 5 75 76 27 51 11 
77 75 9 22 44 65 0 21 79 74 67 17 40 78 54 28 33 14 11 61 48 2 60 63 3 1 50 58 56 57 12 19 32 42 53 72 16 73 62 35 43 76 26 39 18 66 24 59 10 37 7 41 38 69 52 70 36 4 49 6 46 47 31 25 55 5 68 27 34 45 15 51 29 13 20 23 64 71 8 30 
30 8 71 64 23 20 13 29 51 15 45 34 27 68 5 55 25 31 47 46 6 49 4 36 70 52 69 38 41 7 37 10 59 24 66 18 39 26 76 43 35 62 73 16 72 53 42 32 19 12 57 56 58 50 1 3 63 60 2 48 61 11 14 33 28 54 78 40 17 67 74 79 21 0 65 44 22 9 75 77 
70 50 56 16 42 43 49 64 41 61 79 4 45 38 51 33 23 40 28 13 8 52 53 35 21 58 31 30 68 22 65 75 3 46 1 5 67 29 72 63 12 24 15 74 78 55 9 44 77 17 76 18 20 39 2 26 69 6 59 62 0 48 60 14 10 71 19 34 37 25 11 57 7 66 47 36 54 73 27 32 
32 27 73 54 36 47 66 7 57 11 25 37 34 19 71 10 14 60 48 0 62 59 6 69 26 2 39 20 18 76 17 77 44 9 55 78 74 15 24 12 63 72 29 67 5 1 46 3 75 65 22 68 30 31 58 21 35 53 52 8 13 28 40 23 33 51 38 45 4 79 61 41 64 49 43 42 16 56 50 70 
53 52 72 78 74 31 3 12 1 55 22 40 6 33 67 69 34 15 23 51 37 9 14 62 59 66 38 13 70 79 30 7 77 32 24 36 42 75 27 19 56 41 25 28 63 10 5 11 26 50 54 49 2 35 65 71 29 64 45 46 21 73 57 16 47 4 20 39 44 48 18 43 17 61 60 0 76 58 8 68 
68 8 58 76 0 60 61 17 43 18 48 44 39 20 4 47 16 57 73 21 46 45 64 29 71 65 35 2 49 54 50 26 11 5 10 63 28 25 41 56 19 27 75 42 36 24 32 77 7 30 79 70 13 38 66 59 62 14 9 37 51 23 15 34 69 67 33 6 40 22 55 1 12 3 31 74 78 72 52 53 
58 24 5 15 42 63 7 1 37 10 28 2 39 20 36 67 61 56 11 74 47 38 40 45 43 59 9 21 76 17 49 22 44 70 68 16 53 3 51 8 29 79 32 69 12 35 27 72 71 6 30 31 57 75 73 54 34 0 26 13 48 50 60 14 65 4 33 23 52 66 46 41 19 62 25 78 18 77 64 55 
55 64 77 18 78 25 62 19 41 46 66 52 23 33 4 65 14 60 50 48 13 26 0 34 54 73 75 57 31 30 6 71 72 27 35 12 69 32 79 29 8 51 3 53 16 68 70 44 22 49 17 76 21 9 59 43 45 40 38 47 74 11 56 61 67 36 20 39 2 28 10 37 1 7 63 42 15 5 24 58 
44 75 71 32 54 16 76 50 58 51 67 33 23 30 45 48 74 14 22 65 79 10 69 9 7 37 11 47 25 36 52 64 8 68 63 77 55 40 34 13 26 20 61 73 5 24 59 62 18 0 15 56 41 49 42 53 17 27 43 72 19 21 78 60 12 4 66 46 28 6 1 3 39 57 29 35 2 31 70 38 
38 70 31 2 35 29 57 39 3 1 6 28 46 66 4 12 60 78 21 19 72 43 27 17 53 42 49 41 56 15 0 18 62 59 24 5 73 61 20 26 13 34 40 55 77 63 68 8 64 52 36 25 47 11 37 7 9 69 10 79 65 22 14 74 48 45 30 23 33 67 51 58 50 76 16 54 32 71 75 44 
56 69 73 55 67 0 8 7 49 40 72 42 33 10 12 51 1 70 23 50 11 75 77 18 34 6 36 46 3 60 22 58 47 76 78 48 38 43 28 14 54 68 27 17 71 30 24 66 53 35 5 20 19 16 39 64 32 61 37 52 15 31 29 65 62 57 45 44 63 74 25 2 26 41 79 13 9 59 21 4 
4 21 59 9 13 79 41 26 2 25 74 63 44 45 57 62 65 29 31 15 52 37 61 32 64 39 16 19 20 5 35 53 66 24 30 71 17 27 68 54 14 28 43 38 48 78 76 47 58 22 60 3 46 36 6 34 18 77 75 11 50 23 70 1 51 12 10 33 42 72 40 49 7 8 0 67 55 73 69 56 
68 47 11 28 27 43 3 37 73 31 53 14 30 79 66 13 78 48 52 49 45 29 50 61 39 10 77 0 18 22 16 55 67 59 7 40 60 4 19 70 62 1 8 24 41 44 25 65 69 12 58 32 38 20 75 56 42 64 35 51 26 21 54 2 6 71 72 76 9 15 36 17 33 23 46 57 74 5 34 63 
63 34 5 74 57 46 23 33 17 36 15 9 76 72 71 6 2 54 21 26 51 35 64 42 56 75 20 38 32 58 12 69 65 25 44 41 24 8 1 62 70 19 4 60 40 7 59 67 55 16 22 18 0 77 10 39 61 50 29 45 49 52 48 78 13 66 79 30 14 53 31 73 37 3 43 27 28 11 47 68 
77 59 8 38 56 63 67 7 27 65 24 52 68 71 17 41 69 79 31 14 21 46 45 26 50 18 2 51 13 47 37 9 55 11 36 3 70 58 34 74 22 4 60 54 72 6 78 48 43 19 35 73 62 75 42 28 53 0 57 33 1 29 39 76 25 64 20 66 30 5 61 49 12 44 15 32 40 16 10 23 
23 10 16 40 32 15 44 12 49 61 5 30 66 20 64 25 76 39 29 1 33 57 0 53 28 42 75 62 73 35 19 43 48 78 6 72 54 60 4 22 74 34 58 70 3 36 11 55 9 37 47 13 51 2 18 50 26 45 46 21 14 31 79 69 41 17 71 68 52 24 65 27 7 67 63 56 38 8 59 77 
1 6 44 41 53 19 17 26 36 2 52 55 13 48 20 50 75 9 73 49 61 39 12 8 78 47 27 28 43 70 10 51 37 64 5 30 23 3 56 63 33 21 59 38 45 57 72 71 25 77 40 32 65 68 54 74 76 18 16 67 46 58 14 29 24 69 34 31 35 22 66 0 4 79 15 62 42 7 11 60 
60 11 7 42 62 15 79 4 0 66 22 35 31 34 69 24 29 14 58 46 67 16 18 76 74 54 68 65 32 40 77 25 71 72 57 45 38 59 21 33 63 56 3 23 30 5 64 37 51 10 70 43 28 27 47 78 8 12 39 61 49 73 9 75 50 20 48 13 55 52 2 36 26 17 19 53 41 44 6 1 
65 22 25 78 49 72 3 43 61 66 51 26 64 30 13 37 59 17 2 48 29 62 38 36 76 0 28 5 15 16 44 8 68 63 11 74 4 1 42 52 70 67 34 60 73 54 77 27 46 71 33 23 12 7 57 6 79 41 53 75 50 58 20 24 39 35 31 56 40 47 32 19 45 14 69 55 10 21 18 9 
9 18 21 10 55 69 14 45 19 32 47 40 56 31 35 39 24 20 58 50 75 53 41 79 6 57 7 12 23 33 71 46 27 77 54 73 60 34 67 70 52 42 1 4 74 11 63 68 8 44 16 15 5 28 0 76 36 38 62 29 48 2 17 59 37 13 30 64 26 51 66 61 43 3 72 49 78 25 22 65 
64 23 73 28 12 26 58 16 29 62 46 13 40 22 37 42 47 2 17 20 69 72 78 79 31 63 9 10 11 75 59 77 67 49 41 68 43 36 6 50 21 56 7 14 32 25 66 53 19 15 52 8 44 61 33 0 4 57 38 18 65 71 55 54 39 35 3 48 1 30 51 27 70 34 60 76 45 5 74 24 
24 74 5 45 76 60 34 70 27 51 30 1 48 3 35 39 54 55 71 65 18 38 57 4 0 33 61 44 8 52 15 19 53 66 25 32 14 7 56 21 50 6 36 43 68 41 49 67 77 59 75 11 10 9 63 31 79 78 72 69 20 17 2 47 42 37 22 40 13 46 62 29 16 58 26 12 28 73 23 64 
59 70 9 77 68 22 42 73 20 26 39 29 30 19 35 48 18 45 76 51 15 28 49 60 7 71 40 69 57 52 74 23 44 3 36 13 10 78 17 65 2 58 66 56 11 55 61 24 41 25 64 5 34 54 43 6 31 4 1 75 53 32 8 62 16 0 12 67 27 79 14 46 63 50 33 38 72 47 37 21 
21 37 47 72 38 33 50 63 46 14 79 27 67 12 0 16 62 8 32 53 75 1 4 31 6 43 54 34 5 64 25 41 24 61 55 11 56 66 58 2 65 17 78 10 13 36 3 44 23 74 52 57 69 40 71 7 60 49 28 15 51 76 45 18 48 35 19 30 29 39 26 20 73 42 22 68 77 9 70 59 
5 55 41 25 71 43 30 2 13 48 53 35 7 32 31 58 20 45 78 67 34 11 28 63 44 16 69 72 65 18 77 27 1 46 62 59 3 79 17 49 76 9 14 70 23 29 73 15 57 0 19 51 56 22 42 68 6 54 26 39 66 21 33 12 64 8 47 10 38 50 40 75 52 4 24 37 36 74 61 60 
60 61 74 36 37 24 4 52 75 40 50 38 10 47 8 64 12 33 21 66 39 26 54 6 68 42 22 56 51 19 0 57 15 73 29 23 70 14 9 76 49 17 79 3 59 62 46 1 27 77 18 65 72 69 16 44 63 28 11 34 67 78 45 20 58 31 32 7 35 53 48 13 2 30 43 71 25 41 55 5 
28 78 57 1 76 10 49 67 27 26 79 30 56 35 36 13 9 71 61 22 62 72 19 20 46 33 21 38 25 5 47 24 60 50 65 23 55 14 37 7 45 31 68 12 17 66 0 40 42 63 74 43 34 70 58 77 29 39 44 48 2 51 54 3 64 53 59 15 73 18 41 75 11 16 4 6 52 69 32 8 
8 32 69 52 6 4 16 11 75 41 18 73 15 59 53 64 3 54 51 2 48 44 39 29 77 58 70 34 43 74 63 42 40 0 66 17 12 68 31 45 7 37 14 55 23 65 50 60 24 47 5 25 38 21 33 46 20 19 72 62 22 61 71 9 13 36 35 56 30 79 26 27 67 49 10 76 1 57 78 28 
70 44 38 56 59 34 61 58 14 23 0 26 19 43 12 65 54 46 49 2 30 39 32 45 42 3 25 69 10 21 79 77 27 72 31 37 74 22 55 71 53 24 9 8 5 41 66 73 64 57 50 1 36 15 29 20 47 4 78 28 51 13 60 35 52 40 63 67 16 6 48 62 18 33 7 68 11 76 17 75 
75 17 76 11 68 7 33 18 62 48 6 16 67 63 40 52 35 60 13 51 28 78 4 47 20 29 15 36 1 50 57 64 73 66 41 5 8 9 24 53 71 55 22 74 37 31 72 27 77 79 21 10 69 25 3 42 45 32 39 30 2 49 46 54 65 12 43 19 26 0 23 14 58 61 34 59 56 38 44 70 
24 9 17 57 22 4 72 25 53 36 46 79 74 58 73 66 30 29 69 28 44 43 20 51 68 18 26 1 55 8 39 49 33 14 59 75 38 5 27 61 70 11 45 32 60 6 78 23 34 40 63 67 41 19 37 65 15 10 16 52 47 13 62 76 35 71 54 42 2 48 64 7 56 21 31 0 3 50 12 77 
77 12 50 3 0 31 21 56 7 64 48 2 42 54 71 35 76 62 13 47 52 16 10 15 65 37 19 41 67 63 40 34 23 78 6 60 32 45 11 70 61 27 5 38 75 59 14 33 49 39 8 55 1 26 18 68 51 20 43 44 28 69 29 30 66 73 58 74 79 46 36 53 25 72 4 22 57 17 9 24 
60 14 10 51 42 63 18 33 43 45 62 26 23 53 3 27 44 67 38 64 28 72 74 2 73 48 6 41 57 25 55 9 47 50 7 76 58 32 15 30 70 16 35 69 59 61 11 8 46 0 12 13 39 4 20 75 1 77 31 21 56 24 22 37 36 17 65 68 79 52 66 29 54 49 34 19 78 71 5 40 
40 5 71 78 19 34 49 54 29 66 52 79 68 65 17 36 37 22 24 56 21 31 77 1 75 20 4 39 13 12 0 46 8 11 61 59 69 35 16 70 30 15 32 58 76 7 50 47 9 55 25 57 41 6 48 73 2 74 72 28 64 38 67 44 27 3 53 23 26 62 45 43 33 18 63 42 51 10 14 60 
6 69 65 77 43 46 15 19 8 32 73 66 35 13 39 62 74 5 11 37 33 61 64 28 50 55 76 27 40 51 21 38 58 16 9 60 63 2 49 78 34 68 57 26 0 10 7 56 31 24 1 4 14 59 53 52 44 67 22 41 42 70 18 23 17 47 75 12 3 71 79 30 20 45 29 48 54 72 25 36 
36 25 72 54 48 29 45 20 30 79 71 3 12 75 47 17 23 18 70 42 41 22 67 44 52 53 59 14 4 1 24 31 56 7 10 0 26 57 68 34 78 49 2 63 60 9 16 58 38 21 51 40 27 76 55 50 28 64 61 33 37 11 5 74 62 39 13 35 66 73 32 8 19 15 46 43 77 65 69 6 
16 26 11 38 66 61 55 58 1 20 2 9 37 52 48 22 62 54 71 69 53 65 42 8 56 5 29 14 59 3 72 60 33 25 76 45 43 50 73 40 78 34 67 6 10 64 36 46 31 18 24 77 4 44 17 19 41 39 51 12 23 13 35 30 21 70 68 79 75 28 7 0 63 15 74 49 57 27 47 32 
32 47 27 57 49 74 15 63 0 7 28 75 79 68 70 21 30 35 13 23 12 51 39 41 19 17 44 4 77 24 18 31 46 36 64 10 6 67 34 78 40 73 50 43 45 76 25 33 60 72 3 59 14 29 5 56 8 42 65 53 69 71 54 62 22 48 52 37 9 2 20 1 58 55 61 66 38 11 26 16 
37 41 68 70 13 59 64 35 20 26 33 54 72 79 56 1 40 74 16 3 60 76 22 58 30 66 52 53 12 0 11 47 38 57 18 27 24 36 17 32 71 77 62 63 28 9 45 19 5 34 67 10 6 15 4 44 69 65 61 23 73 8 21 25 14 31 55 49 2 75 43 48 39 29 46 50 42 7 78 51 
51 78 7 42 50 46 29 39 48 43 75 2 49 55 31 14 25 21 8 73 23 61 65 69 44 4 15 6 10 67 34 5 19 45 9 28 63 62 77 71 32 17 36 24 27 18 57 38 47 11 0 12 53 52 66 30 58 22 76 60 3 16 74 40 1 56 79 72 54 33 26 20 35 64 59 13 70 68 41 37 
59 53 4 12 71 6 45 40 18 8 2 0 10 79 72 34 13 15 21 33 48 30 65 35 73 27 60 11 75 9 20 66 42 26 61 56 74 43 49 47 52 14 69 7 64 78 50 39 29 32 58 44 3 37 38 62 5 67 17 19 70 16 77 22 51 54 1 63 55 41 25 31 24 23 68 28 57 46 76 36 
36 76 46 57 28 68 23 24 31 25 41 55 63 1 54 51 22 77 16 70 19 17 67 5 62 38 37 3 44 58 32 29 39 50 78 64 7 69 14 52 47 49 43 74 56 61 26 42 66 20 9 75 11 60 27 73 35 65 30 48 33 21 15 13 34 72 79 10 0 2 8 18 40 45 6 71 12 4 53 59 
11 78 64 60 44 71 26 1 56 31 34 73 45 8 70 57 25 63 21 13 48 76 58 42 36 18 12 55 4 68 74 75 32 72 38 40 79 19 35 46 53 28 37 20 2 23 22 43 3 51 59 6 49 62 27 50 24 15 66 0 54 41 33 16 47 7 39 29 30 67 61 65 5 9 17 14 69 10 52 77 
77 52 10 69 14 17 9 5 65 61 67 30 29 39 7 47 16 33 41 54 0 66 15 24 50 27 62 49 6 59 51 3 43 22 23 2 20 37 28 53 46 35 19 79 40 38 72 32 75 74 68 4 55 12 18 36 42 58 76 48 13 21 63 25 57 70 8 45 73 34 31 56 1 26 71 44 60 64 78 11 
75 74 50 24 18 19 53 62 43 10 37 15 2 57 28 60 58 29 13 14 32 42 77 46 72 12 1 71 44 59 68 76 30 16 66 47 26 70 7 52 55 64 38 51 6 79 5 36 17 31 27 48 22 78 34 8 4 65 0 56 11 45 63 9 49 69 41 23 39 20 40 33 35 25 3 21 73 67 61 54 
54 61 67 73 21 3 25 35 33 40 20 39 23 41 69 49 9 63 45 11 56 0 65 4 8 34 78 22 48 27 31 17 36 5 79 6 51 38 64 55 52 7 70 26 47 66 16 30 76 68 59 44 71 1 12 72 46 77 42 32 14 13 29 58 60 28 57 2 15 37 10 43 62 53 19 18 24 50 74 75 
46 15 8 14 23 49 53 1 47 71 76 2 40 24 56 4 17 3 13 57 43 55 69 54 65 9 41 50 21 74 48 68 30 66 77 62 73 70 12 11 59 42 58 5 25 79 52 67 18 10 0 36 26 6 7 64 28 31 32 63 16 35 20 75 60 29 39 34 61 45 37 78 22 33 72 27 51 44 38 19 
19 38 44 51 27 72 33 22 78 37 45 61 34 39 29 60 75 20 35 16 63 32 31 28 64 7 6 26 36 0 10 18 67 52 79 25 5 58 42 59 11 12 70 73 62 77 66 30 68 48 74 21 50 41 9 65 54 69 55 43 57 13 3 17 4 56 24 40 2 76 71 47 1 53 49 23 14 8 15 46 
22 12 5 0 9 55 70 28 66 39 69 34 79 60 48 2 64 72 51 19 40 15 59 10 53 16 27 8 57 77 67 11 21 75 76 23 46 43 36 63 24 37 61 33 71 1 31 30 41 4 7 18 68 73 14 44 26 54 49 50 13 74 29 20 45 42 56 35 25 38 58 78 62 47 32 65 3 6 52 17 
17 52 6 3 65 32 47 62 78 58 38 25 35 56 42 45 20 29 74 13 50 49 54 26 44 14 73 68 18 7 4 41 30 31 1 71 33 61 37 24 63 36 43 46 23 76 75 21 11 67 77 57 8 27 16 53 10 59 15 40 19 51 72 64 2 48 60 79 34 69 39 66 28 70 55 9 0 5 12 22 
63 16 77 27 55 0 5 30 58 41 35 73 42 47 14 56 61 53 75 18 25 51 34 29 9 38 1 4 17 52 10 11 64 70 44 28 76 13 79 3 33 22 24 40 8 37 2 46 54 78 19 69 57 32 65 74 26 48 15 39 72 71 49 12 36 20 66 67 45 68 50 60 7 21 62 23 31 6 43 59 
59 43 6 31 23 62 21 7 60 50 68 45 67 66 20 36 12 49 71 72 39 15 48 26 74 65 32 57 69 19 78 54 46 2 37 8 40 24 22 33 3 79 13 76 28 44 70 64 11 10 52 17 4 1 38 9 29 34 51 25 18 75 53 61 56 14 47 42 73 35 41 58 30 5 0 55 27 77 16 63 
18 24 40 31 53 11 69 16 54 22 74 46 26 35 48 43 25 47 50 39 1 44 51 23 30 10 72 78 37 29 68 41 27 33 20 19 8 65 66 0 63 21 49 56 71 62 60 52 38 64 5 59 70 14 17 3 7 6 75 4 45 34 2 32 58 57 73 9 77 13 15 61 76 36 42 28 79 55 67 12 
12 67 55 79 28 42 36 76 61 15 13 77 9 73 57 58 32 2 34 45 4 75 6 7 3 17 14 70 59 5 64 38 52 60 62 71 56 49 21 63 0 66 65 8 19 20 33 27 41 68 29 37 78 72 10 30 23 51 44 1 39 50 47 25 43 48 35 26 46 74 22 54 16 69 11 53 31 40 24 18 
56 37 64 51 74 26 3 4 34 70 71 66 25 39 67 35 11 62 9 50 49 32 41 12 47 73 2 46 17 24 69 27 28 22 79 30 42 58 75 52 14 33 76 16 43 60 45 55 19 0 18 31 53 6 13 44 23 40 54 78 61 5 15 36 57 29 77 7 63 21 1 10 48 20 65 72 38 59 8 68 
68 8 59 38 72 65 20 48 10 1 21 63 7 77 29 57 36 15 5 61 78 54 40 23 44 13 6 53 31 18 0 19 55 45 60 43 16 76 33 14 52 75 58 42 30 79 22 28 27 69 24 17 46 2 73 47 12 41 32 49 50 9 62 11 35 67 39 25 66 71 70 34 4 3 26 74 51 64 37 56 
50 6 27 44 11 0 62 24 79 43 53 32 76 23 33 61 69 42 59 49 70 25 77 52 29 57 41 18 1 28 2 45 56 71 9 12 51 40 78 15 74 54 37 26 13 67 19 55 4 72 73 8 47 3 39 20 38 31 17 63 75 16 21 7 60 36 34 68 66 22 46 58 14 10 48 30 64 35 5 65 
65 5 35 64 30 48 10 14 58 46 22 66 68 34 36 60 7 21 16 75 63 17 31 38 20 39 3 47 8 73 72 4 55 19 67 13 26 37 54 74 15 78 40 51 12 9 71 56 45 2 28 1 18 41 57 29 52 77 25 70 49 59 42 69 61 33 23 76 32 53 43 79 24 62 0 11 44 27 6 50 
62 36 11 8 33 1 18 41 31 42 49 66 10 39 17 40 71 20 38 29 67 44 2 25 70 27 68 14 59 30 50 32 65 55 22 47 79 15 57 6 64 63 23 72 48 5 77 51 56 35 76 61 3 37 43 60 4 69 34 75 21 13 16 53 58 74 7 52 0 26 73 28 46 9 12 78 24 54 19 45 
45 19 54 24 78 12 9 46 28 73 26 0 52 7 74 58 53 16 13 21 75 34 69 4 60 43 37 3 61 76 35 56 51 77 5 48 72 23 63 64 6 57 15 79 47 22 55 65 32 50 30 59 14 68 27 70 25 2 44 67 29 38 20 71 40 17 39 10 66 49 42 31 41 18 1 33 8 11 36 62 
79 32 75 27 78 56 3 51 40 66 70 33 47 29 58 19 2 59 24 36 48 26 73 41 72 21 64 65 9 43 5 61 55 18 60 74 35 1 54 68 12 28 46 10 31 6 62 45 14 67 37 20 0 16 15 11 39 30 25 49 8 63 34 53 23 76 13 69 42 77 44 7 52 38 4 57 71 17 22 50 
50 22 17 71 57 4 38 52 7 44 77 42 69 13 76 23 53 34 63 8 49 25 30 39 11 15 16 0 20 37 67 14 45 62 6 31 10 46 28 12 68 54 1 35 74 60 18 55 61 5 43 9 65 64 21 72 41 73 26 48 36 24 59 2 19 58 29 47 33 70 66 40 51 3 56 78 27 75 32 79 
52 37 41 55 57 36 67 69 26 71 66 70 29 60 35 15 2 45 0 6 32 58 30 23 53 21 17 62 49 48 50 47 24 64 1 40 18 27 61 42 16 38 22 65 59 75 11 8 78 10 31 46 79 34 43 77 19 28 73 7 54 14 3 76 9 63 5 44 13 25 20 39 56 4 74 51 68 12 72 33 
33 72 12 68 51 74 4 56 39 20 25 13 44 5 63 9 76 3 14 54 7 73 28 19 77 43 34 79 46 31 10 78 8 11 75 59 65 22 38 16 42 61 27 18 40 1 64 24 47 50 48 49 62 17 21 53 23 30 58 32 6 0 45 2 15 35 60 29 70 66 71 26 69 67 36 57 55 41 37 52 
47 40 42 1 65 58 77 72 64 2 21 48 61 68 6 4 37 22 30 9 35 28 78 69 8 27 45 18 70 16 36 50 71 66 44 33 74 39 7 13 24 53 76 32 25 75 41 62 57 49 17 56 20 11 55 38 19 51 29 12 0 34 15 26 54 79 52 43 63 10 5 59 46 3 67 73 14 60 31 23 
23 31 60 14 73 67 3 46 59 5 10 63 43 52 79 54 26 15 34 0 12 29 51 19 38 55 11 20 56 17 49 57 62 41 75 25 32 76 53 24 13 7 39 74 33 44 66 71 50 36 16 70 18 45 27 8 69 78 28 35 9 30 22 37 4 6 68 61 48 21 2 64 72 77 58 65 1 42 40 47 
21 49 58 19 1 65 75 33 0 71 26 3 45 68 76 44 74 29 27 73 70 7 69 4 60 10 5 47 24 39 64 36 20 2 14 46 62 57 52 40 12 63 23 6 37 55 53 11 66 32 72 30 77 78 56 31 35 25 51 22 61 42 59 54 18 67 28 50 13 48 34 38 8 17 9 79 41 43 15 16 
16 15 43 41 79 9 17 8 38 34 48 13 50 28 67 18 54 59 42 61 22 51 25 35 31 56 78 77 30 72 32 66 11 53 55 37 6 23 63 12 40 52 57 62 46 14 2 20 36 64 39 24 47 5 10 60 4 69 7 70 73 27 29 74 44 76 68 45 3 26 71 0 33 75 65 1 19 58 49 21 
7 59 38 55 16 62 48 24 31 10 8 28 27 35 11 0 73 79 74 25 17 15 39 26 56 3 6 41 22 77 75 4 13 71 42 33 49 46 40 72 70 58 5 65 19 44 52 9 78 2 50 57 60 68 21 69 45 1 63 54 32 67 43 34 64 36 37 20 29 47 30 66 12 53 76 18 61 51 23 14 
14 23 51 61 18 76 53 12 66 30 47 29 20 37 36 64 34 43 67 32 54 63 1 45 69 21 68 60 57 50 2 78 9 52 44 19 65 5 58 70 72 40 46 49 33 42 71 13 4 75 77 22 41 6 3 56 26 39 15 17 25 74 79 73 0 11 35 27 28 8 10 31 24 48 62 16 55 38 59 7 
11 44 19 54 13 2 31 71 4 28 64 24 68 47 49 40 14 60 36 41 32 76 33 23 18 58 61 67 72 77 10 15 78 35 3 38 26 73 65 70 53 8 59 7 45 34 74 27 12 17 62 51 5 50 21 16 25 42 1 22 9 37 48 52 0 56 46 69 57 43 66 30 29 55 39 20 63 79 6 75 
75 6 79 63 20 39 55 29 30 66 43 57 69 46 56 0 52 48 37 9 22 1 42 25 16 21 50 5 51 62 17 12 27 74 34 45 7 59 8 53 70 65 73 26 38 3 35 78 15 10 77 72 67 61 58 18 23 33 76 32 41 36 60 14 40 49 47 68 24 64 28 4 71 31 2 13 54 19 44 11 
12 56 6 9 10 69 4 57 31 62 22 64 43 47 61 74 35 59 67 68 44 52 13 48 25 1 53 49 54 24 27 72 26 8 11 58 36 28 76 18 38 7 29 60 42 63 16 5 51 71 14 33 3 19 0 34 75 39 41 20 65 46 66 79 30 70 55 15 77 32 37 50 23 17 73 40 2 45 21 78 
78 21 45 2 40 73 17 23 50 37 32 77 15 55 70 30 79 66 46 65 20 41 39 75 34 0 19 3 33 14 71 51 5 16 63 42 60 29 7 38 18 76 28 36 58 11 8 26 72 27 24 54 49 53 1 25 48 13 52 44 68 67 59 35 74 61 47 43 64 22 62 31 57 4 69 10 9 6 56 12 
71 0 5 50 3 8 73 18 24 36 45 30 57 29 63 33 1 58 65 12 7 34 64 77 22 28 43 56 40 62 9 79 55 32 48 4 10 59 54 68 14 19 35 74 6 53 17 11 26 78 46 51 67 52 38 70 69 15 31 21 44 2 39 20 66 27 76 13 25 23 60 47 72 37 42 41 16 61 49 75 
75 49 61 16 41 42 37 72 47 60 23 25 13 76 27 66 20 39 2 44 21 31 15 69 70 38 52 67 51 46 78 26 11 17 53 6 74 35 19 14 68 54 59 10 4 48 32 55 79 9 62 40 56 43 28 22 77 64 34 7 12 65 58 1 33 63 29 57 30 45 36 24 18 73 8 3 50 5 0 71 
9 72 1 17 4 19 15 45 10 59 67 58 5 23 25 8 53 47 22 66 71 29 61 74 78 57 12 50 11 14 3 68 40 41 73 2 31 37 0 42 26 44 7 21 54 79 69 77 62 49 75 39 65 55 13 34 18 60 43 16 63 6 20 56 27 70 30 24 36 64 33 28 35 32 46 76 38 51 48 52 
52 48 51 38 76 46 32 35 28 33 64 36 24 30 70 27 56 20 6 63 16 43 60 18 34 13 55 65 39 75 49 62 77 69 79 54 21 7 44 26 42 0 37 31 2 73 41 40 68 3 14 11 50 12 57 78 74 61 29 71 66 22 47 53 8 25 23 5 58 67 59 10 45 15 19 4 17 1 72 9 
31 3 68 19 34 70 62 22 77 75 32 21 16 10 28 53 1 49 29 8 2 37 0 25 50 45 48 61 46 5 9 52 38 51 23 24 64 6 47 40 67 17 71 7 35 41 56 76 33 65 58 72 60 73 79 36 30 66 74 59 14 18 4 20 39 63 27 69 55 12 11 43 57 13 15 78 44 26 54 42 
42 54 26 44 78 15 13 57 43 11 12 55 69 27 63 39 20 4 18 14 59 74 66 30 36 79 73 60 72 58 65 33 76 56 41 35 7 71 17 67 40 47 6 64 24 23 51 38 52 9 5 46 61 48 45 50 25 0 37 2 8 29 49 1 53 28 10 16 21 32 75 77 22 62 70 34 19 68 3 31 
52 40 62 63 0 70 76 73 79 65 44 68 14 38 9 43 6 71 67 11 8 37 4 47 74 28 64 51 45 42 30 5 23 69 19 75 29 31 36 27 21 59 60 35 48 56 61 41 22 72 10 57 24 32 17 78 15 53 26 12 66 55 25 33 1 54 13 58 3 16 50 20 2 49 34 77 39 7 18 46 
46 18 7 39 77 34 49 2 20 50 16 3 58 13 54 1 33 25 55 66 12 26 53 15 78 17 32 24 57 10 72 22 41 61 56 48 35 60 59 21 27 36 31 29 75 19 69 23 5 30 42 45 51 64 28 74 47 4 37 8 11 67 71 6 43 9 38 14 68 44 65 79 73 76 70 0 63 62 40 52 
78 22 46 26 39 20 30 11 10 6 4 40 44 35 53 5 62 21 14 42 76 2 32 1 57 70 7 36 9 50 54 73 34 69 52 38 48 61 68 12 0 41 3 33 19 75 31 43 63 66 15 45 79 77 37 13 67 51 71 65 47 16 8 24 28 49 29 17 27 56 74 64 18 23 55 25 58 60 72 59 
59 72 60 58 25 55 23 18 64 74 56 27 17 29 49 28 24 8 16 47 65 71 51 67 13 37 77 79 45 15 66 63 43 31 75 19 33 3 41 0 12 68 61 48 38 52 69 34 73 54 50 9 36 7 70 57 1 32 2 76 42 14 21 62 5 53 35 44 40 4 6 10 11 30 20 39 26 46 22 78 
24 63 33 69 60 32 5 78 26 47 79 53 20 25 15 65 48 38 67 28 62 46 3 12 40 8 55 52 77 13 70 50 17 19 30 36 4 37 68 71 39 66 44 11 0 45 59 56 22 61 75 64 74 76 18 54 58 7 2 42 41 14 29 35 27 57 16 72 23 6 21 9 51 73 31 34 49 1 10 43 
43 10 1 49 34 31 73 51 9 21 6 23 72 16 57 27 35 29 14 41 42 2 7 58 54 18 76 74 64 75 61 22 56 59 45 0 11 44 66 39 71 68 37 4 36 30 19 17 50 70 13 77 52 55 8 40 12 3 46 62 28 67 38 48 65 15 25 20 53 79 47 26 78 5 32 60 69 33 63 24 
65 52 2 18 12 11 67 5 76 29 61 35 42 50 48 55 27 4 17 62 23 24 72 68 71 64 66 56 77 46 3 0 53 43 38 44 32 10 15 26 39 58 40 54 45 34 51 31 20 22 73 79 36 33 28 9 78 75 57 25 63 7 47 49 1 21 6 69 70 74 14 41 30 8 13 19 60 37 59 16 
16 59 37 60 19 13 8 30 41 14 74 70 69 6 21 1 49 47 7 63 25 57 75 78 9 28 33 36 79 73 22 20 31 51 34 45 54 40 58 39 26 15 10 32 44 38 43 53 0 3 46 77 56 66 64 71 68 72 24 23 62 17 4 27 55 48 50 42 35 61 29 76 5 67 11 12 18 2 52 65 
36 75 14 30 74 2 0 15 62 8 77 53 44 5 46 35 29 48 19 63 69 58 24 59 49 41 16 12 76 51 61 25 64 31 37 79 6 26 52 56 3 43 60 13 1 4 10 9 55 18 67 68 66 23 39 78 72 20 73 45 65 17 71 50 32 34 47 21 7 33 11 27 38 42 40 70 54 57 22 28 
28 22 57 54 70 40 42 38 27 11 33 7 21 47 34 32 50 71 17 65 45 73 20 72 78 39 23 66 68 67 18 55 9 10 4 1 13 60 43 3 56 52 26 6 79 37 31 64 25 61 51 76 12 16 41 49 59 24 58 69 63 19 48 29 35 46 5 44 53 77 8 62 15 0 2 74 30 14 75 36 
45 25 61 76 42 63 37 68 69 57 41 3 62 18 75 50 55 2 22 21 26 77 64 24 51 5 20 35 73 14 12 4 72 27 15 13 67 1 54 74 65 47 7 36 39 66 11 53 48 6 49 46 9 29 16 70 40 43 19 60 59 32 38 71 52 56 0 30 31 44 28 78 10 8 23 33 79 34 58 17 
17 58 34 79 33 23 8 10 78 28 44 31 30 0 56 52 71 38 32 59 60 19 43 40 70 16 29 9 46 49 6 48 53 11 66 39 36 7 47 65 74 54 1 67 13 15 27 72 4 12 14 73 35 20 5 51 24 64 77 26 21 22 2 55 50 75 18 62 3 41 57 69 68 37 63 42 76 61 25 45 
68 35 51 49 0 64 66 32 20 65 39 53 14 52 29 47 61 34 12 45 73 56 17 38 40 59 15 63 33 76 10 22 55 77 8 44 46 41 16 9 2 31 27 60 78 30 6 42 21 24 74 4 62 11 37 58 18 23 57 67 28 19 26 69 13 5 43 72 3 75 70 48 50 1 36 54 71 7 79 25 
25 79 7 71 54 36 1 50 48 70 75 3 72 43 5 13 69 26 19 28 67 57 23 18 58 37 11 62 4 74 24 21 42 6 30 78 60 27 31 2 9 16 41 46 44 8 77 55 22 10 76 33 63 15 59 40 38 17 56 73 45 12 34 61 47 29 52 14 53 39 65 20 32 66 64 0 49 51 35 68 
61 54 77 74 19 59 36 64 39 69 11 43 42 47 73 26 57 32 30 22 58 16 50 31 12 46 9 3 63 52 49 4 65 67 1 55 45 23 76 68 25 2 8 78 79 15 70 14 13 48 51 28 56 33 53 20 18 60 71 34 75 66 5 10 38 62 29 6 27 24 21 17 72 44 37 40 0 35 41 7 
7 41 35 0 40 37 44 72 17 21 24 27 6 29 62 38 10 5 66 75 34 71 60 18 20 53 33 56 28 51 48 13 14 70 15 79 78 8 2 25 68 76 23 45 55 1 67 65 4 49 52 63 3 9 46 12 31 50 16 58 22 30 32 57 26 73 47 42 43 11 69 39 64 36 59 19 74 77 54 61 
15 18 3 5 68 14 45 44 28 0 72 53 66 39 78 56 1 69 16 63 20 24 67 6 43 75 27 21 55 64 12 32 50 8 40 61 29 79 26 23 38 70 57 22 62 35 19 49 77 47 11 42 59 58 60 4 25 17 51 36 74 2 54 71 33 76 46 65 30 10 73 52 9 7 34 41 48 13 31 37 
37 31 13 48 41 34 7 9 52 73 10 30 65 46 76 33 71 54 2 74 36 51 17 25 4 60 58 59 42 11 47 77 49 19 35 62 22 57 70 38 23 26 79 29 61 40 8 50 32 12 64 55 21 27 75 43 6 67 24 20 63 16 69 1 56 78 39 66 53 72 0 28 44 45 14 68 5 3 18 15 
55 50 9 63 67 64 38 29 75 65 33 21 78 3 27 1 15 53 48 30 69 43 16 57 54 71 0 66 39 13 18 17 70 46 58 45 37 49 62 5 72 32 26 8 79 42 51 19 22 7 44 34 56 11 61 52 35 2 68 28 24 23 14 20 4 10 59 47 31 41 73 40 76 12 74 6 77 25 60 36 
36 60 25 77 6 74 12 76 40 73 41 31 47 59 10 4 20 14 23 24 28 68 2 35 52 61 11 56 34 44 7 22 19 51 42 79 8 26 32 72 5 62 49 37 45 58 46 70 17 18 13 39 66 0 71 54 57 16 43 69 30 48 53 15 1 27 3 78 21 33 65 75 29 38 64 67 63 9 50 55 
38 51 28 22 41 4 57 2 15 47 71 75 26 16 61 66 0 39 49 58 36 31 59 25 40 54 78 14 18 5 64 52 8 24 21 32 23 63 34 55 44 48 6 79 73 30 33 3 68 77 42 35 72 56 9 7 74 69 19 10 20 27 76 46 65 43 11 53 29 50 60 37 45 17 67 13 12 62 70 1 
1 70 62 12 13 67 17 45 37 60 50 29 53 11 43 65 46 76 27 20 10 19 69 74 7 9 56 72 35 42 77 68 3 33 30 73 79 6 48 44 55 34 63 23 32 21 24 8 52 64 5 18 14 78 54 40 25 59 31 36 58 49 39 0 66 61 16 26 75 71 47 15 2 57 4 41 22 28 51 38 
77 19 55 33 24 46 68 48 57 56 60 45 30 2 25 63 40 59 61 27 67 78 11 65 9 64 34 49 38 15 41 76 58 42 73 0 50 16 44 10 23 5 1 62 17 20 12 43 74 37 66 39 28 4 71 6 51 69 75 54 3 26 14 22 53 72 47 52 13 79 7 36 32 31 8 35 70 21 29 18 
18 29 21 70 35 8 31 32 36 7 79 13 52 47 72 53 22 14 26 3 54 75 69 51 6 71 4 28 39 66 37 74 43 12 20 17 62 1 5 23 10 44 16 50 0 73 42 58 76 41 15 38 49 34 64 9 65 11 78 67 27 61 59 40 63 25 2 30 45 60 56 57 48 68 46 24 33 55 19 77 
49 41 29 26 7 74 8 30 42 9 56 5 60 14 15 77 72 16 65 71 11 39 53 52 36 34 28 24 62 70 57 50 73 51 75 13 46 18 40 23 68 33 61 37 38 47 3 63 25 31 12 6 48 67 54 22 2 59 27 21 43 32 10 69 0 44 45 76 64 35 79 66 1 78 55 20 17 4 58 19 
19 58 4 17 20 55 78 1 66 79 35 64 76 45 44 0 69 10 32 43 21 27 59 2 22 54 67 48 6 12 31 25 63 3 47 38 37 61 33 68 23 40 18 46 13 75 51 73 50 57 70 62 24 28 34 36 52 53 39 11 71 65 16 72 77 15 14 60 5 56 9 42 30 8 74 7 26 29 41 49 
9 5 4 6 71 35 34 33 37 38 48 44 3 26 50 64 15 77 60 7 75 79 53 55 40 69 21 23 73 29 25 74 57 43 0 27 36 30 62 24 22 19 47 54 16 20 28 11 58 72 66 49 12 39 41 45 1 61 63 31 17 46 78 14 8 70 59 13 32 65 42 76 2 68 52 18 56 51 67 10 
10 67 51 56 18 52 68 2 76 42 65 32 13 59 70 8 14 78 46 17 31 63 61 1 45 41 39 12 49 66 72 58 11 28 20 16 54 47 19 22 24 62 30 36 27 0 43 57 74 25 29 73 23 21 69 40 55 53 79 75 7 60 77 15 64 50 26 3 44 48 38 37 33 34 35 71 6 4 5 9 
26 50 28 32 41 8 14 56 19 69 6 38 55 15 33 76 60 71 29 35 10 74 48 22 31 63 62 3 25 36 43 79 21 49 1 9 23 59 18 2 52 47 42 78 30 51 54 37 0 17 65 77 16 44 24 5 72 45 4 66 53 68 67 39 58 70 34 64 46 61 20 7 12 57 27 40 75 11 13 73 
73 13 11 75 40 27 57 12 7 20 61 46 64 34 70 58 39 67 68 53 66 4 45 72 5 24 44 16 77 65 17 0 37 54 51 30 78 42 47 52 2 18 59 23 9 1 49 21 79 43 36 25 3 62 63 31 22 48 74 10 35 29 71 60 76 33 15 55 38 6 69 19 56 14 8 41 32 28 50 26 
54 44 1 77 5 30 25 43 52 4 62 72 45 76 35 6 18 16 8 34 68 0 69 66 15 42 47 70 67 33 17 20 11 3 23 29 13 28 24 14 7 12 58 48 64 46 38 2 37 78 59 36 19 32 50 41 57 75 79 26 31 65 60 55 61 74 39 9 53 49 56 27 71 21 73 10 40 51 22 63 
63 22 51 40 10 73 21 71 27 56 49 53 9 39 74 61 55 60 65 31 26 79 75 57 41 50 32 19 36 59 78 37 2 38 46 64 48 58 12 7 14 24 28 13 29 23 3 11 20 17 33 67 70 47 42 15 66 69 0 68 34 8 16 18 6 35 76 45 72 62 4 52 43 25 30 5 77 1 44 54 
53 50 52 62 36 44 40 33 12 64 78 67 32 7 17 63 30 13 16 72 65 0 2 9 21 73 26 70 27 25 60 74 31 19 14 55 76 10 4 41 18 8 6 68 3 38 66 56 11 43 46 24 29 15 39 1 61 71 34 77 45 58 48 57 59 35 47 37 22 42 5 20 28 79 75 54 51 69 23 49 
49 23 69 51 54 75 79 28 20 5 42 22 37 47 35 59 57 48 58 45 77 34 71 61 1 39 15 29 24 46 43 11 56 66 38 3 68 6 8 18 41 4 10 76 55 14 19 31 74 60 25 27 70 26 73 21 9 2 0 65 72 16 13 30 63 17 7 32 67 78 64 12 33 40 44 36 62 52 50 53 
14 58 21 31 42 30 3 15 11 56 37 57 50 35 22 24 9 41 45 49 44 28 54 34 2 63 46 65 67 29 73 25 69 55 26 59 19 75 51 40 68 48 78 27 0 23 60 72 36 53 66 32 7 20 5 77 1 47 52 16 38 74 17 70 62 10 79 18 12 6 39 76 4 71 8 43 61 64 33 13 
13 33 64 61 43 8 71 4 76 39 6 12 18 79 10 62 70 17 74 38 16 52 47 1 77 5 20 7 32 66 53 36 72 60 23 0 27 78 48 68 40 51 75 19 59 26 55 69 25 73 29 67 65 46 63 2 34 54 28 44 49 45 41 9 24 22 35 50 57 37 56 11 15 3 30 42 31 21 58 14 
62 46 57 70 78 34 6 58 24 64 8 45 14 36 10 19 27 48 72 52 47 49 33 22 17 60 69 51 11 13 41 20 3 9 73 15 68 44 71 38 40 65 75 35 25 63 28 79 37 16 76 0 4 61 2 43 66 31 50 21 39 18 7 53 32 29 59 30 1 55 77 26 42 67 54 23 12 74 5 56 
56 5 74 12 23 54 67 42 26 77 55 1 30 59 29 32 53 7 18 39 21 50 31 66 43 2 61 4 0 76 16 37 79 28 63 25 35 75 65 40 38 71 44 68 15 73 9 3 20 41 13 11 51 69 60 17 22 33 49 47 52 72 48 27 19 10 36 14 45 8 64 24 58 6 34 78 70 57 46 62 
22 59 65 27 70 33 15 44 50 45 42 4 68 29 9 18 38 12 16 14 32 54 6 62 51 17 3 61 34 57 8 36 37 41 20 30 40 2 67 11 21 79 63 13 5 74 55 7 56 1 47 28 76 77 24 48 71 78 46 75 43 10 26 19 39 66 73 52 35 64 58 31 0 60 23 72 69 53 49 25 
25 49 53 69 72 23 60 0 31 58 64 35 52 73 66 39 19 26 10 43 75 46 78 71 48 24 77 76 28 47 1 56 7 55 74 5 13 63 79 21 11 67 2 40 30 20 41 37 36 8 57 34 61 3 17 51 62 6 54 32 14 16 12 38 18 9 29 68 4 42 45 50 44 15 33 70 27 65 59 22 
17 62 79 10 3 16 26 14 24 68 2 39 9 48 70 59 55 12 54 69 41 72 61 29 58 60 28 30 44 65 31 35 37 63 76 32 78 27 7 45 8 5 53 71 33 20 57 64 25 34 66 47 6 74 56 19 50 43 52 4 77 22 0 36 49 15 21 23 11 42 75 51 67 73 18 38 40 1 46 13 
13 46 1 40 38 18 73 67 51 75 42 11 23 21 15 49 36 0 22 77 4 52 43 50 19 56 74 6 47 66 34 25 64 57 20 33 71 53 5 8 45 7 27 78 32 76 63 37 35 31 65 44 30 28 60 58 29 61 72 41 69 54 12 55 59 70 48 9 39 2 68 24 14 26 16 3 10 79 62 17 
24 39 26 34 51 47 74 61 13 60 21 0 27 7 48 1 38 30 69 33 63 64 25 66 10 57 36 59 22 76 65 18 15 55 41 17 53 54 35 75 67 71 77 4 68 50 29 5 43 14 23 32 40 28 19 42 56 62 70 9 49 52 37 58 11 8 79 3 12 45 72 73 20 16 31 6 78 46 2 44 
44 2 46 78 6 31 16 20 73 72 45 12 3 79 8 11 58 37 52 49 9 70 62 56 42 19 28 40 32 23 14 43 5 29 50 68 4 77 71 67 75 35 54 53 17 41 55 15 18 65 76 22 59 36 57 10 66 25 64 63 33 69 30 38 1 48 7 27 0 21 60 13 61 74 47 51 34 26 39 24 
3 76 48 54 37 15 7 57 12 67 58 72 39 53 49 25 77 71 22 18 64 1 47 52 17 19 59 74 56 62 23 27 6 32 13 9 65 34 29 28 73 46 69 41 31 50 68 42 44 36 40 70 26 63 38 45 14 55 35 4 0 78 33 16 75 2 60 5 43 8 11 66 24 20 51 10 21 79 61 30 
30 61 79 21 10 51 20 24 66 11 8 43 5 60 2 75 16 33 78 0 4 35 55 14 45 38 63 26 70 40 36 44 42 68 50 31 41 69 46 73 28 29 34 65 9 13 32 6 27 23 62 56 74 59 19 17 52 47 1 64 18 22 71 77 25 49 53 39 72 58 67 12 57 7 15 37 54 48 76 3 
20 67 46 77 18 19 43 63 75 71 3 17 42 64 6 15 7 26 34 45 70 35 25 22 61 39 47 62 59 14 30 79 4 78 60 72 36 37 73 12 0 66 49 41 27 55 8 9 40 21 74 53 51 11 57 52 68 2 24 29 10 38 31 33 44 58 28 16 23 76 56 5 54 69 32 48 13 50 65 1 
1 65 50 13 48 32 69 54 5 56 76 23 16 28 58 44 33 31 38 10 29 24 2 68 52 57 11 51 53 74 21 40 9 8 55 27 41 49 66 0 12 73 37 36 72 60 78 4 79 30 14 59 62 47 39 61 22 25 35 70 45 34 26 7 15 6 64 42 17 3 71 75 63 43 19 18 77 46 67 20 
2 56 35 6 25 42 69 53 46 78 54 29 34 68 59 15 55 64 27 31 10 66 22 58 39 19 13 47 51 20 28 50 63 32 72 77 24 26 3 18 74 61 40 5 62 44 67 49 57 16 1 70 43 38 21 48 76 8 79 73 41 45 0 7 30 75 17 33 12 14 11 4 60 9 71 23 65 37 36 52 
52 36 37 65 23 71 9 60 4 11 14 12 33 17 75 30 7 0 45 41 73 79 8 76 48 21 38 43 70 1 16 57 49 67 44 62 5 40 61 74 18 3 26 24 77 72 32 63 50 28 20 51 47 13 19 39 58 22 66 10 31 27 64 55 15 59 68 34 29 54 78 46 53 69 42 25 6 35 56 2 
41 32 72 77 27 11 8 43 7 70 45 67 54 40 17 4 3 51 57 53 79 64 39 66 52 46 55 33 58 1 76 38 60 20 49 59 74 73 12 22 26 75 29 6 71 37 30 24 42 34 50 5 16 10 47 68 56 13 9 48 69 0 35 31 23 25 61 63 19 28 44 62 2 14 18 65 36 15 21 78 
78 21 15 36 65 18 14 2 62 44 28 19 63 61 25 23 31 35 0 69 48 9 13 56 68 47 10 16 5 50 34 42 24 30 37 71 6 29 75 26 22 12 73 74 59 49 20 60 38 76 1 58 33 55 46 52 66 39 64 79 53 57 51 3 4 17 40 54 67 45 70 7 43 8 11 27 77 72 32 41 
0 47 29 1 70 35 30 41 78 51 25 3 74 24 33 43 22 61 32 6 53 73 42 44 10 75 16 67 38 57 45 72 34 31 79 62 8 13 21 66 49 76 28 71 64 69 56 77 63 37 65 68 26 55 58 46 59 60 54 52 39 40 48 15 23 50 27 18 17 19 36 12 20 14 5 7 11 4 9 2 
2 9 4 11 7 5 14 20 12 36 19 17 18 27 50 23 15 48 40 39 52 54 60 59 46 58 55 26 68 65 37 63 77 56 69 64 71 28 76 49 66 21 13 8 62 79 31 34 72 45 57 38 67 16 75 10 44 42 73 53 6 32 61 22 43 33 24 74 3 25 51 78 41 30 35 70 1 29 47 0 
