174 4 80
79 74 71 73 69 75 78 66 72 76 54 68 62 63 51 59 67 58 55 77 53 65 61 39 60 70 48 57 56 64 52 19 50 35 47 49 26 46 40 44 45 28 32 34 43 33 27 42 29 23 20 25 36 38 37 22 41 24 30 4 31 12 21 18 15 14 9 17 11 8 7 10 1 16 6 5 2 0 13 3 
3 13 0 2 5 6 16 1 10 7 8 11 17 9 14 15 18 21 12 31 4 30 24 41 22 37 38 36 25 20 23 29 42 27 33 43 34 32 28 45 44 40 46 26 49 47 35 50 19 52 64 56 57 48 70 60 39 61 65 53 77 55 58 67 59 51 63 62 68 54 76 72 66 78 75 69 73 71 74 79 
66 75 54 73 63 58 39 60 35 46 44 34 33 27 23 20 25 36 15 71 51 55 53 56 79 64 50 4 12 14 11 7 16 6 2 13 49 41 31 17 3 0 5 24 65 77 76 1 10 8 9 18 21 30 22 37 38 47 19 74 52 57 48 70 67 59 62 29 42 43 32 28 45 40 26 61 68 69 78 72 
72 78 69 68 61 26 40 45 28 32 43 42 29 62 59 67 70 48 57 52 74 19 47 38 37 22 30 21 18 9 8 10 1 76 77 65 24 5 0 3 17 31 41 49 13 2 6 16 7 11 14 12 4 50 64 79 56 53 55 51 71 15 36 25 20 23 27 33 34 44 46 35 60 39 58 63 73 54 75 66 
49 50 36 27 77 19 20 41 52 4 12 14 10 55 51 44 35 39 37 22 63 21 67 1 61 9 48 42 16 0 28 78 5 2 75 29 66 74 26 71 79 3 73 69 40 13 18 54 72 6 45 32 8 30 15 68 11 43 7 76 62 17 59 70 57 38 58 60 31 24 46 34 33 23 25 53 47 65 56 64 
64 56 65 47 53 25 23 33 34 46 24 31 60 58 38 57 70 59 17 62 76 7 43 11 68 15 30 8 32 45 6 72 54 18 13 40 69 73 3 79 71 26 74 66 29 75 2 5 78 28 0 16 42 48 9 61 1 67 21 63 22 37 39 35 44 51 55 10 14 12 4 52 41 20 19 77 27 36 50 49 
21 22 30 29 32 28 45 40 26 6 11 31 56 61 55 51 68 7 10 12 20 34 33 39 65 77 76 75 69 14 4 36 50 73 24 58 54 74 49 72 27 47 78 3 0 66 63 46 41 64 25 23 79 71 60 62 67 57 59 19 35 44 53 70 13 52 48 2 5 1 16 9 38 17 43 15 37 8 42 18 
18 42 8 37 15 43 17 38 9 16 1 5 2 48 52 13 70 53 44 35 19 59 57 67 62 60 71 79 23 25 64 41 46 63 66 0 3 78 47 27 72 49 74 54 58 24 73 50 36 4 14 69 75 76 77 65 39 33 34 20 12 10 7 68 51 55 61 56 31 11 6 26 40 45 28 32 29 30 22 21 
24 2 23 1 3 18 50 49 11 47 64 16 51 55 75 71 74 6 28 32 29 22 35 44 70 52 38 43 63 14 4 20 62 33 54 78 42 68 69 53 66 60 8 21 31 73 56 72 45 58 19 10 61 59 12 39 37 5 65 25 46 17 40 7 34 36 15 67 48 57 9 30 27 79 26 76 77 13 0 41 
41 0 13 77 76 26 79 27 30 9 57 48 67 15 36 34 7 40 17 46 25 65 5 37 39 12 59 61 10 19 58 45 72 56 73 31 21 8 60 66 53 69 68 42 78 54 33 62 20 4 14 63 43 38 52 70 44 35 22 29 32 28 6 74 71 75 55 51 16 64 47 11 49 50 18 3 1 23 2 24 
14 12 19 49 8 59 33 7 3 57 70 48 68 43 24 56 29 16 42 61 63 55 72 36 6 46 40 79 60 53 2 75 51 77 73 18 30 27 0 37 64 22 13 39 21 26 35 23 11 9 69 67 34 15 1 50 47 28 20 17 74 25 71 31 41 78 66 32 38 76 5 54 62 65 58 45 52 4 10 44 
44 10 4 52 45 58 65 62 54 5 76 38 32 66 78 41 31 71 25 74 17 20 28 47 50 1 15 34 67 69 9 11 23 35 26 21 39 13 22 64 37 0 27 30 18 73 77 51 75 2 53 60 79 40 46 6 36 72 55 63 61 42 16 29 56 24 43 68 48 70 57 3 7 33 59 8 49 19 12 14 
73 31 21 46 34 0 53 47 67 35 54 48 14 77 62 28 45 29 72 4 71 75 17 37 10 57 55 51 15 41 18 3 59 33 1 19 32 12 6 2 52 23 8 50 26 13 24 16 58 49 56 44 11 79 7 78 69 43 38 70 22 76 27 30 9 68 63 36 61 64 40 42 65 5 74 39 60 66 25 20 
20 25 66 60 39 74 5 65 42 40 64 61 36 63 68 9 30 27 76 22 70 38 43 69 78 7 79 11 44 56 49 58 16 24 13 26 50 8 23 52 2 6 12 32 19 1 33 59 3 18 41 15 51 55 57 10 37 17 75 71 4 72 29 45 28 62 77 14 48 54 35 67 47 53 0 34 46 21 31 73 
57 79 26 13 35 41 11 53 70 1 51 63 29 2 43 42 28 24 39 32 8 58 78 12 49 25 17 54 65 10 77 0 40 21 20 68 15 64 73 75 52 62 66 14 30 36 34 5 19 37 56 18 61 47 44 45 23 31 74 76 59 67 55 33 3 60 38 27 7 50 9 48 16 46 72 4 71 22 6 69 
69 6 22 71 4 72 46 16 48 9 50 7 27 38 60 3 33 55 67 59 76 74 31 23 45 44 47 61 18 56 37 19 5 34 36 30 14 66 62 52 75 73 64 15 68 20 21 40 0 77 10 65 54 17 25 49 12 78 58 8 32 39 24 28 42 43 2 29 63 51 1 70 53 11 41 35 13 26 79 57 
19 62 75 21 31 23 52 16 2 12 56 40 15 70 9 36 54 8 47 61 74 42 39 11 50 45 79 46 65 22 41 57 35 43 3 76 4 20 13 66 7 69 53 26 48 5 34 49 71 14 25 72 28 29 68 27 51 37 24 6 10 38 73 1 59 67 18 63 58 60 55 64 44 32 78 33 0 77 17 30 
30 17 77 0 33 78 32 44 64 55 60 58 63 18 67 59 1 73 38 10 6 24 37 51 27 68 29 28 72 25 14 71 49 34 5 48 26 53 69 7 66 13 20 4 76 3 43 35 57 41 22 65 46 79 45 50 11 39 42 74 61 47 8 54 36 9 70 15 40 56 12 2 16 52 23 31 21 75 62 19 
59 14 20 35 8 34 47 27 50 18 40 65 28 2 21 58 53 73 9 63 13 61 74 55 44 32 72 31 16 68 17 24 79 25 19 37 33 30 75 56 69 62 41 29 42 70 0 6 57 46 77 10 4 38 48 66 78 60 76 26 67 23 36 1 52 11 45 54 51 15 5 12 39 49 64 22 71 7 3 43 
43 3 7 71 22 64 49 39 12 5 15 51 54 45 11 52 1 36 23 67 26 76 60 78 66 48 38 4 10 77 46 57 6 0 70 42 29 41 62 69 56 75 30 33 37 19 25 79 24 17 68 16 31 72 32 44 55 74 61 13 63 9 73 53 58 21 2 28 65 40 18 50 27 47 34 8 35 20 14 59 
10 29 24 56 19 67 53 13 38 55 69 73 36 74 9 1 17 58 45 4 70 40 12 30 43 14 64 27 75 71 60 47 32 52 2 26 16 34 66 39 8 41 62 63 49 72 59 21 3 35 51 65 22 46 0 33 5 57 78 6 31 7 54 23 61 11 77 20 48 18 44 28 25 68 42 76 15 79 50 37 
37 50 79 15 76 42 68 25 28 44 18 48 20 77 11 61 23 54 7 31 6 78 57 5 33 0 46 22 65 51 35 3 21 59 72 49 63 62 41 8 39 66 34 16 26 2 52 32 47 60 71 75 27 64 14 43 30 12 40 70 4 45 58 17 1 9 74 36 73 69 55 38 13 53 67 19 56 24 29 10 
51 40 72 24 34 41 46 56 21 66 48 32 78 30 4 70 11 23 53 22 5 19 71 13 42 18 79 20 10 59 68 36 6 28 15 2 60 50 58 43 54 38 35 77 44 62 9 14 7 64 67 39 1 29 52 65 73 8 27 25 3 31 12 69 49 0 16 45 47 33 55 74 37 76 61 57 26 17 75 63 
63 75 17 26 57 61 76 37 74 55 33 47 45 16 0 49 69 12 31 3 25 27 8 73 65 52 29 1 39 67 64 7 14 9 62 44 77 35 38 54 43 58 50 60 2 15 28 6 36 68 59 10 20 79 18 42 13 71 19 5 22 53 23 11 70 4 30 78 32 48 66 21 56 46 41 34 24 72 40 51 
39 25 2 37 35 60 52 61 59 4 77 69 49 17 6 70 15 34 75 66 67 7 32 24 9 29 51 47 31 40 57 20 73 3 43 44 19 11 76 0 58 27 78 21 26 48 10 55 56 18 74 53 62 71 22 13 23 12 45 42 5 8 50 65 33 64 63 72 16 38 36 79 54 41 1 46 30 14 68 28 
28 68 14 30 46 1 41 54 79 36 38 16 72 63 64 33 65 50 8 5 42 45 12 23 13 22 71 62 53 74 18 56 55 10 48 26 21 78 27 58 0 76 11 19 44 43 3 73 20 57 40 31 47 51 29 9 24 32 7 67 66 75 34 15 70 6 17 49 69 77 4 59 61 52 60 35 37 2 25 39 
11 49 58 9 26 22 64 74 2 62 72 36 73 66 14 67 18 0 20 70 25 56 10 3 59 79 37 45 38 24 46 15 63 40 33 28 41 52 51 61 77 16 1 76 21 31 69 35 30 53 8 71 4 34 68 50 7 12 43 48 75 47 42 44 54 13 17 27 55 39 65 23 78 60 57 32 5 29 19 6 
6 19 29 5 32 57 60 78 23 65 39 55 27 17 13 54 44 42 47 75 48 43 12 7 50 68 34 4 71 8 53 30 35 69 31 21 76 1 16 77 61 51 52 41 28 33 40 63 15 46 24 38 45 37 79 59 3 10 56 25 70 20 0 18 67 14 66 73 36 72 62 2 74 64 22 26 9 58 49 11 
21 3 66 69 71 43 37 58 33 41 75 10 47 36 40 31 5 7 2 38 48 65 55 20 26 19 18 35 29 79 46 67 63 78 30 49 76 9 72 28 25 54 56 16 57 39 17 53 11 32 12 59 24 23 52 14 42 60 50 13 61 22 8 74 73 68 77 0 44 1 64 34 45 6 4 62 70 27 15 51 
51 15 27 70 62 4 6 45 34 64 1 44 0 77 68 73 74 8 22 61 13 50 60 42 14 52 23 24 59 12 32 11 53 17 39 57 16 56 54 25 28 72 9 76 49 30 78 63 67 46 79 29 35 18 19 26 20 55 65 48 38 2 7 5 31 40 36 47 10 75 41 33 58 37 43 71 69 66 3 21 
79 56 31 10 48 16 67 43 47 63 32 41 61 60 54 72 73 22 44 40 8 6 49 1 70 15 25 65 37 74 4 62 27 33 11 2 28 26 19 14 66 77 9 17 64 23 34 57 55 39 68 50 51 21 69 3 29 5 24 45 13 75 36 42 52 58 30 46 0 71 76 7 78 18 53 38 12 35 59 20 
20 59 35 12 38 53 18 78 7 76 71 0 46 30 58 52 42 36 75 13 45 24 5 29 3 69 21 51 50 68 39 55 57 34 23 64 17 9 77 66 14 19 26 28 2 11 33 27 62 4 74 37 65 25 15 70 1 49 6 8 40 44 22 73 72 54 60 61 41 32 63 47 43 67 16 48 10 31 56 79 
76 18 26 50 70 5 4 40 60 72 39 62 29 45 58 51 63 7 53 16 11 35 68 37 3 73 47 17 13 48 78 20 1 36 31 64 54 49 79 19 34 69 59 15 21 41 74 43 6 14 12 30 2 46 32 44 22 66 57 27 71 56 42 0 10 67 75 8 25 28 61 77 9 33 52 65 24 38 23 55 
55 23 38 24 65 52 33 9 77 61 28 25 8 75 67 10 0 42 56 71 27 57 66 22 44 32 46 2 30 12 14 6 43 74 41 21 15 59 69 34 19 79 49 54 64 31 36 1 20 78 48 13 17 47 73 3 37 68 35 11 16 53 7 63 51 58 45 29 62 39 72 60 40 4 5 70 50 26 18 76 
52 49 37 43 8 30 53 34 31 55 78 14 74 11 64 48 39 79 40 29 33 0 23 19 76 41 50 66 1 45 61 6 58 15 35 10 60 47 71 24 20 77 38 5 63 75 22 26 25 59 57 2 12 51 72 18 56 36 4 65 69 27 42 62 17 73 9 28 70 7 21 46 3 16 67 13 32 44 68 54 
54 68 44 32 13 67 16 3 46 21 7 70 28 9 73 17 62 42 27 69 65 4 36 56 18 72 51 12 2 57 59 25 26 22 75 63 5 38 77 20 24 71 47 60 10 35 15 58 6 61 45 1 66 50 41 76 19 23 0 33 29 40 79 39 48 64 11 74 14 78 55 31 34 53 30 8 43 37 49 52 
50 17 73 59 42 41 19 26 3 0 61 38 79 14 62 22 58 39 11 71 34 8 44 30 68 4 2 65 51 24 35 1 40 31 7 67 56 75 5 49 46 32 52 60 74 70 55 76 21 64 37 28 23 12 66 18 48 29 43 54 16 33 13 10 47 15 63 53 9 36 45 25 77 6 72 20 78 57 69 27 
27 69 57 78 20 72 6 77 25 45 36 9 53 63 15 47 10 13 33 16 54 43 29 48 18 66 12 23 28 37 64 21 76 55 70 74 60 52 32 46 49 5 75 56 67 7 31 40 1 35 24 51 65 2 4 68 30 44 8 34 71 11 39 58 22 62 14 79 38 61 0 3 26 19 41 42 59 73 17 50 
33 68 35 11 47 74 4 15 5 19 6 56 28 48 25 1 58 53 12 79 69 0 39 20 70 55 62 21 27 26 7 32 67 43 38 37 36 3 50 60 54 52 71 57 9 77 73 14 72 8 78 41 30 18 63 23 59 17 40 61 49 75 10 22 46 29 76 45 16 51 44 65 34 13 42 2 24 66 31 64 
64 31 66 24 2 42 13 34 65 44 51 16 45 76 29 46 22 10 75 49 61 40 17 59 23 63 18 30 41 78 8 72 14 73 77 9 57 71 52 54 60 50 3 36 37 38 43 67 32 7 26 27 21 62 55 70 20 39 0 69 79 12 53 58 1 25 48 28 56 6 19 5 15 4 74 47 11 35 68 33 
23 37 36 32 76 21 24 72 1 15 56 63 35 40 57 14 22 52 7 45 44 79 67 75 58 29 5 0 47 68 42 59 9 78 4 54 33 53 49 6 17 64 61 66 38 46 26 3 27 34 8 11 74 65 19 13 30 10 69 50 55 18 31 51 16 70 28 43 73 41 25 71 39 48 62 2 20 77 12 60 
60 12 77 20 2 62 48 39 71 25 41 73 43 28 70 16 51 31 18 55 50 69 10 30 13 19 65 74 11 8 34 27 3 26 46 38 66 61 64 17 6 49 53 33 54 4 78 9 59 42 68 47 0 5 29 58 75 67 79 44 45 7 52 22 14 57 40 35 63 56 15 1 72 24 21 76 32 36 37 23 
46 74 9 75 65 14 10 77 11 7 1 53 78 34 52 59 22 43 25 26 42 73 55 5 15 63 16 68 50 41 6 40 20 17 44 48 64 70 71 45 37 19 33 32 12 76 31 79 2 39 23 67 62 24 36 13 47 18 0 60 35 21 3 29 56 61 4 30 58 49 27 38 54 28 51 8 69 72 57 66 
66 57 72 69 8 51 28 54 38 27 49 58 30 4 61 56 29 3 21 35 60 0 18 47 13 36 24 62 67 23 39 2 79 31 76 12 32 33 19 37 45 71 70 64 48 44 17 20 40 6 41 50 68 16 63 15 5 55 73 42 26 25 43 22 59 52 34 78 53 1 7 11 77 10 14 65 75 9 74 46 
40 18 36 71 48 34 62 12 14 9 6 49 23 69 44 45 51 79 17 2 58 60 5 22 28 42 55 47 76 10 46 35 25 68 73 33 43 1 27 57 52 30 72 11 59 21 31 24 74 65 41 77 75 7 26 8 4 37 20 53 16 78 15 70 29 19 54 3 39 64 56 38 66 50 63 61 0 32 13 67 
67 13 32 0 61 63 50 66 38 56 64 39 3 54 19 29 70 15 78 16 53 20 37 4 8 26 7 75 77 41 65 74 24 31 21 59 11 72 30 52 57 27 1 43 33 73 68 25 35 46 10 76 47 55 42 28 22 5 60 58 2 17 79 51 45 44 69 23 49 6 9 14 12 62 34 48 71 36 18 40 
41 5 43 59 75 45 46 64 3 56 28 9 6 4 67 68 55 24 78 35 8 26 36 37 62 71 44 39 20 11 61 57 18 27 31 54 40 15 58 77 14 32 53 69 60 0 38 13 2 25 76 49 51 70 42 10 48 72 34 16 23 50 74 21 66 63 65 17 47 19 1 12 7 73 52 79 22 30 33 29 
29 33 30 22 79 52 73 7 12 1 19 47 17 65 63 66 21 74 50 23 16 34 72 48 10 42 70 51 49 76 25 2 13 38 0 60 69 53 32 14 77 58 15 40 54 31 27 18 57 61 11 20 39 44 71 62 37 36 26 8 35 78 24 55 68 67 4 6 9 28 56 3 64 46 45 75 59 43 5 41 
77 40 42 74 60 35 8 54 24 70 10 31 64 69 7 63 36 5 0 25 4 41 16 58 28 51 57 75 48 14 67 79 9 3 52 32 23 68 19 34 22 18 45 39 6 38 65 73 29 61 12 71 72 13 46 62 37 11 17 33 49 1 27 66 56 78 20 59 21 47 53 2 43 30 55 76 50 15 44 26 
26 44 15 50 76 55 30 43 2 53 47 21 59 20 78 56 66 27 1 49 33 17 11 37 62 46 13 72 71 12 61 29 73 65 38 6 39 45 18 22 34 19 68 23 32 52 3 9 79 67 14 48 75 57 51 28 58 16 41 4 25 0 5 36 63 7 69 64 31 10 70 24 54 8 35 60 74 42 40 77 
34 65 37 70 58 39 6 49 57 28 52 71 48 21 8 63 42 56 72 20 1 17 11 3 45 50 46 67 76 12 2 33 30 44 40 73 64 53 36 77 62 10 16 59 66 74 5 35 29 24 9 23 32 13 55 25 69 15 41 61 43 0 14 54 22 7 18 4 79 19 75 60 26 31 47 51 38 78 27 68 
68 27 78 38 51 47 31 26 60 75 19 79 4 18 7 22 54 14 0 43 61 41 15 69 25 55 13 32 23 9 24 29 35 5 74 66 59 16 10 62 77 36 53 64 73 40 44 30 33 2 12 76 67 46 50 45 3 11 17 1 20 72 56 42 63 8 21 48 71 52 28 57 49 6 39 58 70 37 65 34 
61 59 41 52 23 62 33 13 20 14 60 1 68 73 29 49 76 64 31 9 48 71 4 56 42 21 32 27 5 8 2 77 75 63 34 58 43 15 3 79 38 26 47 55 67 6 12 66 54 28 65 40 74 18 50 37 35 7 70 0 24 39 46 44 69 30 78 19 57 22 72 36 25 45 16 53 51 10 17 11 
11 17 10 51 53 16 45 25 36 72 22 57 19 78 30 69 44 46 39 24 0 70 7 35 37 50 18 74 40 65 28 54 66 12 6 67 55 47 26 38 79 3 15 43 58 34 63 75 77 2 8 5 27 32 21 42 56 4 71 48 9 31 64 76 49 29 73 68 1 60 14 20 13 33 62 23 52 41 59 61 
12 15 67 49 18 22 27 71 65 75 24 13 62 28 35 47 7 16 10 77 39 79 60 20 56 29 21 78 14 57 38 68 40 59 70 37 34 5 33 51 8 41 44 74 63 11 17 52 64 69 2 36 76 53 48 0 43 45 6 50 61 31 19 23 58 46 9 32 26 72 54 25 30 3 73 4 55 1 66 42 
42 66 1 55 4 73 3 30 25 54 72 26 32 9 46 58 23 19 31 61 50 6 45 43 0 48 53 76 36 2 69 64 52 17 11 63 74 44 41 8 51 33 5 34 37 70 59 40 68 38 57 14 78 21 29 56 20 60 79 39 77 10 16 7 47 35 28 62 13 24 75 65 71 27 22 18 49 67 15 12 
34 29 38 20 0 7 28 63 6 59 74 44 54 39 43 72 47 2 57 36 1 31 30 71 9 70 68 41 14 60 67 56 45 27 11 66 23 69 42 17 50 24 15 53 75 55 4 48 22 65 3 37 26 35 78 52 13 49 79 77 16 40 62 10 73 12 25 51 61 33 5 32 46 64 19 8 76 58 18 21 
21 18 58 76 8 19 64 46 32 5 33 61 51 25 12 73 10 62 40 16 77 79 49 13 52 78 35 26 37 3 65 22 48 4 55 75 53 15 24 50 17 42 69 23 66 11 27 45 56 67 60 14 41 68 70 9 71 30 31 1 36 57 2 47 72 43 39 54 44 74 59 6 63 28 7 0 20 38 29 34 
44 69 57 24 15 63 10 35 14 26 71 65 3 23 31 73 78 2 19 68 77 72 12 4 74 21 60 38 46 29 20 22 34 1 37 5 28 61 58 16 56 64 49 42 43 41 30 13 9 76 75 51 0 55 25 39 59 70 27 40 54 11 47 36 18 33 62 79 7 52 66 48 45 8 32 6 50 17 67 53 
53 67 17 50 6 32 8 45 48 66 52 7 79 62 33 18 36 47 11 54 40 27 70 59 39 25 55 0 51 75 76 9 13 30 41 43 42 49 64 56 16 58 61 28 5 37 1 34 22 20 29 46 38 60 21 74 4 12 72 77 68 19 2 78 73 31 23 3 65 71 26 14 35 10 63 15 24 57 69 44 
14 75 37 70 74 77 13 46 23 30 26 18 4 47 78 2 56 0 7 8 49 68 45 51 67 58 69 33 44 54 71 1 19 21 39 5 43 20 64 72 24 65 52 15 40 17 28 9 66 63 12 50 42 32 79 48 27 61 60 10 59 41 35 73 38 3 53 34 6 62 76 11 25 16 29 57 31 36 22 55 
55 22 36 31 57 29 16 25 11 76 62 6 34 53 3 38 73 35 41 59 10 60 61 27 48 79 32 42 50 12 63 66 9 28 17 40 15 52 65 24 72 64 20 43 5 39 21 19 1 71 54 44 33 69 58 67 51 45 68 49 8 7 0 56 2 78 47 4 18 26 30 23 46 13 77 74 70 37 75 14 
2 71 40 24 25 4 27 54 68 39 0 18 78 3 63 10 32 1 48 47 46 76 79 36 62 74 8 66 34 52 53 26 17 6 22 20 19 31 55 72 42 77 57 38 35 43 58 67 33 61 13 75 29 7 15 14 16 70 50 30 44 21 45 12 11 60 69 64 73 37 51 65 59 49 41 9 5 23 28 56 
56 28 23 5 9 41 49 59 65 51 37 73 64 69 60 11 12 45 21 44 30 50 70 16 14 15 7 29 75 13 61 33 67 58 43 35 38 57 77 42 72 55 31 19 20 22 6 17 26 53 52 34 66 8 74 62 36 79 76 46 47 48 1 32 10 63 3 78 18 0 39 68 54 27 4 25 24 40 71 2 
64 20 67 19 48 58 30 22 17 78 11 9 77 3 49 63 70 61 21 68 54 47 24 75 38 76 29 25 27 4 53 40 71 23 73 5 2 14 44 50 46 57 8 15 6 28 31 66 10 7 42 62 39 18 59 37 74 41 13 51 56 1 69 26 36 16 60 34 45 32 55 79 65 35 43 72 52 33 0 12 
12 0 33 52 72 43 35 65 79 55 32 45 34 60 16 36 26 69 1 56 51 13 41 74 37 59 18 39 62 42 7 10 66 31 28 6 15 8 57 46 50 44 14 2 5 73 23 71 40 53 4 27 25 29 76 38 75 24 47 54 68 21 61 70 63 49 3 77 9 11 78 17 22 30 58 48 19 67 20 64 
79 19 44 52 39 38 45 27 53 48 73 5 31 24 8 72 49 59 32 14 26 76 70 9 17 10 28 18 56 66 64 36 0 11 47 35 7 68 77 23 63 2 65 71 61 69 16 58 55 15 41 46 4 78 12 57 67 25 51 37 62 30 22 13 34 3 29 50 6 21 74 54 33 43 60 20 1 40 42 75 
75 42 40 1 20 60 43 33 54 74 21 6 50 29 3 34 13 22 30 62 37 51 25 67 57 12 78 4 46 41 15 55 58 16 69 61 71 65 2 63 23 77 68 7 35 47 11 0 36 64 66 56 18 28 10 17 9 70 76 26 14 32 59 49 72 8 24 31 5 73 48 53 27 45 38 39 52 44 19 79 
2 55 5 77 31 47 30 3 58 42 37 62 12 59 76 22 14 44 26 36 13 54 63 69 56 28 34 52 27 19 46 60 24 11 43 29 48 67 39 51 65 79 64 74 32 38 40 20 57 4 53 7 17 41 18 1 61 73 23 6 21 49 72 25 75 9 45 33 50 35 78 70 0 8 15 71 10 66 68 16 
16 68 66 10 71 15 8 0 70 78 35 50 33 45 9 75 25 72 49 21 6 23 73 61 1 18 41 17 7 53 4 57 20 40 38 32 74 64 79 65 51 39 67 48 29 43 11 24 60 46 19 27 52 34 28 56 69 63 54 13 36 26 44 14 22 76 59 12 62 37 42 58 3 30 47 31 77 5 55 2 
53 67 4 46 63 51 11 31 21 60 26 65 44 36 17 9 79 71 29 20 23 59 52 40 16 75 72 28 43 0 76 32 19 77 49 25 8 13 69 3 5 34 22 33 70 56 1 50 55 57 64 68 35 10 2 48 30 12 45 66 27 18 78 62 47 73 37 7 42 41 58 61 74 54 6 39 38 24 14 15 
15 14 24 38 39 6 54 74 61 58 41 42 7 37 73 47 62 78 18 27 66 45 12 30 48 2 10 35 68 64 57 55 50 1 56 70 33 22 34 5 3 69 13 8 25 49 77 19 32 76 0 43 28 72 75 16 40 52 59 23 20 29 71 79 9 17 36 44 65 26 60 21 31 11 51 63 46 4 67 53 
69 64 1 35 5 72 27 11 25 8 21 10 43 44 63 42 55 47 77 79 18 70 73 71 67 12 68 76 45 6 30 39 20 4 75 65 59 49 22 0 31 66 19 60 2 52 54 14 53 9 50 51 29 24 15 46 32 37 58 62 16 3 40 78 28 26 33 74 13 36 34 38 48 23 56 17 61 7 57 41 
41 57 7 61 17 56 23 48 38 34 36 13 74 33 26 28 78 40 3 16 62 58 37 32 46 15 24 29 51 50 9 53 14 54 52 2 60 19 66 31 0 22 49 59 65 75 4 20 39 30 6 45 76 68 12 67 71 73 70 18 79 77 47 55 42 63 44 43 10 21 8 25 11 27 72 5 35 1 64 69 
73 16 57 67 53 5 1 56 68 2 39 34 7 52 58 65 18 41 24 25 71 61 29 26 33 36 30 43 4 44 77 35 21 64 72 74 22 20 17 55 47 42 14 3 23 8 78 69 79 54 62 51 37 45 48 32 27 31 11 15 12 59 10 66 70 63 38 19 75 40 0 6 60 13 76 46 28 9 50 49 
49 50 9 28 46 76 13 60 6 0 40 75 19 38 63 70 66 10 59 12 15 11 31 27 32 48 45 37 51 62 54 79 69 78 8 23 3 14 42 47 55 17 20 22 74 72 64 21 35 77 44 4 43 30 36 33 26 29 61 71 25 24 41 18 65 58 52 7 34 39 2 68 56 1 5 53 67 57 16 73 
43 12 57 22 37 77 9 32 58 23 31 4 71 70 65 27 19 40 6 35 33 66 63 18 30 14 76 39 67 26 16 28 73 25 42 11 48 75 34 41 13 52 44 38 72 3 24 53 5 0 62 61 56 68 47 36 10 51 78 1 50 46 49 60 69 15 59 8 7 2 64 21 79 45 17 20 54 55 29 74 
74 29 55 54 20 17 45 79 21 64 2 7 8 59 15 69 60 49 46 50 1 78 51 10 36 47 68 56 61 62 0 5 53 24 3 72 38 44 52 13 41 34 75 48 11 42 25 73 28 16 26 67 39 76 14 30 18 63 66 33 35 6 40 19 27 65 70 71 4 31 23 58 32 9 77 37 22 57 12 43 
64 13 52 20 41 16 47 39 44 32 6 23 68 59 10 58 79 30 77 34 24 62 21 50 26 19 36 46 55 49 25 1 57 69 56 75 5 14 61 72 17 43 40 15 7 22 28 12 54 2 38 53 0 60 35 9 37 71 70 78 4 33 63 73 31 74 8 42 67 27 18 65 45 3 66 48 11 51 29 76 
76 29 51 11 48 66 3 45 65 18 27 67 42 8 74 31 73 63 33 4 78 70 71 37 9 35 60 0 53 38 2 54 12 28 22 7 15 40 43 17 72 61 14 5 75 56 69 57 1 25 49 55 46 36 19 26 50 21 62 24 34 77 30 79 58 10 59 68 23 6 32 44 39 47 16 41 20 52 13 64 
26 14 3 25 32 53 38 56 21 35 75 44 51 62 6 70 22 65 9 48 49 34 69 30 8 39 15 74 41 16 76 45 55 60 2 78 67 27 17 20 28 54 7 61 1 31 63 12 18 29 42 23 58 64 46 52 10 59 57 37 79 13 11 71 68 33 73 43 47 50 36 77 40 66 19 4 24 0 5 72 
72 5 0 24 4 19 66 40 77 36 50 47 43 73 33 68 71 11 13 79 37 57 59 10 52 46 64 58 23 42 29 18 12 63 31 1 61 7 54 28 20 17 27 67 78 2 60 55 45 76 16 41 74 15 39 8 30 69 34 49 48 9 65 22 70 6 62 51 44 75 35 21 56 38 53 32 25 3 14 26 
61 2 50 78 63 22 31 36 65 58 53 30 57 51 5 70 74 18 15 46 1 48 32 6 77 79 45 75 38 13 47 73 9 20 27 21 43 64 35 39 0 23 59 34 33 69 11 4 54 12 16 10 26 76 8 72 60 37 24 67 71 52 14 41 56 19 66 17 40 68 29 7 55 42 25 3 44 62 49 28 
28 49 62 44 3 25 42 55 7 29 68 40 17 66 19 56 41 14 52 71 67 24 37 60 72 8 76 26 10 16 12 54 4 11 69 33 34 59 23 0 39 35 64 43 21 27 20 9 73 47 13 38 75 45 79 77 6 32 48 1 46 15 18 74 70 5 51 57 30 53 58 65 36 31 22 63 78 50 2 61 
35 23 63 27 11 66 62 6 69 26 30 64 37 42 5 74 40 61 71 17 32 13 21 49 39 33 53 54 77 19 7 14 48 65 73 15 29 67 3 36 10 8 16 2 51 25 44 47 59 56 58 46 50 12 78 38 31 70 72 1 68 75 57 41 18 22 9 4 52 55 79 20 34 45 28 60 0 24 43 76 
76 43 24 0 60 28 45 34 20 79 55 52 4 9 22 18 41 57 75 68 1 72 70 31 38 78 12 50 46 58 56 59 47 44 25 51 2 16 8 10 36 3 67 29 15 73 65 48 14 7 19 77 54 53 33 39 49 21 13 32 17 71 61 40 74 5 42 37 64 30 26 69 6 62 66 11 27 63 23 35 
61 46 25 1 7 69 14 27 16 78 28 70 39 34 13 57 45 73 19 76 22 4 21 23 55 47 42 60 64 58 66 51 71 26 24 36 67 43 53 0 41 49 50 68 31 65 20 6 40 44 62 15 72 38 5 35 77 3 30 18 63 33 52 75 56 11 37 74 29 32 48 9 79 2 12 8 54 17 59 10 
10 59 17 54 8 12 2 79 9 48 32 29 74 37 11 56 75 52 33 63 18 30 3 77 35 5 38 72 15 62 44 40 6 20 65 31 68 50 49 41 0 53 43 67 36 24 26 71 51 66 58 64 60 42 47 55 23 21 4 22 76 19 73 45 57 13 34 39 70 28 78 16 27 14 69 7 1 25 46 61 
71 18 70 54 31 40 77 44 12 19 1 69 37 41 29 60 66 22 0 53 46 9 68 34 21 20 56 57 13 79 24 45 26 25 61 52 11 6 64 50 14 30 28 5 32 63 73 15 3 75 39 10 35 48 7 67 23 27 17 49 33 74 42 55 76 72 43 58 38 16 4 8 2 78 47 36 59 62 51 65 
65 51 62 59 36 47 78 2 8 4 16 38 58 43 72 76 55 42 74 33 49 17 27 23 67 7 48 35 10 39 75 3 15 73 63 32 5 28 30 14 50 64 6 11 52 61 25 26 45 24 79 13 57 56 20 21 34 68 9 46 53 0 22 66 60 29 41 37 69 1 19 12 44 77 40 31 54 70 18 71 
7 56 53 61 10 0 69 76 77 73 49 30 23 6 28 9 78 16 20 4 5 62 52 57 54 79 60 24 11 74 37 43 2 14 27 3 1 66 70 65 44 51 36 35 40 48 31 59 18 22 29 41 68 47 58 46 13 17 19 8 25 75 55 63 21 64 12 38 71 33 39 15 72 32 42 34 45 67 26 50 
50 26 67 45 34 42 32 72 15 39 33 71 38 12 64 21 63 55 75 25 8 19 17 13 46 58 47 68 41 29 22 18 59 31 48 40 35 36 51 44 65 70 66 1 3 27 14 2 43 37 74 11 24 60 79 54 57 52 62 5 4 20 16 78 9 28 6 23 30 49 73 77 76 69 0 10 61 53 56 7 
48 39 13 51 33 14 57 9 62 38 21 61 19 72 5 58 50 54 75 1 63 7 24 44 40 55 71 11 2 67 23 69 0 30 59 25 29 8 22 27 10 28 52 70 65 26 43 18 53 77 56 16 76 78 34 6 45 49 31 42 4 17 41 64 12 32 66 60 36 68 74 3 37 46 15 35 47 73 20 79 
79 20 73 47 35 15 46 37 3 74 68 36 60 66 32 12 64 41 17 4 42 31 49 45 6 34 78 76 16 56 77 53 18 43 26 65 70 52 28 10 27 22 8 29 25 59 30 0 69 23 67 2 11 71 55 40 44 24 7 63 1 75 54 50 58 5 72 19 61 21 38 62 9 57 14 33 51 13 39 48 
16 47 24 14 17 5 67 15 30 69 31 3 59 79 57 51 66 55 68 20 52 63 37 4 73 33 39 13 40 76 71 50 70 25 45 11 32 6 12 60 2 10 28 61 46 49 36 38 35 9 74 42 54 26 53 62 0 65 7 21 1 48 34 64 18 19 75 56 41 44 8 78 72 43 22 58 77 29 23 27 
27 23 29 77 58 22 43 72 78 8 44 41 56 75 19 18 64 34 48 1 21 7 65 0 62 53 26 54 42 74 9 35 38 36 49 46 61 28 10 2 60 12 6 32 11 45 25 70 50 71 76 40 13 39 33 73 4 37 63 52 20 68 55 66 51 57 79 59 3 31 69 30 15 67 5 17 14 24 47 16 
68 2 64 70 37 55 41 54 17 28 35 43 14 15 76 71 36 73 29 61 21 30 48 0 65 57 66 63 7 44 6 13 62 25 45 58 24 9 16 12 51 32 74 8 19 23 27 31 67 20 72 77 78 59 11 79 1 50 47 3 34 22 53 56 69 46 60 52 5 4 39 42 38 18 10 26 33 49 75 40 
40 75 49 33 26 10 18 38 42 39 4 5 52 60 46 69 56 53 22 34 3 47 50 1 79 11 59 78 77 72 20 67 31 27 23 19 8 74 32 51 12 16 9 24 58 45 25 62 13 6 44 7 63 66 57 65 0 48 30 21 61 29 73 36 71 76 15 14 43 35 28 17 54 41 55 37 70 64 2 68 
59 13 6 25 65 35 20 51 56 0 76 31 50 14 52 69 22 48 24 36 12 46 33 42 70 17 71 78 61 26 54 37 77 38 73 64 18 44 53 43 79 40 49 57 23 16 39 29 72 8 63 5 45 68 47 27 75 74 10 4 2 3 34 28 32 15 19 1 62 55 9 41 67 30 60 11 21 66 58 7 
7 58 66 21 11 60 30 67 41 9 55 62 1 19 15 32 28 34 3 2 4 10 74 75 27 47 68 45 5 63 8 72 29 39 16 23 57 49 40 79 43 53 44 18 64 73 38 77 37 54 26 61 78 71 17 70 42 33 46 12 36 24 48 22 69 52 14 50 31 76 0 56 51 20 35 65 25 6 13 59 
63 22 4 8 24 12 73 6 1 59 21 45 41 69 53 40 62 46 18 74 23 67 39 66 43 77 38 79 14 30 76 25 15 56 17 44 33 57 50 65 51 37 0 7 20 5 55 78 42 9 3 54 28 13 52 72 47 19 60 68 31 64 2 35 11 61 36 32 58 71 16 27 75 26 49 70 10 34 29 48 
48 29 34 10 70 49 26 75 27 16 71 58 32 36 61 11 35 2 64 31 68 60 19 47 72 52 13 28 54 3 9 42 78 55 5 20 7 0 37 51 65 50 57 33 44 17 56 15 25 76 30 14 79 38 77 43 66 39 67 23 74 18 46 62 40 53 69 41 45 21 59 1 6 73 12 24 8 4 22 63 
52 50 57 79 21 43 27 7 77 45 38 65 3 17 6 4 49 64 62 75 70 76 19 28 18 60 74 24 35 16 30 71 15 56 51 66 61 5 53 63 41 58 40 33 39 59 23 10 1 13 67 31 54 72 12 34 14 29 22 9 26 42 2 78 55 0 20 47 68 25 37 48 32 69 8 73 44 46 36 11 
11 36 46 44 73 8 69 32 48 37 25 68 47 20 0 55 78 2 42 26 9 22 29 14 34 12 72 54 31 67 13 1 10 23 59 39 33 40 58 41 63 53 5 61 66 51 56 15 71 30 16 35 24 74 60 18 28 19 76 70 75 62 64 49 4 6 17 3 65 38 45 77 7 27 43 21 79 57 50 52 
38 77 65 79 19 67 45 43 10 50 23 29 14 13 31 68 62 1 46 30 69 15 58 25 75 8 11 28 60 37 32 36 39 3 73 6 7 51 21 48 22 59 66 64 24 35 2 33 18 9 76 78 55 44 61 26 4 16 52 34 72 20 70 63 47 12 54 0 49 42 41 57 27 74 53 17 56 5 40 71 
71 40 5 56 17 53 74 27 57 41 42 49 0 54 12 47 63 70 20 72 34 52 16 4 26 61 44 55 78 76 9 18 33 2 35 24 64 66 59 22 48 21 51 7 6 73 3 39 36 32 37 60 28 11 8 75 25 58 15 69 30 46 1 62 68 31 13 14 29 23 50 10 43 45 67 19 79 65 77 38 
23 7 13 27 22 55 54 25 70 18 52 15 79 58 3 2 53 40 45 14 20 32 37 69 21 16 72 41 65 50 8 0 34 49 75 19 63 62 24 73 5 36 67 66 59 17 43 48 33 68 57 26 11 12 78 4 77 29 39 71 46 61 38 74 9 56 64 44 10 35 6 1 31 76 51 28 47 60 42 30 
30 42 60 47 28 51 76 31 1 6 35 10 44 64 56 9 74 38 61 46 71 39 29 77 4 78 12 11 26 57 68 33 48 43 17 59 66 67 36 5 73 24 62 63 19 75 49 34 0 8 50 65 41 72 16 21 69 37 32 20 14 45 40 53 2 3 58 79 15 52 18 70 25 54 55 22 27 13 7 23 
67 63 0 78 34 35 43 2 19 73 24 70 11 33 9 51 62 76 20 16 77 38 15 58 13 45 48 56 54 26 6 25 47 42 69 41 71 32 29 52 21 17 46 7 60 23 59 14 22 50 30 10 74 72 5 57 55 61 3 27 4 40 79 65 8 75 37 49 18 1 53 31 36 28 44 12 66 64 68 39 
39 68 64 66 12 44 28 36 31 53 1 18 49 37 75 8 65 79 40 4 27 3 61 55 57 5 72 74 10 30 50 22 14 59 23 60 7 46 17 21 52 29 32 71 41 69 42 47 25 6 26 54 56 48 45 13 58 15 38 77 16 20 76 62 51 9 33 11 70 24 73 19 2 43 35 34 78 0 63 67 
9 33 37 39 16 69 62 22 0 65 45 17 47 73 56 75 55 70 2 66 77 32 21 64 4 68 79 38 18 44 5 29 35 3 13 50 52 48 1 40 57 51 42 10 63 12 67 11 7 27 14 23 58 53 24 31 34 78 43 28 20 30 72 49 6 71 74 41 26 19 25 59 61 76 54 36 8 15 46 60 
60 46 15 8 36 54 76 61 59 25 19 26 41 74 71 6 49 72 30 20 28 43 78 34 31 24 53 58 23 14 27 7 11 67 12 63 10 42 51 57 40 1 48 52 50 13 3 35 29 5 44 18 38 79 68 4 64 21 32 77 66 2 70 55 75 56 73 47 17 45 65 0 22 62 69 16 39 37 33 9 
50 24 48 23 44 12 6 32 26 8 57 71 3 14 58 74 59 36 43 25 39 62 0 4 51 65 13 53 47 73 18 60 29 77 19 76 9 28 15 64 16 21 78 66 40 7 69 10 54 1 67 63 20 37 45 61 34 70 33 79 2 38 75 46 27 68 41 49 56 35 42 22 55 5 31 52 17 11 72 30 
30 72 11 17 52 31 5 55 22 42 35 56 49 41 68 27 46 75 38 2 79 33 70 34 61 45 37 20 63 67 1 54 10 69 7 40 66 78 21 16 64 15 28 9 76 19 77 29 60 18 73 47 53 13 65 51 4 0 62 39 25 43 36 59 74 58 14 3 71 57 8 26 32 6 12 44 23 48 24 50 
74 29 53 10 76 39 2 23 4 61 36 21 18 25 68 13 65 71 5 6 38 72 37 46 47 40 44 67 35 30 79 41 8 9 73 19 7 51 70 34 42 33 3 55 52 22 63 24 26 62 43 0 64 16 31 69 60 14 56 50 1 59 58 27 17 11 77 15 48 28 57 12 45 78 66 32 49 75 54 20 
20 54 75 49 32 66 78 45 12 57 28 48 15 77 11 17 27 58 59 1 50 56 14 60 69 31 16 64 0 43 62 26 24 63 22 52 55 3 33 42 34 70 51 7 19 73 9 8 41 79 30 35 67 44 40 47 46 37 72 38 6 5 71 65 13 68 25 18 21 36 61 4 23 2 39 76 10 53 29 74 
59 16 9 34 37 61 51 20 65 26 12 70 23 5 3 78 67 79 54 18 56 17 10 13 55 68 74 25 11 19 57 71 8 14 66 47 43 60 35 48 45 76 36 39 22 24 21 30 32 72 2 50 41 77 15 42 6 58 53 49 33 0 38 31 75 1 62 44 69 64 28 73 4 40 46 27 29 7 52 63 
63 52 7 29 27 46 40 4 73 28 64 69 44 62 1 75 31 38 0 33 49 53 58 6 42 15 77 41 50 2 72 32 30 21 24 22 39 36 76 45 48 35 60 43 47 66 14 8 71 57 19 11 25 74 68 55 13 10 17 56 18 54 79 67 78 3 5 23 70 12 26 65 20 51 61 37 34 9 16 59 
57 42 8 58 15 66 59 22 77 79 51 13 74 55 72 6 73 43 5 38 44 16 11 78 29 4 36 68 70 0 21 32 27 52 75 39 41 17 69 37 56 31 47 60 20 61 46 63 1 62 71 48 7 10 24 12 53 34 49 23 26 40 65 9 18 30 35 14 45 76 33 54 50 64 3 67 2 25 28 19 
19 28 25 2 67 3 64 50 54 33 76 45 14 35 30 18 9 65 40 26 23 49 34 53 12 24 10 7 48 71 62 1 63 46 61 20 60 47 31 56 37 69 17 41 39 75 52 27 32 21 0 70 68 36 4 29 78 11 16 44 38 5 43 73 6 72 55 74 13 51 79 77 22 59 66 15 58 8 42 57 
71 15 18 56 5 62 32 43 50 30 61 37 4 10 51 49 7 26 20 72 70 42 24 25 16 14 63 38 47 13 12 75 67 34 31 8 66 53 27 23 22 2 29 6 0 46 55 36 76 57 64 54 79 28 59 69 48 33 39 9 78 73 19 65 52 45 77 1 40 3 58 74 11 68 17 35 21 60 44 41 
41 44 60 21 35 17 68 11 74 58 3 40 1 77 45 52 65 19 73 78 9 39 33 48 69 59 28 79 54 64 57 76 36 55 46 0 6 29 2 22 23 27 53 66 8 31 34 67 75 12 13 47 38 63 14 16 25 24 42 70 72 20 26 7 49 51 10 4 37 61 30 50 43 32 62 5 56 18 15 71 
66 47 63 32 56 9 1 73 24 78 65 19 36 51 25 52 18 34 30 29 76 17 43 54 38 22 13 49 35 67 3 8 68 40 28 15 77 72 20 50 6 4 48 55 59 37 23 21 46 45 74 12 5 27 11 14 71 16 64 31 70 42 39 61 79 44 7 10 0 58 62 41 53 75 33 69 57 26 2 60 
60 2 26 57 69 33 75 53 41 62 58 0 10 7 44 79 61 39 42 70 31 64 16 71 14 11 27 5 12 74 45 46 21 23 37 59 55 48 4 6 50 20 72 77 15 28 40 68 8 3 67 35 49 13 22 38 54 43 17 76 29 30 34 18 52 25 51 36 19 65 78 24 73 1 9 56 32 63 47 66 
75 60 25 55 0 8 71 77 24 5 1 76 23 16 39 9 31 28 17 47 38 26 49 79 78 34 73 12 2 22 45 41 63 62 19 11 32 7 42 59 50 4 69 20 54 57 65 36 33 15 56 27 74 68 29 66 18 72 70 13 44 30 58 3 64 53 10 6 35 61 37 51 21 67 52 43 40 14 46 48 
48 46 14 40 43 52 67 21 51 37 61 35 6 10 53 64 3 58 30 44 13 70 72 18 66 29 68 74 27 56 15 33 36 65 57 54 20 69 4 50 59 42 7 32 11 19 62 63 41 45 22 2 12 73 34 78 79 49 26 38 47 17 28 31 9 39 16 23 76 1 5 24 77 71 8 0 55 25 60 75 
35 39 14 13 28 53 36 22 15 64 43 17 20 1 51 26 59 67 42 7 33 72 77 49 32 4 66 69 16 34 60 2 30 40 6 75 68 18 23 61 10 65 48 25 8 73 5 74 11 54 38 50 12 57 76 58 44 62 71 52 47 55 41 31 29 56 27 9 37 3 78 0 70 21 19 46 24 79 45 63 
63 45 79 24 46 19 21 70 0 78 3 37 9 27 56 29 31 41 55 47 52 71 62 44 58 76 57 12 50 38 54 11 74 5 73 8 25 48 65 10 61 23 18 68 75 6 40 30 2 60 34 16 69 66 4 32 49 77 72 33 7 42 67 59 26 51 1 20 17 43 64 15 22 36 53 28 13 14 39 35 
12 33 9 40 7 45 54 67 51 31 13 66 47 5 42 6 3 77 2 55 78 21 49 43 32 23 73 39 64 72 62 14 79 28 18 74 41 46 63 0 1 44 16 58 70 29 60 65 48 75 25 53 24 56 59 30 36 71 15 61 52 26 20 10 22 27 17 8 76 68 19 57 35 38 4 11 69 50 34 37 
37 34 50 69 11 4 38 35 57 19 68 76 8 17 27 22 10 20 26 52 61 15 71 36 30 59 56 24 53 25 75 48 65 60 29 70 58 16 44 1 0 63 46 41 74 18 28 79 14 62 72 64 39 73 23 32 43 49 21 78 55 2 77 3 6 42 5 47 66 13 31 51 67 54 45 7 40 9 33 12 
50 16 64 41 58 78 11 72 38 40 55 69 14 17 31 15 46 18 49 63 42 65 47 62 27 6 52 51 23 19 57 2 61 0 68 53 43 60 10 39 67 9 8 3 37 7 33 12 76 66 71 44 32 13 56 35 26 77 5 54 36 22 45 24 20 74 79 25 70 29 28 1 73 4 21 30 59 75 34 48 
48 34 75 59 30 21 4 73 1 28 29 70 25 79 74 20 24 45 22 36 54 5 77 26 35 56 13 32 44 71 66 76 12 33 7 37 3 8 9 67 39 10 60 43 53 68 0 61 2 57 19 23 51 52 6 27 62 47 65 42 63 49 18 46 15 31 17 14 69 55 40 38 72 11 78 58 41 64 16 50 
38 11 24 76 74 44 1 51 37 34 7 32 66 58 48 77 64 47 79 52 70 43 23 14 31 50 3 5 27 61 9 71 59 45 72 53 25 46 75 0 35 28 26 67 29 16 39 36 17 12 56 21 57 55 30 4 18 60 41 2 40 54 10 63 73 13 15 78 49 69 62 68 19 20 65 42 6 8 22 33 
33 22 8 6 42 65 20 19 68 62 69 49 78 15 13 73 63 10 54 40 2 41 60 18 4 30 55 57 21 56 12 17 36 39 16 29 67 26 28 35 0 75 46 25 53 72 45 59 71 9 61 27 5 3 50 31 14 23 43 70 52 79 47 64 77 48 58 66 32 7 34 37 51 1 44 74 76 24 11 38 
3 42 62 23 7 18 26 1 75 59 13 47 41 71 35 45 33 61 44 36 19 50 37 31 74 11 10 58 56 63 16 53 28 60 51 77 43 69 25 78 72 52 73 6 34 38 49 70 21 76 9 22 15 68 66 65 24 27 2 5 39 4 54 30 46 79 55 64 32 57 48 8 40 14 29 0 20 12 67 17 
17 67 12 20 0 29 14 40 8 48 57 32 64 55 79 46 30 54 4 39 5 2 27 24 65 66 68 15 22 9 76 21 70 49 38 34 6 73 52 72 78 25 69 43 77 51 60 28 53 16 63 56 58 10 11 74 31 37 50 19 36 44 61 33 45 35 71 41 47 13 59 75 1 26 18 7 23 62 42 3 
53 68 77 22 63 12 5 55 74 38 62 28 48 70 15 23 35 72 21 66 0 42 50 51 58 2 4 9 56 57 40 59 25 8 52 64 31 6 24 1 37 13 19 17 45 26 75 71 54 73 60 33 65 18 47 11 3 41 10 30 29 44 67 20 46 69 76 43 49 7 78 39 79 14 27 16 36 32 34 61 
61 34 32 36 16 27 14 79 39 78 7 49 43 76 69 46 20 67 44 29 30 10 41 3 11 47 18 65 33 60 73 54 71 75 26 45 17 19 13 37 1 24 6 31 64 52 8 25 59 40 57 56 9 4 2 58 51 50 42 0 66 21 72 35 23 15 70 48 28 62 38 74 55 5 12 63 22 77 68 53 
52 59 38 2 73 25 10 68 49 31 43 4 54 42 21 72 61 34 51 45 60 29 14 5 36 6 0 78 11 37 3 1 33 13 12 17 18 58 39 75 63 44 62 35 76 77 16 46 57 40 7 19 56 53 69 28 8 9 55 20 65 64 70 24 32 66 27 22 15 30 50 41 48 23 26 79 71 74 47 67 
67 47 74 71 79 26 23 48 41 50 30 15 22 27 66 32 24 70 64 65 20 55 9 8 28 69 53 56 19 7 40 57 46 16 77 76 35 62 44 63 75 39 58 18 17 12 13 33 1 3 37 11 78 0 6 36 5 14 29 60 45 51 34 61 72 21 42 54 4 43 31 49 68 10 25 73 2 38 59 52 
46 72 60 58 35 55 3 77 33 20 30 13 8 53 57 66 40 17 49 56 50 44 73 47 21 26 51 9 34 7 36 23 45 27 22 41 15 71 24 38 31 2 25 75 64 14 59 42 78 12 79 4 48 52 61 74 63 43 67 11 19 70 69 29 39 32 6 28 65 0 10 18 16 68 54 1 37 5 62 76 
76 62 5 37 1 54 68 16 18 10 0 65 28 6 32 39 29 69 70 19 11 67 43 63 74 61 52 48 4 79 12 78 42 59 14 64 75 25 2 31 38 24 71 15 41 22 27 45 23 36 7 34 9 51 26 21 47 73 44 50 56 49 17 40 66 57 53 8 13 30 20 33 77 3 55 35 58 60 72 46 
63 75 36 14 12 61 6 53 31 52 13 18 20 68 73 72 79 48 64 24 58 34 67 16 7 19 35 59 77 3 69 32 44 38 54 23 8 60 37 28 74 1 15 42 22 0 40 70 55 43 49 71 45 46 57 21 17 56 65 76 26 29 10 39 50 9 47 11 62 78 2 51 27 25 30 66 33 5 41 4 
4 41 5 33 66 30 25 27 51 2 78 62 11 47 9 50 39 10 29 26 76 65 56 17 21 57 46 45 71 49 43 55 70 40 0 22 42 15 1 74 28 37 60 8 23 54 38 44 32 69 3 77 59 35 19 7 16 67 34 58 24 64 48 79 72 73 68 20 18 13 52 31 53 6 61 12 14 36 75 63 
36 7 21 69 29 33 9 1 61 59 18 39 15 12 26 52 46 0 42 70 58 10 54 24 75 48 65 37 4 55 13 77 34 76 63 8 50 49 35 62 53 67 74 17 41 14 40 31 79 64 5 30 73 22 47 20 6 32 51 27 45 19 2 60 16 44 38 3 68 71 66 56 78 25 57 28 72 11 23 43 
43 23 11 72 28 57 25 78 56 66 71 68 3 38 44 16 60 2 19 45 27 51 32 6 20 47 22 73 30 5 64 79 31 40 14 41 17 74 67 53 62 35 49 50 8 63 76 34 77 13 55 4 37 65 48 75 24 54 10 58 70 42 0 46 52 26 12 15 39 18 59 61 1 9 33 29 69 21 7 36 
41 49 17 8 39 70 10 44 58 43 63 45 20 54 3 22 72 4 46 79 74 66 33 32 35 31 59 60 16 11 14 29 2 55 5 56 52 25 77 51 30 78 61 21 48 23 57 9 69 68 26 65 71 24 12 53 73 38 15 18 62 7 34 75 1 27 37 40 47 28 76 42 36 6 19 67 64 0 13 50 
50 13 0 64 67 19 6 36 42 76 28 47 40 37 27 1 75 34 7 62 18 15 38 73 53 12 24 71 65 26 68 69 9 57 23 48 21 61 78 30 51 77 25 52 56 5 55 2 29 14 11 16 60 59 31 35 32 33 66 74 79 46 4 72 22 3 54 20 45 63 43 58 44 10 70 39 8 17 49 41 
65 11 70 35 46 18 4 43 41 0 71 69 24 25 49 34 66 30 16 59 64 13 54 27 40 33 53 21 1 32 3 48 76 15 28 39 29 36 10 56 31 77 61 63 79 47 38 8 6 9 58 50 7 23 44 17 42 51 45 19 74 2 14 37 75 72 20 78 12 62 67 55 52 73 26 60 57 68 22 5 
5 22 68 57 60 26 73 52 55 67 62 12 78 20 72 75 37 14 2 74 19 45 51 42 17 44 23 7 50 58 9 6 8 38 47 79 63 61 77 31 56 10 36 29 39 28 15 76 48 3 32 1 21 53 33 40 27 54 13 64 59 16 30 66 34 49 25 24 69 71 0 41 43 4 18 46 35 70 11 65 
51 2 52 28 39 40 32 27 71 53 41 3 57 63 38 13 61 43 1 8 59 30 67 74 19 10 69 11 62 9 47 68 54 23 12 73 76 72 60 33 4 22 34 75 78 17 35 6 79 56 7 5 66 45 37 36 48 44 14 46 18 0 29 20 31 58 26 70 55 77 50 25 42 65 64 16 21 49 15 24 
24 15 49 21 16 64 65 42 25 50 77 55 70 26 58 31 20 29 0 18 46 14 44 48 36 37 45 66 5 7 56 79 6 35 17 78 75 34 22 4 33 60 72 76 73 12 23 54 68 47 9 62 11 69 10 19 74 67 30 59 8 1 43 61 13 38 63 57 3 41 53 71 27 32 40 39 28 52 2 51 
16 13 75 34 63 64 22 28 4 30 57 46 50 37 2 48 31 40 23 43 20 36 0 11 39 44 59 12 26 3 78 24 74 79 68 21 55 38 49 73 10 9 5 62 25 70 61 51 58 15 17 7 19 52 71 32 45 67 18 53 42 1 29 35 27 72 8 66 65 54 14 77 60 47 33 6 41 76 69 56 
56 69 76 41 6 33 47 60 77 14 54 65 66 8 72 27 35 29 1 42 53 18 67 45 32 71 52 19 7 17 15 58 51 61 70 25 62 5 9 10 73 49 38 55 21 68 79 74 24 78 3 26 12 59 44 39 11 0 36 20 43 23 40 31 48 2 37 50 46 57 30 4 28 22 64 63 34 75 13 16 
3 15 54 56 10 73 9 7 71 69 13 60 50 23 48 1 44 19 63 57 51 35 16 46 32 40 68 49 76 34 41 18 72 30 74 43 39 47 5 64 53 0 61 65 75 22 45 58 28 20 2 21 14 77 11 12 52 24 42 59 4 67 66 17 38 26 6 37 33 29 55 25 8 27 79 36 78 62 70 31 
31 70 62 78 36 79 27 8 25 55 29 33 37 6 26 38 17 66 67 4 59 42 24 52 12 11 77 14 21 2 20 28 58 45 22 75 65 61 0 53 64 5 47 39 43 74 30 72 18 41 34 76 49 68 40 32 46 16 35 51 57 63 19 44 1 48 23 50 60 13 69 71 7 9 73 10 56 54 15 3 
33 61 0 58 7 22 37 48 52 10 15 30 67 60 27 41 18 78 71 50 5 34 76 64 13 55 32 69 57 54 49 45 26 1 63 79 56 2 65 3 31 51 42 36 70 59 21 77 44 53 62 38 14 17 6 47 9 35 29 66 68 23 11 43 8 4 72 75 39 19 40 28 25 20 46 24 12 16 73 74 
74 73 16 12 24 46 20 25 28 40 19 39 75 72 4 8 43 11 23 68 66 29 35 9 47 6 17 14 38 62 53 44 77 21 59 70 36 42 51 31 3 65 2 56 79 63 1 26 45 49 54 57 69 32 55 13 64 76 34 5 50 71 78 18 41 27 60 67 30 15 10 52 48 37 22 7 58 0 61 33 
75 57 52 6 55 63 43 79 64 45 37 53 2 29 25 28 34 42 19 77 3 15 13 18 9 50 74 14 40 11 27 33 44 46 54 38 61 10 65 35 23 69 78 20 1 62 56 71 58 39 7 24 16 67 21 48 17 4 5 0 49 32 72 51 12 70 30 76 68 41 47 26 59 66 8 36 22 31 73 60 
60 73 31 22 36 8 66 59 26 47 41 68 76 30 70 12 51 72 32 49 0 5 4 17 48 21 67 16 24 7 39 58 71 56 62 1 20 78 69 23 35 65 10 61 38 54 46 44 33 27 11 40 14 74 50 9 18 13 15 3 77 19 42 34 28 25 29 2 53 37 45 64 79 43 63 55 6 52 57 75 
57 47 32 42 48 11 38 34 78 20 0 79 65 10 45 2 1 68 40 24 28 4 37 19 35 64 69 58 29 26 41 25 63 8 62 72 46 17 21 50 71 61 12 14 22 55 36 77 49 73 31 76 74 6 7 70 5 56 43 52 67 60 3 75 59 33 23 16 66 44 53 27 39 15 13 30 54 9 51 18 
18 51 9 54 30 13 15 39 27 53 44 66 16 23 33 59 75 3 60 67 52 43 56 5 70 7 6 74 76 31 73 49 77 36 55 22 14 12 61 71 50 21 17 46 72 62 8 63 25 41 26 29 58 69 64 35 19 37 4 28 24 40 68 1 2 45 10 65 79 0 20 78 34 38 11 48 42 32 47 57 
68 77 61 35 32 47 21 6 63 53 51 12 66 57 67 73 9 44 46 52 41 49 74 2 36 54 10 79 70 30 28 17 59 76 39 45 16 75 50 27 34 26 60 11 78 64 72 3 22 7 8 18 4 1 33 0 29 23 15 55 48 65 25 38 13 56 31 14 20 40 5 24 19 42 43 37 58 69 71 62 
62 71 69 58 37 43 42 19 24 5 40 20 14 31 56 13 38 25 65 48 55 15 23 29 0 33 1 4 18 8 7 22 3 72 64 78 11 60 26 34 27 50 75 16 45 39 76 59 17 28 30 70 79 10 54 36 2 74 49 41 52 46 44 9 73 67 57 66 12 51 53 63 6 21 47 32 35 61 77 68 
7 76 23 69 24 70 17 50 61 46 12 72 1 27 34 4 77 2 8 75 56 14 42 32 5 53 33 71 67 30 57 29 19 64 78 18 43 60 10 9 36 35 6 22 63 37 79 16 31 26 38 66 74 3 25 21 51 20 40 0 52 68 48 47 59 45 41 15 55 65 62 39 73 28 49 11 13 58 44 54 
54 44 58 13 11 49 28 73 39 62 65 55 15 41 45 59 47 48 68 52 0 40 20 51 21 25 3 74 66 38 26 31 16 79 37 63 22 6 35 36 9 10 60 43 18 78 64 19 29 57 30 67 71 33 53 5 32 42 14 56 75 8 2 77 4 34 27 1 72 12 46 61 50 17 70 24 69 23 76 7 
53 60 26 35 14 57 25 1 22 3 37 6 51 0 36 68 58 70 64 17 78 19 41 56 16 28 27 69 34 48 21 33 13 44 20 29 75 5 76 40 4 45 12 32 73 38 62 11 79 43 15 67 30 47 50 65 74 31 55 24 10 54 23 46 18 71 39 72 77 49 2 42 63 7 59 9 61 66 8 52 
52 8 66 61 9 59 7 63 42 2 49 77 72 39 71 18 46 23 54 10 24 55 31 74 65 50 47 30 67 15 43 79 11 62 38 73 32 12 45 4 40 76 5 75 29 20 44 13 33 21 48 34 69 27 28 16 56 41 19 78 17 64 70 58 68 36 0 51 6 37 3 22 1 25 57 14 35 26 60 53 
21 72 62 6 77 34 10 43 33 5 78 31 28 79 49 61 50 66 36 14 0 19 30 17 58 65 53 9 71 60 23 4 12 48 18 2 35 51 25 63 22 16 27 73 39 37 41 38 67 26 52 1 76 42 20 45 7 70 13 44 11 32 56 40 3 24 75 46 54 8 15 57 29 55 69 68 64 47 59 74 
74 59 47 64 68 69 55 29 57 15 8 54 46 75 24 3 40 56 32 11 44 13 70 7 45 20 42 76 1 52 26 67 38 41 37 39 73 27 16 22 63 25 51 35 2 18 48 12 4 23 60 71 9 53 65 58 17 30 19 0 14 36 66 50 61 49 79 28 31 78 5 33 43 10 34 77 6 62 72 21 
51 18 56 11 64 66 76 57 15 9 47 3 4 26 40 29 8 6 16 34 74 41 0 13 71 24 38 1 52 49 48 61 19 53 70 21 67 54 78 63 68 5 69 60 20 55 77 35 27 31 33 39 42 72 36 79 65 22 32 25 23 73 46 30 75 62 45 44 14 28 50 2 37 59 58 43 12 10 17 7 
7 17 10 12 43 58 59 37 2 50 28 14 44 45 62 75 30 46 73 23 25 32 22 65 79 36 72 42 39 33 31 27 35 77 55 20 60 69 5 68 63 78 54 67 21 70 53 19 61 48 49 52 1 38 24 71 13 0 41 74 34 16 6 8 29 40 26 4 3 47 9 15 57 76 66 64 11 56 18 51 
11 69 49 55 56 34 79 50 43 7 60 25 46 77 67 76 75 73 19 1 78 74 36 70 61 71 72 41 64 58 68 65 62 66 63 53 47 51 59 42 48 57 52 33 54 39 45 30 44 40 32 38 26 21 22 31 37 28 18 27 35 15 10 9 20 13 24 16 8 17 0 29 6 5 2 23 12 14 4 3 
3 4 14 12 23 2 5 6 29 0 17 8 16 24 13 20 9 10 15 35 27 18 28 37 31 22 21 26 38 32 40 44 30 45 39 54 33 52 57 48 42 59 51 47 53 63 66 62 65 68 58 64 41 72 71 61 70 36 74 78 1 19 73 75 76 67 77 46 25 60 7 43 50 79 34 56 55 49 69 11 
