106 4 26
11 21 24 18 19 12 17 23 22 14 25 0 7 15 8 20 1 10 9 16 3 6 5 2 13 4 
4 13 2 5 6 3 16 9 10 1 20 8 15 7 0 25 14 22 23 17 12 19 18 24 21 11 
17 8 20 9 6 18 5 2 23 14 7 1 22 4 11 13 10 25 21 19 3 15 24 16 0 12 
12 0 16 24 15 3 19 21 25 10 13 11 4 22 1 7 14 23 2 5 18 6 9 20 8 17 
7 22 23 18 3 9 20 15 13 2 24 21 8 11 17 12 4 0 5 16 19 6 25 10 14 1 
1 14 10 25 6 19 16 5 0 4 12 17 11 8 21 24 2 13 15 20 9 3 18 23 22 7 
25 20 8 17 10 24 21 1 23 5 13 12 16 7 22 6 18 0 3 9 11 15 14 19 4 2 
2 4 19 14 15 11 9 3 0 18 6 22 7 16 12 13 5 23 1 21 24 10 17 8 20 25 
3 7 0 12 5 10 14 9 8 13 18 11 25 17 1 20 24 2 6 19 16 21 23 4 22 15 
15 22 4 23 21 16 19 6 2 24 20 1 17 25 11 18 13 8 9 14 10 5 12 0 7 3 
8 0 1 23 6 9 17 3 21 15 10 4 24 2 19 14 7 12 22 18 25 5 16 20 13 11 
11 13 20 16 5 25 18 22 12 7 14 19 2 24 4 10 15 21 3 17 9 6 23 1 0 8 
14 18 13 21 9 23 15 5 0 20 19 25 4 1 3 11 12 16 8 2 6 17 7 10 22 24 
24 22 10 7 17 6 2 8 16 12 11 3 1 4 25 19 20 0 5 15 23 9 21 13 18 14 
25 9 12 3 16 6 23 4 13 17 0 14 22 20 8 15 10 2 11 21 5 24 7 18 1 19 
19 1 18 7 24 5 21 11 2 10 15 8 20 22 14 0 17 13 4 23 6 16 3 12 9 25 
20 11 15 6 14 10 23 12 9 1 7 24 0 25 13 8 4 19 17 18 3 5 22 21 2 16 
16 2 21 22 5 3 18 17 19 4 8 13 25 0 24 7 1 9 12 23 10 14 6 15 11 20 
13 17 1 4 12 18 10 19 3 22 6 9 21 20 11 25 7 23 16 2 24 5 14 8 0 15 
15 0 8 14 5 24 2 16 23 7 25 11 20 21 9 6 22 3 19 10 18 12 4 1 17 13 
6 23 10 14 20 3 22 24 5 17 19 15 13 18 16 11 2 0 25 1 21 7 12 4 8 9 
9 8 4 12 7 21 1 25 0 2 11 16 18 13 15 19 17 5 24 22 3 20 14 10 23 6 
2 13 25 23 24 15 10 9 18 21 14 17 16 3 8 1 4 20 6 19 22 12 7 0 5 11 
11 5 0 7 12 22 19 6 20 4 1 8 3 16 17 14 21 18 9 10 15 24 23 25 13 2 
25 1 22 21 14 8 7 24 4 6 15 9 13 11 0 20 12 18 16 2 23 3 5 10 17 19 
19 17 10 5 3 23 2 16 18 12 20 0 11 13 9 15 6 4 24 7 8 14 21 22 1 25 
13 7 3 23 6 11 8 19 15 22 1 25 2 5 12 14 10 21 9 0 20 24 16 17 4 18 
18 4 17 16 24 20 0 9 21 10 14 12 5 2 25 1 22 15 19 8 11 6 23 3 7 13 
5 11 10 6 21 4 0 23 7 15 18 17 13 25 2 22 19 3 20 14 9 8 12 16 1 24 
24 1 16 12 8 9 14 20 3 19 22 2 25 13 17 18 15 7 23 0 4 21 6 10 11 5 
2 0 15 12 17 6 7 20 13 21 16 1 24 23 14 5 4 8 19 10 9 3 11 25 18 22 
22 18 25 11 3 9 10 19 8 4 5 14 23 24 1 16 21 13 20 7 6 17 12 15 0 2 
16 13 14 4 8 17 25 11 23 22 1 3 18 0 5 15 6 10 7 2 24 12 20 9 21 19 
19 21 9 20 12 24 2 7 10 6 15 5 0 18 3 1 22 23 11 25 17 8 4 14 13 16 
2 1 24 3 23 25 7 17 14 21 0 22 11 16 13 10 19 9 15 5 12 6 18 8 4 20 
20 4 8 18 6 12 5 15 9 19 10 13 16 11 22 0 21 14 17 7 25 23 3 24 1 2 
0 11 3 2 4 9 25 24 23 6 5 8 12 18 21 20 19 15 13 17 1 10 7 16 14 22 
22 14 16 7 10 1 17 13 15 19 20 21 18 12 8 5 6 23 24 25 9 4 2 3 11 0 
17 15 25 20 7 3 5 4 6 18 12 2 24 22 14 0 1 16 13 11 8 9 10 21 19 23 
23 19 21 10 9 8 11 13 16 1 0 14 22 24 2 12 18 6 4 5 3 7 20 25 15 17 
20 0 18 8 7 19 23 16 10 4 6 25 24 3 2 9 17 11 13 1 12 15 22 21 14 5 
5 14 21 22 15 12 1 13 11 17 9 2 3 24 25 6 4 10 16 23 19 7 8 18 0 20 
16 10 22 25 15 11 17 9 2 7 0 8 18 21 12 14 4 20 3 23 13 19 1 24 6 5 
5 6 24 1 19 13 23 3 20 4 14 12 21 18 8 0 7 2 9 17 11 15 25 22 10 16 
21 4 3 15 1 5 7 20 19 9 17 16 25 23 22 11 24 10 0 18 6 8 12 13 2 14 
14 2 13 12 8 6 18 0 10 24 11 22 23 25 16 17 9 19 20 7 5 1 15 3 4 21 
19 12 8 4 2 20 22 24 23 3 10 0 13 11 15 14 25 16 6 1 18 21 17 5 9 7 
7 9 5 17 21 18 1 6 16 25 14 15 11 13 0 10 3 23 24 22 20 2 4 8 12 19 
23 25 12 18 2 5 4 17 7 15 19 8 6 16 21 14 3 22 11 20 9 0 24 1 10 13 
13 10 1 24 0 9 20 11 22 3 14 21 16 6 8 19 15 7 17 4 5 2 18 12 25 23 
24 8 14 15 4 5 18 3 17 25 19 9 2 10 11 22 20 12 21 7 6 13 1 0 23 16 
16 23 0 1 13 6 7 21 12 20 22 11 10 2 9 19 25 17 3 18 5 4 15 14 8 24 
22 9 7 14 0 24 20 6 17 25 19 13 23 5 2 16 12 10 21 8 4 15 1 18 11 3 
3 11 18 1 15 4 8 21 10 12 16 2 5 23 13 19 25 17 6 20 24 0 14 7 9 22 
20 17 19 14 22 1 23 11 4 7 2 5 25 13 8 9 6 16 0 24 15 3 18 21 12 10 
10 12 21 18 3 15 24 0 16 6 9 8 13 25 5 2 7 4 11 23 1 22 14 19 17 20 
25 22 16 3 24 6 21 0 8 19 18 14 11 17 5 23 4 9 1 20 2 15 12 7 10 13 
13 10 7 12 15 2 20 1 9 4 23 5 17 11 14 18 19 8 0 21 6 24 3 16 22 25 
2 19 6 16 9 15 3 14 8 20 12 11 23 10 5 25 21 22 7 1 13 4 18 24 0 17 
17 0 24 18 4 13 1 7 22 21 25 5 10 23 11 12 20 8 14 3 15 9 16 6 19 2 
14 3 17 12 23 9 7 16 4 24 11 18 19 0 15 2 1 10 13 6 25 20 22 8 5 21 
21 5 8 22 20 25 6 13 10 1 2 15 0 19 18 11 24 4 16 7 9 23 12 17 3 14 
25 15 18 23 14 13 24 2 12 22 6 1 20 3 7 19 9 8 17 21 16 10 5 0 11 4 
4 11 0 5 10 16 21 17 8 9 19 7 3 20 1 6 22 12 2 24 13 14 23 18 15 25 
11 16 4 14 6 25 2 1 18 17 24 7 3 10 8 0 23 15 5 19 13 21 20 12 22 9 
9 22 12 20 21 13 19 5 15 23 0 8 10 3 7 24 17 18 1 2 25 6 14 4 16 11 
19 8 17 13 3 7 5 25 22 15 21 16 4 20 14 0 12 2 18 10 6 23 1 9 24 11 
11 24 9 1 23 6 10 18 2 12 0 14 20 4 16 21 15 22 25 5 7 3 13 17 8 19 
15 12 25 10 5 21 24 20 8 11 19 2 6 16 14 13 3 9 17 22 0 1 18 4 23 7 
7 23 4 18 1 0 22 17 9 3 13 14 16 6 2 19 11 8 20 24 21 5 10 25 12 15 
20 3 13 0 21 2 14 23 5 1 17 18 8 22 12 10 4 16 25 15 11 9 24 7 19 6 
6 19 7 24 9 11 15 25 16 4 10 12 22 8 18 17 1 5 23 14 2 21 0 13 3 20 
15 21 10 23 3 25 19 1 8 0 20 18 7 13 12 14 17 24 11 4 9 5 22 6 2 16 
16 2 6 22 5 9 4 11 24 17 14 12 13 7 18 20 0 8 1 19 25 3 23 10 21 15 
2 3 20 1 10 5 7 18 16 4 23 8 21 24 9 13 22 19 14 11 15 25 12 6 0 17 
17 0 6 12 25 15 11 14 19 22 13 9 24 21 8 23 4 16 18 7 5 10 1 20 3 2 
4 11 20 23 8 9 24 25 0 3 15 22 7 21 5 2 16 1 14 12 6 10 17 18 19 13 
13 19 18 17 10 6 12 14 1 16 2 5 21 7 22 15 3 0 25 24 9 8 23 20 11 4 
12 9 1 5 8 24 15 17 7 10 4 13 6 22 11 16 2 3 21 14 23 20 25 0 18 19 
19 18 0 25 20 23 14 21 3 2 16 11 22 6 13 4 10 7 17 15 24 8 5 1 9 12 
6 2 21 25 17 4 9 11 22 19 15 23 10 20 12 5 18 0 1 16 14 24 3 8 13 7 
7 13 8 3 24 14 16 1 0 18 5 12 20 10 23 15 19 22 11 9 4 17 25 21 2 6 
15 18 10 22 24 2 1 17 3 11 13 8 23 19 4 7 20 12 16 6 21 9 0 25 14 5 
5 14 25 0 9 21 6 16 12 20 7 4 19 23 8 13 11 3 17 1 2 24 22 10 18 15 
24 23 12 11 16 17 21 5 20 4 1 6 13 15 3 2 22 19 8 9 18 14 25 0 10 7 
7 10 0 25 14 18 9 8 19 22 2 3 15 13 6 1 4 20 5 21 17 16 11 12 23 24 
4 2 22 21 7 14 1 19 3 11 24 12 0 8 20 16 25 5 17 6 15 10 23 9 18 13 
13 18 9 23 10 15 6 17 5 25 16 20 8 0 12 24 11 3 19 1 14 7 21 22 2 4 
16 7 6 21 20 17 9 24 3 14 18 13 2 5 12 8 22 23 10 19 11 25 15 0 1 4 
4 1 0 15 25 11 19 10 23 22 8 12 5 2 13 18 14 3 24 9 17 20 21 6 7 16 
11 25 5 20 17 3 15 1 12 0 13 8 4 6 19 24 2 23 18 16 10 22 21 9 7 14 
14 7 9 21 22 10 16 18 23 2 24 19 6 4 8 13 0 12 1 15 3 17 20 5 25 11 
13 8 21 12 19 25 11 7 23 2 4 22 18 10 16 6 20 15 1 0 14 9 17 5 3 24 
24 3 5 17 9 14 0 1 15 20 6 16 10 18 22 4 2 23 7 11 25 19 12 21 8 13 
4 13 17 14 19 10 18 20 0 15 7 24 2 25 16 21 12 11 9 5 1 23 22 3 8 6 
6 8 3 22 23 1 5 9 11 12 21 16 25 2 24 7 15 0 20 18 10 19 14 17 13 4 
12 25 17 10 14 11 3 21 18 1 20 2 9 4 6 13 8 23 19 16 15 5 7 0 22 24 
24 22 0 7 5 15 16 19 23 8 13 6 4 9 2 20 1 18 21 3 11 14 10 17 25 12 
14 24 11 20 7 12 22 8 9 3 6 10 13 15 17 5 19 23 25 18 0 21 2 4 1 16 
16 1 4 2 21 0 18 25 23 19 5 17 15 13 10 6 3 9 8 22 12 7 20 11 24 14 
12 23 7 3 0 2 17 25 11 14 24 15 16 22 1 18 4 10 5 9 8 6 19 20 13 21 
21 13 20 19 6 8 9 5 10 4 18 1 22 16 15 24 14 11 25 17 2 0 3 7 23 12 
1 20 6 2 8 21 4 3 11 0 22 12 18 24 13 9 16 17 15 19 10 5 25 7 14 23 
23 14 7 25 5 10 19 15 17 16 9 13 24 18 12 22 0 11 3 4 21 8 2 6 20 1 
24 21 20 22 19 25 16 14 17 9 12 10 23 8 13 11 4 7 18 5 6 3 0 2 15 1 
1 15 2 0 3 6 5 18 7 4 11 13 8 23 10 12 9 17 14 16 25 19 22 20 21 24 
