146 4 50
35 49 42 38 40 37 46 45 41 28 48 47 43 34 36 39 44 33 25 26 31 32 30 27 29 23 24 15 19 22 2 14 16 18 20 21 13 17 11 9 1 5 0 10 12 7 6 8 4 3 
3 4 8 6 7 12 10 0 5 1 9 11 17 13 21 20 18 16 14 2 22 19 15 24 23 29 27 30 32 31 26 25 33 44 39 36 34 43 47 48 28 41 45 46 37 40 38 42 49 35 
28 46 48 37 33 23 42 36 49 31 24 14 21 17 9 12 7 6 34 32 27 2 20 10 3 30 35 44 43 4 8 0 5 1 18 16 22 19 15 29 26 25 39 38 47 40 11 13 45 41 
41 45 13 11 40 47 38 39 25 26 29 15 19 22 16 18 1 5 0 8 4 43 44 35 30 3 10 20 2 27 32 34 6 7 12 9 17 21 14 24 31 49 36 42 23 33 37 48 46 28 
27 32 25 34 43 20 9 31 47 15 14 36 1 10 4 45 22 21 11 46 42 18 49 35 28 3 41 6 7 38 12 40 13 48 37 0 19 8 5 33 23 17 16 26 24 39 2 44 29 30 
30 29 44 2 39 24 26 16 17 23 33 5 8 19 0 37 48 13 40 12 38 7 6 41 3 28 35 49 18 42 46 11 21 22 45 4 10 1 36 14 15 47 31 9 20 43 34 25 32 27 
19 18 17 1 26 16 10 12 7 24 39 20 44 36 11 43 30 46 28 40 42 13 9 49 29 27 41 38 37 32 25 45 48 2 31 47 3 33 4 8 23 34 0 5 15 14 21 6 22 35 
35 22 6 21 14 15 5 0 34 23 8 4 33 3 47 31 2 48 45 25 32 37 38 41 27 29 49 9 13 42 40 28 46 30 43 11 36 44 20 39 24 7 12 10 16 26 1 17 18 19 
2 42 11 1 27 12 7 8 31 3 23 26 44 29 14 47 34 46 40 22 28 25 19 21 37 45 35 39 6 17 41 15 48 36 24 4 16 5 43 33 32 0 20 10 13 18 49 9 38 30 
30 38 9 49 18 13 10 20 0 32 33 43 5 16 4 24 36 48 15 41 17 6 39 35 45 37 21 19 25 28 22 40 46 34 47 14 29 44 26 23 3 31 8 7 12 27 1 11 42 2 
3 43 41 33 21 46 32 37 0 22 44 10 19 6 49 12 23 39 26 9 47 17 1 45 42 8 30 2 31 11 38 18 7 24 35 13 27 40 25 29 16 14 5 34 20 15 28 4 48 36 
36 48 4 28 15 20 34 5 14 16 29 25 40 27 13 35 24 7 18 38 11 31 2 30 8 42 45 1 17 47 9 26 39 23 12 49 6 19 10 44 22 0 37 32 46 21 33 41 43 3 
13 45 12 6 44 16 18 22 31 9 34 27 37 5 46 26 42 19 43 25 2 33 41 35 49 3 48 15 38 10 14 39 0 36 4 11 1 30 28 29 24 21 23 17 8 7 32 20 40 47 
47 40 20 32 7 8 17 23 21 24 29 28 30 1 11 4 36 0 39 14 10 38 15 48 3 49 35 41 33 2 25 43 19 42 26 46 5 37 27 34 9 31 22 18 16 44 6 12 45 13 
10 31 49 19 8 2 30 34 42 22 15 21 36 43 7 37 40 47 16 13 26 3 29 9 4 32 6 44 20 41 18 28 33 5 1 46 23 24 45 39 0 48 17 27 12 11 35 14 38 25 
25 38 14 35 11 12 27 17 48 0 39 45 24 23 46 1 5 33 28 18 41 20 44 6 32 4 9 29 3 26 13 16 47 40 37 7 43 36 21 15 22 42 34 30 2 8 19 49 31 10 
4 9 33 26 39 48 0 7 18 22 40 46 2 27 6 36 38 21 35 16 43 8 32 13 1 14 10 28 25 17 31 30 41 11 37 49 12 34 20 15 45 44 5 23 42 47 24 3 29 19 
19 29 3 24 47 42 23 5 44 45 15 20 34 12 49 37 11 41 30 31 17 25 28 10 14 1 13 32 8 43 16 35 21 38 36 6 27 2 46 40 22 18 7 0 48 39 26 33 9 4 
11 32 37 15 2 44 13 21 31 0 33 20 43 28 3 18 29 38 40 17 34 12 35 27 45 16 8 19 47 23 4 10 42 48 7 30 39 25 22 24 9 46 36 6 5 1 49 26 14 41 
41 14 26 49 1 5 6 36 46 9 24 22 25 39 30 7 48 42 10 4 23 47 19 8 16 45 27 35 12 34 17 40 38 29 18 3 28 43 20 33 0 31 21 13 44 2 15 37 32 11 
35 43 18 25 28 13 36 44 23 7 1 8 15 19 32 26 41 34 42 0 48 12 29 6 16 31 4 11 9 49 24 33 3 10 22 2 40 47 21 38 17 20 14 5 46 39 45 30 37 27 
27 37 30 45 39 46 5 14 20 17 38 21 47 40 2 22 10 3 33 24 49 9 11 4 31 16 6 29 12 48 0 42 34 41 26 32 19 15 8 1 7 23 44 36 13 28 25 18 43 35 
6 28 17 8 43 24 40 5 49 26 31 44 45 38 7 4 37 27 32 35 11 9 3 19 14 30 33 36 25 10 13 47 18 39 15 42 21 0 12 46 48 20 2 23 34 41 29 1 22 16 
16 22 1 29 41 34 23 2 20 48 46 12 0 21 42 15 39 18 47 13 10 25 36 33 30 14 19 3 9 11 35 32 27 37 4 7 38 45 44 31 26 49 5 40 24 43 8 17 28 6 
9 41 3 16 36 21 27 40 7 12 33 45 15 42 24 0 30 37 1 25 8 49 22 20 17 13 48 26 35 47 6 43 5 29 11 44 23 38 18 46 28 34 4 32 14 39 10 31 19 2 
2 19 31 10 39 14 32 4 34 28 46 18 38 23 44 11 29 5 43 6 47 35 26 48 13 17 20 22 49 8 25 1 37 30 0 24 42 15 45 33 12 7 40 27 21 36 16 3 41 9 
10 0 25 13 17 47 42 24 6 46 3 29 27 36 18 4 30 26 14 37 41 2 31 43 40 23 12 45 19 20 7 32 49 15 38 21 39 28 5 44 9 16 35 34 11 1 33 22 8 48 
48 8 22 33 1 11 34 35 16 9 44 5 28 39 21 38 15 49 32 7 20 19 45 12 23 40 43 31 2 41 37 14 26 30 4 18 36 27 29 3 46 6 24 42 47 17 13 25 0 10 
30 12 40 4 20 47 23 43 13 39 27 42 0 49 28 34 16 11 1 19 14 33 15 37 6 22 44 46 8 5 9 36 2 25 38 31 17 41 26 48 3 7 21 10 32 29 24 35 45 18 
18 45 35 24 29 32 10 21 7 3 48 26 41 17 31 38 25 2 36 9 5 8 46 44 22 6 37 15 33 14 19 1 11 16 34 28 49 0 42 27 39 13 43 23 47 20 4 40 12 30 
17 15 6 11 42 20 19 33 9 23 38 22 48 37 26 4 30 45 27 34 8 24 10 18 28 2 35 41 1 13 3 40 12 39 32 5 31 0 43 46 47 29 36 44 21 14 49 16 7 25 
25 7 16 49 14 21 44 36 29 47 46 43 0 31 5 32 39 12 40 3 13 1 41 35 2 28 18 10 24 8 34 27 45 30 4 26 37 48 22 38 23 9 33 19 20 42 11 6 15 17 
5 10 31 26 37 23 35 43 40 8 24 28 20 12 33 29 22 46 16 3 13 15 14 9 36 39 11 45 27 49 18 48 25 47 6 7 41 32 44 30 0 17 1 34 21 2 19 42 38 4 
4 38 42 19 2 21 34 1 17 0 30 44 32 41 7 6 47 25 48 18 49 27 45 11 39 36 9 14 15 13 3 16 46 22 29 33 12 20 28 24 8 40 43 35 23 37 26 31 10 5 
15 28 39 47 45 27 0 21 9 43 35 10 44 1 37 16 48 17 4 31 23 36 29 2 6 19 24 49 11 26 40 34 18 5 41 25 42 7 46 20 8 30 38 14 32 12 13 22 3 33 
33 3 22 13 12 32 14 38 30 8 20 46 7 42 25 41 5 18 34 40 26 11 49 24 19 6 2 29 36 23 31 4 17 48 16 37 1 44 10 35 43 9 21 0 27 45 47 39 28 15 
36 2 49 8 48 22 26 18 45 14 3 0 20 37 44 15 42 23 32 10 27 17 16 5 47 1 40 38 19 33 25 21 43 35 12 13 24 31 4 41 34 30 39 6 28 9 7 11 29 46 
46 29 11 7 9 28 6 39 30 34 41 4 31 24 13 12 35 43 21 25 33 19 38 40 1 47 5 16 17 27 10 32 23 42 15 44 37 20 0 3 14 45 18 26 22 48 8 49 2 36 
1 24 40 25 37 18 9 34 14 48 19 43 6 38 15 3 39 12 49 21 29 20 2 7 17 8 33 5 10 47 42 36 28 22 0 41 11 31 30 45 44 4 23 13 27 35 32 26 16 46 
46 16 26 32 35 27 13 23 4 44 45 30 31 11 41 0 22 28 36 42 47 10 5 33 8 17 7 2 20 29 21 49 12 39 3 15 38 6 43 19 48 14 34 9 18 37 25 40 24 1 
49 44 25 20 12 21 4 22 24 43 48 30 32 3 2 35 1 40 5 15 45 19 46 11 9 27 0 26 7 34 10 28 8 39 16 13 29 42 37 18 31 41 14 17 33 6 47 23 36 38 
38 36 23 47 6 33 17 14 41 31 18 37 42 29 13 16 39 8 28 10 34 7 26 0 27 9 11 46 19 45 15 5 40 1 35 2 3 32 30 48 43 24 22 4 21 12 20 25 44 49 
3 39 37 47 28 2 5 7 32 19 16 9 25 0 20 8 45 36 11 26 33 31 24 46 12 4 17 42 22 35 38 34 43 13 1 6 23 30 41 14 49 18 21 44 48 40 15 29 27 10 
10 27 29 15 40 48 44 21 18 49 14 41 30 23 6 1 13 43 34 38 35 22 42 17 4 12 46 24 31 33 26 11 36 45 8 20 0 25 9 16 19 32 7 5 2 28 47 37 39 3 
43 34 0 30 12 26 21 45 14 8 36 19 28 13 23 35 2 9 46 47 38 15 24 49 27 29 7 22 17 44 41 33 32 10 25 4 11 31 40 1 37 48 6 3 39 20 18 16 42 5 
5 42 16 18 20 39 3 6 48 37 1 40 31 11 4 25 10 32 33 41 44 17 22 7 29 27 49 24 15 38 47 46 9 2 35 23 13 28 19 36 8 14 45 21 26 12 30 0 34 43 
33 11 24 45 13 2 41 15 7 23 43 4 5 6 49 32 26 29 1 10 14 28 12 37 42 34 21 48 25 30 18 39 8 44 40 46 3 20 38 0 47 16 36 19 17 9 27 35 31 22 
22 31 35 27 9 17 19 36 16 47 0 38 20 3 46 40 44 8 39 18 30 25 48 21 34 42 37 12 28 14 10 1 29 26 32 49 6 5 4 43 23 7 15 41 2 13 45 24 11 33 
9 29 17 1 40 42 35 31 7 45 33 5 30 43 0 14 32 22 6 48 47 26 20 28 2 44 13 34 19 10 3 46 16 27 41 24 25 11 38 21 12 18 36 15 39 37 23 49 4 8 
8 4 49 23 37 39 15 36 18 12 21 38 11 25 24 41 27 16 46 3 10 19 34 13 44 2 28 20 26 47 48 6 22 32 14 0 43 30 5 33 45 7 31 35 42 40 1 17 29 9 
38 30 31 6 15 24 46 0 1 19 14 25 33 45 13 44 21 2 20 37 36 5 27 8 16 4 43 42 11 29 49 35 39 18 3 22 32 23 9 17 41 10 48 12 40 28 7 34 47 26 
26 47 34 7 28 40 12 48 10 41 17 9 23 32 22 3 18 39 35 49 29 11 42 43 4 16 8 27 5 36 37 20 2 21 44 13 45 33 25 14 19 1 0 46 24 15 6 31 30 38 
29 20 19 37 27 6 45 23 36 26 44 7 1 3 18 0 34 33 49 4 13 25 17 9 35 28 22 21 5 31 12 40 39 47 38 15 24 2 48 30 16 14 46 32 10 8 42 11 43 41 
41 43 11 42 8 10 32 46 14 16 30 48 2 24 15 38 47 39 40 12 31 5 21 22 28 35 9 17 25 13 4 49 33 34 0 18 3 1 7 44 26 36 23 45 6 27 37 19 20 29 
2 3 22 13 48 24 17 25 21 28 23 16 7 43 37 27 39 34 11 45 14 26 15 9 10 38 30 20 29 0 6 1 46 35 42 36 40 31 4 44 19 47 33 12 18 41 5 8 49 32 
32 49 8 5 41 18 12 33 47 19 44 4 31 40 36 42 35 46 1 6 0 29 20 30 38 10 9 15 26 14 45 11 34 39 27 37 43 7 16 23 28 21 25 17 24 48 13 22 3 2 
0 7 38 27 42 28 21 26 19 20 31 11 5 41 48 13 9 29 14 4 44 8 22 23 43 24 18 37 47 3 16 49 1 40 6 45 10 46 39 33 32 25 15 34 17 30 36 2 12 35 
35 12 2 36 30 17 34 15 25 32 33 39 46 10 45 6 40 1 49 16 3 47 37 18 24 43 23 22 8 44 4 14 29 9 13 48 41 5 11 31 20 19 26 21 28 42 27 38 7 0 
1 16 26 49 25 6 46 17 28 0 15 32 34 8 40 20 27 2 24 41 35 21 29 22 37 38 36 11 30 18 47 19 12 33 48 7 45 10 31 13 23 43 42 5 9 3 14 44 39 4 
4 39 44 14 3 9 5 42 43 23 13 31 10 45 7 48 33 12 19 47 18 30 11 36 38 37 22 29 21 35 41 24 2 27 20 40 8 34 32 15 0 28 17 46 6 25 49 26 16 1 
35 14 43 34 44 24 42 4 41 20 17 26 18 38 5 15 7 3 30 22 27 47 16 23 39 1 2 37 33 0 28 36 12 25 10 49 8 46 11 21 32 9 29 40 6 48 45 13 31 19 
19 31 13 45 48 6 40 29 9 32 21 11 46 8 49 10 25 12 36 28 0 33 37 2 1 39 23 16 47 27 22 30 3 7 15 5 38 18 26 17 20 41 4 42 24 44 34 43 14 35 
37 32 13 5 34 46 1 18 21 27 39 24 22 48 36 20 28 0 26 2 4 12 45 40 41 49 31 7 25 43 17 29 14 33 19 35 42 16 3 44 9 23 38 6 11 30 8 15 47 10 
10 47 15 8 30 11 6 38 23 9 44 3 16 42 35 19 33 14 29 17 43 25 7 31 49 41 40 45 12 4 2 26 0 28 20 36 48 22 24 39 27 21 18 1 46 34 5 13 32 37 
25 23 22 11 40 0 31 30 49 7 27 18 48 17 47 2 33 5 46 15 43 35 26 6 12 42 37 39 13 19 44 32 28 14 9 8 4 38 1 24 34 45 16 29 21 20 41 10 36 3 
3 36 10 41 20 21 29 16 45 34 24 1 38 4 8 9 14 28 32 44 19 13 39 37 42 12 6 26 35 43 15 46 5 33 2 47 17 48 18 27 7 49 30 31 0 40 11 22 23 25 
18 23 40 46 19 5 15 2 30 28 22 41 7 14 1 29 38 36 32 43 9 45 37 10 17 12 0 3 16 31 48 13 49 27 6 35 8 44 34 20 11 24 4 42 39 25 33 21 47 26 
26 47 21 33 25 39 42 4 24 11 20 34 44 8 35 6 27 49 13 48 31 16 3 0 12 17 10 37 45 9 43 32 36 38 29 1 14 7 41 22 28 30 2 15 5 19 46 40 23 18 
4 49 38 0 43 24 33 9 1 2 29 46 8 48 45 31 23 16 20 28 42 25 10 3 26 35 18 37 30 21 34 41 7 47 5 13 17 19 6 32 36 11 40 22 15 12 27 39 14 44 
44 14 39 27 12 15 22 40 11 36 32 6 19 17 13 5 47 7 41 34 21 30 37 18 35 26 3 10 25 42 28 20 16 23 31 45 48 8 46 29 2 1 9 33 24 43 0 38 49 4 
17 12 14 33 31 20 1 41 47 48 36 49 13 2 23 40 44 9 26 11 8 43 35 3 7 32 15 39 38 0 10 21 6 46 4 24 25 27 42 18 19 45 29 37 30 28 22 34 5 16 
16 5 34 22 28 30 37 29 45 19 18 42 27 25 24 4 46 6 21 10 0 38 39 15 32 7 3 35 43 8 11 26 9 44 40 23 2 13 49 36 48 47 41 1 20 31 33 14 12 17 
33 38 44 28 48 1 10 45 5 27 25 34 16 43 47 46 49 11 6 18 17 19 23 21 4 3 22 32 36 31 30 8 13 14 26 29 39 40 2 15 42 24 7 0 41 20 35 37 12 9 
9 12 37 35 20 41 0 7 24 42 15 2 40 39 29 26 14 13 8 30 31 36 32 22 3 4 21 23 19 17 18 6 11 49 46 47 43 16 34 25 27 5 45 10 1 48 28 44 38 33 
32 29 16 13 3 36 43 31 23 25 6 15 17 48 42 39 38 5 49 30 27 21 7 22 19 4 20 45 41 0 14 2 33 47 1 34 8 24 44 26 28 9 40 18 10 11 12 37 46 35 
35 46 37 12 11 10 18 40 9 28 26 44 24 8 34 1 47 33 2 14 0 41 45 20 4 19 22 7 21 27 30 49 5 38 39 42 48 17 15 6 25 23 31 43 36 3 13 16 29 32 
26 10 48 31 5 0 36 3 19 1 38 22 39 33 34 40 42 8 17 15 44 24 29 46 13 4 32 25 47 7 12 23 27 9 14 35 16 49 30 18 20 45 6 2 21 37 11 28 41 43 
43 41 28 11 37 21 2 6 45 20 18 30 49 16 35 14 9 27 23 12 7 47 25 32 4 13 46 29 24 44 15 17 8 42 40 34 33 39 22 38 1 19 3 36 0 5 31 48 10 26 
18 8 0 43 46 7 23 20 17 25 44 35 45 49 13 1 39 11 37 31 34 22 14 10 12 38 3 4 36 16 24 40 5 30 6 32 33 41 42 28 2 27 48 21 9 26 19 47 29 15 
15 29 47 19 26 9 21 48 27 2 28 42 41 33 32 6 30 5 40 24 16 36 4 3 38 12 10 14 22 34 31 37 11 39 1 13 49 45 35 44 25 17 20 23 7 46 43 0 8 18 
24 40 6 32 42 7 22 14 45 8 39 2 0 12 16 10 46 43 20 18 4 35 36 19 25 26 47 48 21 29 23 11 38 3 28 9 44 5 31 27 41 17 1 34 49 15 30 33 37 13 
13 37 33 30 15 49 34 1 17 41 27 31 5 44 9 28 3 38 11 23 29 21 48 47 26 25 19 36 35 4 18 20 43 46 10 16 12 0 2 39 8 45 14 22 7 42 32 6 40 24 
25 8 45 47 30 28 22 17 48 44 41 20 15 46 24 43 18 10 42 0 9 31 23 21 26 14 40 39 49 19 32 33 37 29 4 35 13 5 1 2 36 6 7 3 34 38 16 12 11 27 
27 11 12 16 38 34 3 7 6 36 2 1 5 13 35 4 29 37 33 32 19 49 39 40 14 26 21 23 31 9 0 42 10 18 43 24 46 15 20 41 44 48 17 22 28 30 47 45 8 25 
39 44 25 23 2 24 9 47 29 38 14 34 37 22 3 18 31 32 33 1 30 16 8 4 27 12 36 41 43 17 45 46 15 26 6 5 40 28 21 20 11 35 0 19 13 7 48 10 49 42 
42 49 10 48 7 13 19 0 35 11 20 21 28 40 5 6 26 15 46 45 17 43 41 36 12 27 4 8 16 30 1 33 32 31 18 3 22 37 34 14 38 29 47 9 24 2 23 25 44 39 
32 40 1 21 23 19 46 16 13 3 14 38 6 48 18 47 34 45 44 24 0 11 30 9 17 43 28 5 12 2 36 42 33 49 26 4 35 25 41 10 20 29 39 31 22 7 37 8 15 27 
27 15 8 37 7 22 31 39 29 20 10 41 25 35 4 26 49 33 42 36 2 12 5 28 43 17 9 30 11 0 24 44 45 34 47 18 48 6 38 14 3 13 16 46 19 23 21 1 40 32 
28 13 3 24 16 22 49 47 35 46 20 19 10 31 4 38 37 7 34 15 23 42 27 32 17 33 48 12 40 1 21 29 14 2 5 25 8 44 45 41 6 9 0 43 39 11 36 18 26 30 
30 26 18 36 11 39 43 0 9 6 41 45 44 8 25 5 2 14 29 21 1 40 12 48 33 17 32 27 42 23 15 34 7 37 38 4 31 10 19 20 46 35 47 49 22 16 24 3 13 28 
7 44 42 38 36 46 3 26 27 13 49 6 11 20 47 1 30 32 37 35 48 24 16 15 28 10 22 25 9 23 5 0 41 39 31 14 43 12 19 2 29 21 8 33 34 18 45 40 4 17 
17 4 40 45 18 34 33 8 21 29 2 19 12 43 14 31 39 41 0 5 23 9 25 22 10 28 15 16 24 48 35 37 32 30 1 47 20 11 6 49 13 27 26 3 46 36 38 42 44 7 
31 4 16 14 2 41 27 19 44 33 15 18 24 7 11 25 0 6 30 40 48 28 22 3 32 42 37 26 9 17 46 20 10 34 21 43 36 13 1 5 39 8 49 35 29 45 12 23 38 47 
47 38 23 12 45 29 35 49 8 39 5 1 13 36 43 21 34 10 20 46 17 9 26 37 42 32 3 22 28 48 40 30 6 0 25 11 7 24 18 15 33 44 19 27 41 2 14 16 4 31 
20 28 32 33 9 34 0 10 11 27 39 22 23 40 41 25 13 36 8 6 38 18 47 24 12 31 2 49 15 45 16 30 29 42 7 14 35 3 44 19 1 48 5 46 21 4 43 37 17 26 
26 17 37 43 4 21 46 5 48 1 19 44 3 35 14 7 42 29 30 16 45 15 49 2 31 12 24 47 18 38 6 8 36 13 25 41 40 23 22 39 27 11 10 0 34 9 33 32 28 20 
15 12 25 1 30 31 24 7 0 41 37 34 20 45 3 11 5 46 8 39 32 2 48 6 27 9 47 18 36 44 38 23 43 49 19 42 40 10 26 33 28 13 17 16 22 29 21 35 4 14 
14 4 35 21 29 22 16 17 13 28 33 26 10 40 42 19 49 43 23 38 44 36 18 47 9 27 6 48 2 32 39 8 46 5 11 3 45 20 34 37 41 0 7 24 31 30 1 25 12 15 
30 40 10 35 5 23 21 25 32 37 6 36 12 44 48 42 9 46 31 29 34 24 17 11 20 19 13 45 7 39 16 47 4 26 15 41 49 14 18 0 28 38 2 3 33 1 27 8 22 43 
43 22 8 27 1 33 3 2 38 28 0 18 14 49 41 15 26 4 47 16 39 7 45 13 19 20 11 17 24 34 29 31 46 9 42 48 44 12 36 6 37 32 25 21 23 5 35 10 40 30 
9 40 16 15 46 5 42 12 23 43 4 8 18 38 24 36 37 21 28 22 31 45 1 47 27 7 13 39 30 33 44 34 35 3 10 48 19 6 26 49 2 25 14 32 11 29 0 20 17 41 
41 17 20 0 29 11 32 14 25 2 49 26 6 19 48 10 3 35 34 44 33 30 39 13 7 27 47 1 45 31 22 28 21 37 36 24 38 18 8 4 43 23 12 42 5 46 15 16 40 9 
31 18 3 1 6 13 42 46 22 32 0 15 23 9 28 21 24 8 44 43 30 20 38 12 40 39 35 41 14 17 29 2 37 25 26 16 33 10 7 49 47 4 11 5 19 48 34 27 45 36 
36 45 27 34 48 19 5 11 4 47 49 7 10 33 16 26 25 37 2 29 17 14 41 35 39 40 12 38 20 30 43 44 8 24 21 28 9 23 15 0 32 22 46 42 13 6 1 3 18 31 
42 33 47 13 35 37 17 30 29 8 14 4 11 36 22 9 1 25 45 46 0 21 5 15 40 34 24 10 43 2 7 18 31 28 41 44 32 27 49 16 20 48 26 23 12 38 3 19 6 39 
39 6 19 3 38 12 23 26 48 20 16 49 27 32 44 41 28 31 18 7 2 43 10 24 34 40 15 5 21 0 46 45 25 1 9 22 36 11 4 14 8 29 30 17 37 35 13 47 33 42 
2 44 43 4 32 36 12 49 37 28 25 19 5 38 45 8 40 3 17 22 9 6 34 31 46 41 13 1 42 7 20 23 29 47 26 0 14 35 27 48 21 33 15 18 30 11 16 39 10 24 
24 10 39 16 11 30 18 15 33 21 48 27 35 14 0 26 47 29 23 20 7 42 1 13 41 46 31 34 6 9 22 17 3 40 8 45 38 5 19 25 28 37 49 12 36 32 4 43 44 2 
22 34 31 21 6 10 20 18 5 44 14 30 37 0 47 41 8 12 15 26 38 1 24 7 43 16 32 25 13 23 17 19 11 40 29 3 9 46 27 42 48 35 36 4 28 33 45 2 49 39 
39 49 2 45 33 28 4 36 35 48 42 27 46 9 3 29 40 11 19 17 23 13 25 32 16 43 7 24 1 38 26 15 12 8 41 47 0 37 30 14 44 5 18 20 10 6 21 31 34 22 
32 26 24 31 42 15 5 13 40 2 11 47 18 10 45 23 3 1 30 19 27 8 49 39 28 36 21 33 6 12 20 22 16 9 37 14 17 43 0 4 41 38 35 25 48 46 29 34 44 7 
7 44 34 29 46 48 25 35 38 41 4 0 43 17 14 37 9 16 22 20 12 6 33 21 36 28 39 49 8 27 19 30 1 3 23 45 10 18 47 11 2 40 13 5 15 42 31 24 26 32 
48 8 6 32 29 5 40 24 27 39 17 43 30 37 25 35 18 16 10 42 34 33 23 1 41 13 2 20 45 0 21 26 31 11 44 12 47 28 38 7 14 36 3 15 4 49 46 22 19 9 
9 19 22 46 49 4 15 3 36 14 7 38 28 47 12 44 11 31 26 21 0 45 20 2 13 41 1 23 33 34 42 10 16 18 35 25 37 30 43 17 39 27 24 40 5 29 32 6 8 48 
31 38 18 23 10 9 26 45 2 24 42 16 34 13 6 12 22 25 28 14 5 44 29 4 39 20 49 43 11 36 0 15 48 37 35 19 3 8 41 32 27 47 33 30 40 46 7 17 21 1 
1 21 17 7 46 40 30 33 47 27 32 41 8 3 19 35 37 48 15 0 36 11 43 49 20 39 4 29 44 5 14 28 25 22 12 6 13 34 16 42 24 2 45 26 9 10 23 18 38 31 
47 13 14 7 25 16 41 33 9 48 37 19 18 26 20 38 5 28 32 21 27 45 23 15 46 8 31 49 35 30 44 22 4 12 10 6 0 24 2 3 29 1 42 36 11 17 39 40 34 43 
43 34 40 39 17 11 36 42 1 29 3 2 24 0 6 10 12 4 22 44 30 35 49 31 8 46 15 23 45 27 21 32 28 5 38 20 26 18 19 37 48 9 33 41 16 25 7 14 13 47 
0 12 27 15 24 17 28 35 25 3 11 38 31 21 41 1 40 29 13 33 49 22 7 32 16 4 10 18 5 48 23 9 30 34 39 2 37 47 14 6 42 20 45 8 36 46 26 44 19 43 
43 19 44 26 46 36 8 45 20 42 6 14 47 37 2 39 34 30 9 23 48 5 18 10 4 16 32 7 22 49 33 13 29 40 1 41 21 31 38 11 3 25 35 28 17 24 15 27 12 0 
22 3 35 47 32 29 21 4 18 26 17 12 45 46 34 19 30 16 13 0 24 40 27 8 15 42 31 33 49 14 28 48 11 44 39 7 37 20 38 36 43 41 10 5 25 23 2 1 6 9 
9 6 1 2 23 25 5 10 41 43 36 38 20 37 7 39 44 11 48 28 14 49 33 31 42 15 8 27 40 24 0 13 16 30 19 34 46 45 12 17 26 18 4 21 29 32 47 35 3 22 
4 18 41 23 45 3 39 20 37 32 40 30 28 10 16 1 42 15 19 43 29 36 26 47 14 24 25 48 8 31 13 9 0 44 38 46 17 12 22 34 7 27 21 6 2 35 11 49 33 5 
5 33 49 11 35 2 6 21 27 7 34 22 12 17 46 38 44 0 9 13 31 8 48 25 24 14 47 26 36 29 43 19 15 42 1 16 10 28 30 40 32 37 20 39 3 45 23 41 18 4 
21 36 44 33 25 10 40 15 16 22 45 17 20 7 35 30 24 12 5 19 4 1 3 38 6 27 18 14 37 48 2 9 47 39 32 43 26 13 41 0 42 46 49 23 34 28 31 11 8 29 
29 8 11 31 28 34 23 49 46 42 0 41 13 26 43 32 39 47 9 2 48 37 14 18 27 6 38 3 1 4 19 5 12 24 30 35 7 20 17 45 22 16 15 40 10 25 33 44 36 21 
20 18 42 25 30 1 45 21 47 36 5 33 26 38 17 31 49 27 40 12 6 9 34 3 48 0 46 41 8 35 2 4 29 44 23 22 43 39 14 28 16 13 24 32 10 19 11 7 15 37 
37 15 7 11 19 10 32 24 13 16 28 14 39 43 22 23 44 29 4 2 35 8 41 46 0 48 3 34 9 6 12 40 27 49 31 17 38 26 33 5 36 47 21 45 1 30 25 42 18 20 
1 37 26 6 12 23 0 47 4 39 14 48 19 36 41 20 29 18 17 24 22 5 21 16 32 45 35 38 27 9 11 43 15 42 2 30 25 7 44 33 3 10 40 13 8 49 34 28 46 31 
31 46 28 34 49 8 13 40 10 3 33 44 7 25 30 2 42 15 43 11 9 27 38 35 45 32 16 21 5 22 24 17 18 29 20 41 36 19 48 14 39 4 47 0 23 12 6 26 37 1 
14 35 39 31 20 21 38 46 11 45 3 19 17 15 43 23 27 28 22 10 47 6 37 12 18 30 13 5 29 33 24 41 36 26 0 2 32 4 44 25 34 1 42 49 8 40 7 48 16 9 
9 16 48 7 40 8 49 42 1 34 25 44 4 32 2 0 26 36 41 24 33 29 5 13 30 18 12 37 6 47 10 22 28 27 23 43 15 17 19 3 45 11 46 38 21 20 31 39 35 14 
42 12 21 15 32 43 47 19 25 9 3 24 41 39 13 1 6 33 34 35 8 28 0 18 30 2 16 44 26 31 48 11 37 46 40 7 23 45 27 36 22 38 10 17 14 5 4 20 29 49 
49 29 20 4 5 14 17 10 38 22 36 27 45 23 7 40 46 37 11 48 31 26 44 16 2 30 18 0 28 8 35 34 33 6 1 13 39 41 24 3 9 25 19 47 43 32 15 21 12 42 
41 22 31 9 15 44 28 0 16 32 5 48 2 35 36 18 46 39 24 37 49 4 25 42 45 12 7 8 10 19 11 13 33 21 1 3 6 38 30 14 26 43 20 17 29 47 40 27 34 23 
23 34 27 40 47 29 17 20 43 26 14 30 38 6 3 1 21 33 13 11 19 10 8 7 12 45 42 25 4 49 37 24 39 46 18 36 35 2 48 5 32 16 0 28 44 15 9 31 22 41 
25 22 8 2 35 23 16 9 1 10 21 12 11 19 30 37 14 4 49 5 6 18 46 40 34 44 17 3 13 42 27 47 43 0 15 33 24 36 45 39 38 48 20 32 7 29 26 31 41 28 
28 41 31 26 29 7 32 20 48 38 39 45 36 24 33 15 0 43 47 27 42 13 3 17 44 34 40 46 18 6 5 49 4 14 37 30 19 11 12 21 10 1 9 16 23 35 2 8 22 25 
6 19 4 27 16 20 46 26 41 22 43 13 1 49 21 15 32 29 7 42 35 17 36 47 11 24 12 39 5 34 9 38 40 8 10 44 28 25 31 45 18 3 14 48 33 30 23 0 2 37 
37 2 0 23 30 33 48 14 3 18 45 31 25 28 44 10 8 40 38 9 34 5 39 12 24 11 47 36 17 35 42 7 29 32 15 21 49 1 13 43 22 41 26 46 20 16 27 4 19 6 
36 22 48 12 15 16 2 42 23 11 46 24 20 41 26 34 45 10 27 21 44 3 38 43 18 8 19 47 17 9 30 49 39 32 0 28 6 35 29 13 4 40 5 37 14 7 1 25 33 31 
31 33 25 1 7 14 37 5 40 4 13 29 35 6 28 0 32 39 49 30 9 17 47 19 8 18 43 38 3 44 21 27 10 45 34 26 41 20 24 46 11 23 42 2 16 15 12 48 22 36 
3 24 47 31 9 18 30 15 42 25 16 11 39 26 28 21 33 37 49 40 0 20 8 10 46 1 45 12 2 5 4 48 14 32 44 27 19 43 36 22 13 17 35 38 34 41 29 6 7 23 
23 7 6 29 41 34 38 35 17 13 22 36 43 19 27 44 32 14 48 4 5 2 12 45 1 46 10 8 20 0 40 49 37 33 21 28 26 39 11 16 25 42 15 30 18 9 31 47 24 3 
45 48 34 37 22 44 8 40 29 38 49 46 43 28 47 42 32 41 39 33 26 1 31 20 30 27 36 35 18 6 21 16 17 19 14 15 23 13 25 11 9 12 7 2 5 0 24 3 4 10 
10 4 3 24 0 5 2 7 12 9 11 25 13 23 15 14 19 17 16 21 6 18 35 36 27 30 20 31 1 26 33 39 41 32 42 47 28 43 46 49 38 29 40 8 44 22 37 34 48 45 
