110 4 28
26 25 27 16 22 6 24 4 14 20 18 13 19 2 17 23 0 12 15 9 11 5 8 21 7 3 10 1 
1 10 3 7 21 8 5 11 9 15 12 0 23 17 2 19 13 18 20 14 4 24 6 22 16 27 25 26 
18 13 4 24 11 0 22 5 7 12 9 20 10 25 1 26 21 27 2 3 8 15 16 23 6 17 14 19 
19 14 17 6 23 16 15 8 3 2 27 21 26 1 25 10 20 9 12 7 5 22 0 11 24 4 13 18 
21 15 20 7 3 4 23 25 0 13 10 14 16 11 19 26 27 6 18 17 22 24 5 1 12 8 2 9 
9 2 8 12 1 5 24 22 17 18 6 27 26 19 11 16 14 10 13 0 25 23 4 3 7 20 15 21 
27 12 0 11 3 10 4 24 6 8 16 21 19 25 9 1 14 22 17 15 18 5 20 7 13 23 2 26 
26 2 23 13 7 20 5 18 15 17 22 14 1 9 25 19 21 16 8 6 24 4 10 3 11 0 12 27 
6 17 22 19 10 20 24 12 13 1 2 4 7 8 0 3 26 23 25 14 5 27 16 18 21 11 9 15 
15 9 11 21 18 16 27 5 14 25 23 26 3 0 8 7 4 2 1 13 12 24 20 10 19 22 17 6 
23 14 24 25 17 5 4 21 12 2 10 26 9 7 6 15 13 27 8 18 0 11 16 22 19 20 1 3 
3 1 20 19 22 16 11 0 18 8 27 13 15 6 7 9 26 10 2 12 21 4 5 17 25 24 14 23 
8 14 7 26 11 10 2 4 17 18 19 21 22 27 15 9 3 24 13 23 20 12 25 1 16 0 5 6 
6 5 0 16 1 25 12 20 23 13 24 3 9 15 27 22 21 19 18 17 4 2 10 11 26 7 14 8 
9 4 13 16 3 10 23 22 26 12 19 5 2 14 11 15 6 25 1 24 8 7 17 21 20 18 27 0 
0 27 18 20 21 17 7 8 24 1 25 6 15 11 14 2 5 19 12 26 22 23 10 3 16 13 4 9 
2 25 19 5 11 7 24 10 14 16 18 3 20 27 1 4 6 9 0 21 23 8 26 17 13 22 12 15 
15 12 22 13 17 26 8 23 21 0 9 6 4 1 27 20 3 18 16 14 10 24 7 11 5 19 25 2 
6 18 10 7 27 13 12 25 14 23 8 22 9 5 15 3 20 4 19 0 11 17 21 16 24 26 2 1 
1 2 26 24 16 21 17 11 0 19 4 20 3 15 5 9 22 8 23 14 25 12 13 27 7 10 18 6 
19 22 10 25 0 21 23 1 15 18 24 26 11 9 6 12 14 7 16 2 17 3 27 20 8 4 13 5 
5 13 4 8 20 27 3 17 2 16 7 14 12 6 9 11 26 24 18 15 1 23 21 0 25 10 22 19 
9 8 25 7 22 3 18 16 2 0 4 15 17 26 10 6 5 21 20 12 19 23 27 13 1 11 24 14 
14 24 11 1 13 27 23 19 12 20 21 5 6 10 26 17 15 4 0 2 16 18 3 22 7 25 8 9 
26 12 27 15 10 17 5 18 3 25 1 0 14 22 2 13 6 24 21 4 19 20 8 11 7 9 16 23 
23 16 9 7 11 8 20 19 4 21 24 6 13 2 22 14 0 1 25 3 18 5 17 10 15 27 12 26 
20 0 14 18 10 5 6 19 2 26 8 9 27 4 7 1 23 3 24 15 13 16 25 12 17 11 22 21 
21 22 11 17 12 25 16 13 15 24 3 23 1 7 4 27 9 8 26 2 19 6 5 10 18 14 0 20 
15 2 4 1 23 27 14 0 6 22 7 11 20 16 10 12 5 8 18 26 25 24 21 13 17 9 3 19 
19 3 9 17 13 21 24 25 26 18 8 5 12 10 16 20 11 7 22 6 0 14 27 23 1 4 2 15 
4 18 23 25 10 20 17 11 8 2 1 22 13 16 27 3 21 5 19 12 24 15 0 14 9 26 6 7 
7 6 26 9 14 0 15 24 12 19 5 21 3 27 16 13 22 1 2 8 11 17 20 10 25 23 18 4 
0 22 3 5 27 8 24 23 10 15 20 26 13 19 14 4 1 21 25 7 9 17 2 11 18 6 16 12 
12 16 6 18 11 2 17 9 7 25 21 1 4 14 19 13 26 20 15 10 23 24 8 27 5 3 22 0 
24 14 8 23 18 0 13 2 3 11 26 6 25 19 15 9 22 10 17 16 7 5 12 4 1 27 20 21 
21 20 27 1 4 12 5 7 16 17 10 22 9 15 19 25 6 26 11 3 2 13 0 18 23 8 14 24 
15 8 16 13 5 1 4 18 6 22 23 12 25 7 11 0 2 19 14 26 27 17 24 3 10 9 21 20 
20 21 9 10 3 24 17 27 26 14 19 2 0 11 7 25 12 23 22 6 18 4 1 5 13 16 8 15 
1 25 2 17 9 3 20 23 12 14 8 4 11 15 18 6 24 10 13 19 7 26 0 21 27 22 5 16 
16 5 22 27 21 0 26 7 19 13 10 24 6 18 15 11 4 8 14 12 23 20 3 9 17 2 25 1 
4 26 24 3 7 1 2 13 10 27 9 6 22 21 23 16 0 17 18 8 5 25 14 11 20 12 19 15 
15 19 12 20 11 14 25 5 8 18 17 0 16 23 21 22 6 9 27 10 13 2 1 7 3 24 26 4 
6 8 10 18 24 3 4 12 22 15 21 14 2 5 17 1 16 23 20 26 0 9 11 13 7 27 19 25 
25 19 27 7 13 11 9 0 26 20 23 16 1 17 5 2 14 21 15 22 12 4 3 24 18 10 8 6 
21 2 22 14 8 12 3 19 4 9 20 26 16 18 25 1 7 24 5 23 6 27 15 13 11 17 0 10 
10 0 17 11 13 15 27 6 23 5 24 7 1 25 18 16 26 20 9 4 19 3 12 8 14 22 2 21 
26 23 18 4 6 5 11 27 1 15 21 2 8 19 0 3 17 7 12 9 10 25 22 20 14 13 24 16 
16 24 13 14 20 22 25 10 9 12 7 17 3 0 19 8 2 21 15 1 27 11 5 6 4 18 23 26 
1 8 17 14 7 0 4 13 9 16 27 12 22 21 25 10 24 20 26 23 11 18 15 3 6 2 19 5 
5 19 2 6 3 15 18 11 23 26 20 24 10 25 21 22 12 27 16 9 13 4 0 7 14 17 8 1 
15 11 7 3 22 5 6 24 17 20 0 4 14 21 26 25 23 8 19 18 2 13 16 10 1 9 27 12 
12 27 9 1 10 16 13 2 18 19 8 23 25 26 21 14 4 0 20 17 24 6 5 22 3 7 11 15 
9 17 14 22 1 21 5 13 11 18 19 27 3 25 4 6 15 20 10 8 26 23 2 7 24 12 16 0 
0 16 12 24 7 2 23 26 8 10 20 15 6 4 25 3 27 19 18 11 13 5 21 1 22 14 17 9 
10 20 25 11 4 18 26 14 15 12 21 13 6 1 16 0 3 5 17 27 7 24 9 8 2 22 19 23 
23 19 22 2 8 9 24 7 27 17 5 3 0 16 1 6 13 21 12 15 14 26 18 4 11 25 20 10 
21 20 13 1 26 8 22 6 2 24 15 16 12 10 19 18 27 9 25 0 3 14 23 5 17 7 4 11 
11 4 7 17 5 23 14 3 0 25 9 27 18 19 10 12 16 15 24 2 6 22 8 26 1 13 20 21 
6 27 15 7 2 13 8 21 10 19 16 23 14 17 4 5 24 20 11 9 1 18 22 3 26 12 25 0 
0 25 12 26 3 22 18 1 9 11 20 24 5 4 17 14 23 16 19 10 21 8 13 2 7 15 27 6 
23 12 27 24 25 6 3 5 8 14 13 9 21 20 1 16 11 0 2 4 7 22 26 19 18 10 15 17 
17 15 10 18 19 26 22 7 4 2 0 11 16 1 20 21 9 13 14 8 5 3 6 25 24 27 12 23 
16 14 27 3 5 23 17 24 11 12 13 8 22 7 18 25 19 1 15 10 21 2 0 20 26 6 9 4 
4 9 6 26 20 0 2 21 10 15 1 19 25 18 7 22 8 13 12 11 24 17 23 5 3 27 14 16 
24 18 16 15 9 6 26 21 5 17 7 23 22 20 2 13 3 27 10 1 11 8 4 25 14 0 19 12 
12 19 0 14 25 4 8 11 1 10 27 3 13 2 20 22 23 7 17 5 21 26 6 9 15 16 18 24 
13 0 21 6 5 9 11 19 16 4 20 23 12 8 15 7 10 22 27 18 24 1 14 2 17 3 25 26 
26 25 3 17 2 14 1 24 18 27 22 10 7 15 8 12 23 20 4 16 19 11 9 5 6 21 0 13 
4 7 1 18 24 19 5 16 8 2 21 26 12 25 0 9 11 17 6 27 15 20 14 13 3 23 10 22 
22 10 23 3 13 14 20 15 27 6 17 11 9 0 25 12 26 21 2 8 16 5 19 24 18 1 7 4 
8 1 11 26 25 6 5 20 10 21 23 16 14 24 19 7 12 3 15 9 4 17 22 18 13 2 27 0 
0 27 2 13 18 22 17 4 9 15 3 12 7 19 24 14 16 23 21 10 20 5 6 25 26 11 1 8 
12 21 7 20 18 2 23 14 11 10 9 5 22 1 0 25 6 26 27 19 17 24 15 13 8 4 3 16 
16 3 4 8 13 15 24 17 19 27 26 6 25 0 1 22 5 9 10 11 14 23 2 18 20 7 21 12 
19 15 10 5 9 14 17 26 20 13 12 23 16 18 2 0 22 24 4 27 8 7 11 6 21 25 3 1 
1 3 25 21 6 11 7 8 27 4 24 22 0 2 18 16 23 12 13 20 26 17 14 9 5 10 15 19 
19 17 21 27 18 3 12 4 2 13 23 1 26 11 15 16 10 6 14 25 5 9 8 22 7 24 20 0 
0 20 24 7 22 8 9 5 25 14 6 10 16 15 11 26 1 23 13 2 4 12 3 18 27 21 17 19 
11 12 27 17 20 6 22 19 18 23 14 7 26 8 3 15 5 21 25 10 1 13 4 24 9 0 16 2 
2 16 0 9 24 4 13 1 10 25 21 5 15 3 8 26 7 14 23 18 19 22 6 20 17 27 12 11 
26 8 20 13 0 17 23 10 11 3 18 24 9 2 19 1 15 25 27 4 21 16 14 6 12 22 7 5 
5 7 22 12 6 14 16 21 4 27 25 15 1 19 2 9 24 18 3 11 10 23 17 0 13 20 8 26 
9 25 24 18 7 23 27 21 0 14 22 13 1 6 8 17 10 4 26 12 19 3 5 2 20 16 15 11 
11 15 16 20 2 5 3 19 12 26 4 10 17 8 6 1 13 22 14 0 21 27 23 7 18 24 25 9 
26 3 1 11 6 7 13 25 17 16 23 12 0 21 18 19 10 2 22 4 27 15 20 9 5 8 24 14 
14 24 8 5 9 20 15 27 4 22 2 10 19 18 21 0 12 23 16 17 25 13 7 6 11 1 3 26 
23 16 1 11 4 18 9 17 0 15 24 10 12 3 8 5 20 21 27 6 25 26 22 7 2 19 14 13 
13 14 19 2 7 22 26 25 6 27 21 20 5 8 3 12 10 24 15 0 17 9 18 4 11 1 16 23 
23 10 8 2 12 0 16 7 13 19 11 25 5 9 22 4 18 26 24 3 17 27 21 14 20 15 1 6 
6 1 15 20 14 21 27 17 3 24 26 18 4 22 9 5 25 11 19 13 7 16 0 12 2 8 10 23 
4 17 20 10 24 21 11 16 23 7 15 2 6 18 12 0 27 14 3 9 1 26 13 22 19 25 5 8 
8 5 25 19 22 13 26 1 9 3 14 27 0 12 18 6 2 15 7 23 16 11 21 24 10 20 17 4 
7 18 12 23 13 6 4 24 14 3 0 10 1 20 15 8 11 2 21 9 25 16 17 5 19 22 26 27 
27 26 22 19 5 17 16 25 9 21 2 11 8 15 20 1 10 0 3 14 24 4 6 13 23 12 18 7 
21 10 13 2 27 15 25 12 8 4 3 0 6 17 7 20 16 22 1 24 18 5 19 26 11 23 9 14 
14 9 23 11 26 19 5 18 24 1 22 16 20 7 17 6 0 3 4 8 12 25 15 27 2 13 10 21 
16 18 20 3 12 0 23 7 26 27 4 9 25 15 14 2 21 17 8 13 24 19 5 1 11 22 6 10 
10 6 22 11 1 5 19 24 13 8 17 21 2 14 15 25 9 4 27 26 7 23 0 12 3 20 18 16 
4 19 24 12 22 15 3 7 8 20 1 6 9 13 10 16 18 0 5 21 14 26 27 2 11 17 23 25 
25 23 17 11 2 27 26 14 21 5 0 18 16 10 13 9 6 1 20 8 7 3 15 22 12 24 19 4 
25 14 15 10 13 9 22 2 21 23 27 16 19 3 7 8 18 6 20 11 4 5 12 24 1 26 17 0 
0 17 26 1 24 12 5 4 11 20 6 18 8 7 3 19 16 27 23 21 2 22 9 13 10 15 14 25 
16 25 20 10 18 15 24 27 0 12 13 26 19 5 9 2 3 14 11 6 21 23 4 7 22 8 1 17 
17 1 8 22 7 4 23 21 6 11 14 3 2 9 5 19 26 13 12 0 27 24 15 18 10 20 25 16 
12 3 2 5 4 14 19 25 9 15 1 27 23 26 16 6 18 21 13 8 17 10 11 0 22 24 7 20 
20 7 24 22 0 11 10 17 8 13 21 18 6 16 26 23 27 1 15 9 25 19 14 4 5 2 3 12 
16 25 4 8 23 10 0 7 17 18 11 26 14 20 1 6 22 15 9 19 5 27 12 21 2 24 3 13 
13 3 24 2 21 12 27 5 19 9 15 22 6 1 20 14 26 11 18 17 7 0 10 23 8 4 25 16 
23 7 27 5 20 17 25 11 12 4 26 21 22 24 2 0 19 16 10 3 13 1 18 15 9 14 8 6 
6 8 14 9 15 18 1 13 3 10 16 19 0 2 24 22 21 26 4 12 11 25 17 20 5 27 7 23 
