64 4 12
8 4 7 9 5 2 11 0 3 10 6 1 
1 6 10 3 0 11 2 5 9 7 4 8 
5 9 10 7 0 8 1 2 4 6 3 11 
11 3 6 4 2 1 8 0 7 10 9 5 
2 9 8 3 11 1 5 4 6 10 7 0 
0 7 10 6 4 5 1 11 3 8 9 2 
8 2 10 5 1 7 11 6 9 3 0 4 
4 0 3 9 6 11 7 1 5 10 2 8 
6 7 3 10 9 8 11 4 0 2 5 1 
1 5 2 0 4 11 8 9 10 3 7 6 
11 7 9 4 10 1 8 3 2 6 5 0 
0 5 6 2 3 8 1 10 4 9 7 11 
1 9 2 3 7 6 4 0 8 5 10 11 
11 10 5 8 0 4 6 7 3 2 9 1 
4 10 2 6 11 9 0 8 1 5 3 7 
7 3 5 1 8 0 9 11 6 2 10 4 
1 9 0 10 11 6 8 7 5 3 4 2 
2 4 3 5 7 8 6 11 10 0 9 1 
6 9 5 1 11 4 7 2 10 0 3 8 
8 3 0 10 2 7 4 11 1 5 9 6 
5 10 9 3 4 6 2 8 7 1 0 11 
11 0 1 7 8 2 6 4 3 9 10 5 
4 8 6 10 3 1 5 9 0 2 11 7 
7 11 2 0 9 5 1 3 10 6 8 4 
3 0 8 9 5 4 1 7 10 6 11 2 
2 11 6 10 7 1 4 5 9 8 0 3 
8 9 7 6 2 0 4 1 11 10 3 5 
5 3 10 11 1 4 0 2 6 7 9 8 
0 11 4 10 9 2 7 3 8 5 6 1 
1 6 5 8 3 7 2 9 10 4 11 0 
4 1 2 10 8 0 7 9 5 6 3 11 
11 3 6 5 9 7 0 8 10 2 1 4 
7 10 0 3 2 1 11 8 6 5 4 9 
9 4 5 6 8 11 1 2 3 0 10 7 
10 9 1 4 3 8 11 7 0 6 2 5 
5 2 6 0 7 11 8 3 4 1 9 10 
1 3 11 9 8 10 2 0 6 4 5 7 
7 5 4 6 0 2 10 8 9 11 3 1 
7 6 8 1 11 0 4 5 10 2 3 9 
9 3 2 10 5 4 0 11 1 8 6 7 
8 6 0 1 9 3 2 7 5 11 10 4 
4 10 11 5 7 2 3 9 1 0 6 8 
1 7 10 11 3 4 9 5 6 8 0 2 
2 0 8 6 5 9 4 3 11 10 7 1 
10 0 8 11 3 5 6 7 1 9 4 2 
2 4 9 1 7 6 5 3 11 8 0 10 
1 8 10 6 4 7 2 5 0 11 3 9 
9 3 11 0 5 2 7 4 6 10 8 1 
0 5 4 7 1 9 8 3 2 10 6 11 
11 6 10 2 3 8 9 1 7 4 5 0 
4 0 8 2 1 5 11 6 9 7 10 3 
3 10 7 9 6 11 5 1 2 8 0 4 
11 8 1 0 3 4 6 9 5 2 10 7 
7 10 2 5 9 6 4 3 0 1 8 11 
2 7 0 10 3 6 4 9 11 5 8 1 
1 8 5 11 9 4 6 3 10 0 7 2 
3 10 7 8 4 1 2 11 9 5 0 6 
6 0 5 9 11 2 1 4 8 7 10 3 
0 10 6 9 11 4 8 3 5 1 2 7 
7 2 1 5 3 8 4 11 9 6 10 0 
4 6 2 5 1 11 3 7 0 10 9 8 
8 9 10 0 7 3 11 1 5 2 6 4 
9 2 8 0 5 11 7 1 6 4 3 10 
10 3 4 6 1 7 11 5 0 8 2 9 
