84 4 17
16 9 14 12 2 5 13 11 10 6 7 3 1 4 15 0 8 
8 0 15 4 1 3 7 6 10 11 13 5 2 12 14 9 16 
11 3 2 1 5 0 9 8 10 16 7 14 15 12 4 13 6 
6 13 4 12 15 14 7 16 10 8 9 0 5 1 2 3 11 
5 2 3 14 16 4 6 8 15 11 9 0 13 12 1 7 10 
10 7 1 12 13 0 9 11 15 8 6 4 16 14 3 2 5 
8 13 6 5 1 9 3 12 16 11 2 0 4 14 10 15 7 
7 15 10 14 4 0 2 11 16 12 3 9 1 5 6 13 8 
2 11 14 13 9 0 4 7 8 5 1 6 12 15 3 16 10 
10 16 3 15 12 6 1 5 8 7 4 0 9 13 14 11 2 
9 16 1 6 15 0 13 10 2 11 5 14 8 4 3 7 12 
12 7 3 4 8 14 5 11 2 10 13 0 15 6 1 16 9 
0 6 14 1 3 7 16 8 2 9 10 13 12 15 4 11 5 
5 11 4 15 12 13 10 9 2 8 16 7 3 1 14 6 0 
1 14 15 8 9 10 2 6 12 7 5 16 11 13 0 3 4 
4 3 0 13 11 16 5 7 12 6 2 10 9 8 15 14 1 
6 2 8 7 0 12 16 13 1 14 5 4 11 9 15 10 3 
3 10 15 9 11 4 5 14 1 13 16 12 0 7 8 2 6 
9 7 13 2 15 1 16 4 3 10 8 11 0 6 12 14 5 
5 14 12 6 0 11 8 10 3 4 16 1 15 2 13 7 9 
1 4 5 16 13 0 10 14 9 15 6 7 12 3 2 11 8 
8 11 2 3 12 7 6 15 9 14 10 0 13 16 5 4 1 
12 15 16 11 0 7 2 6 4 5 1 8 14 3 13 10 9 
9 10 13 3 14 8 1 5 4 6 2 7 0 11 16 15 12 
7 6 11 16 9 8 4 10 2 1 13 3 5 14 12 15 0 
0 15 12 14 5 3 13 1 2 10 4 8 9 16 11 6 7 
13 7 14 15 11 6 5 3 10 8 0 12 9 2 1 4 16 
16 4 1 2 9 12 0 8 10 3 5 6 11 15 14 7 13 
3 1 11 6 14 12 4 9 2 13 16 15 8 7 5 0 10 
10 0 5 7 8 15 16 13 2 9 4 12 14 6 11 1 3 
2 4 15 6 13 0 9 5 16 3 7 14 11 10 1 12 8 
8 12 1 10 11 14 7 3 16 5 9 0 13 6 15 4 2 
8 9 5 6 4 7 0 14 2 3 1 15 12 10 13 11 16 
16 11 13 10 12 15 1 3 2 14 0 7 4 6 5 9 8 
5 1 15 4 7 9 11 3 12 0 16 13 14 8 6 10 2 
2 10 6 8 14 13 16 0 12 3 11 9 7 4 15 1 5 
11 0 15 10 16 8 14 1 5 6 9 12 4 2 13 7 3 
3 7 13 2 4 12 9 6 5 1 14 8 16 10 15 0 11 
1 13 8 15 14 11 16 5 7 2 3 4 12 0 9 10 6 
6 10 9 0 12 4 3 2 7 5 16 11 14 15 8 13 1 
4 13 11 6 1 8 10 0 7 3 15 9 2 14 16 12 5 
5 12 16 14 2 9 15 3 7 0 10 8 1 6 11 13 4 
12 9 3 15 8 2 11 16 10 4 13 5 0 1 6 7 14 
14 7 6 1 0 5 13 4 10 16 11 2 8 15 3 9 12 
5 6 2 10 11 15 1 7 13 12 4 0 3 8 14 16 9 
9 16 14 8 3 0 4 12 13 7 1 15 11 10 2 6 5 
4 14 10 6 15 3 16 13 2 1 11 9 0 8 5 12 7 
7 12 5 8 0 9 11 1 2 13 16 3 15 6 10 14 4 
2 1 12 16 7 10 4 15 5 6 11 9 14 13 8 3 0 
0 3 8 13 14 9 11 6 5 15 4 10 7 16 12 1 2 
9 4 16 6 1 11 7 5 10 8 12 14 0 13 3 2 15 
15 2 3 13 0 14 12 8 10 5 7 11 1 6 16 4 9 
7 12 10 1 6 2 8 3 0 5 4 9 13 15 16 14 11 
11 14 16 15 13 9 4 5 0 3 8 2 6 1 10 12 7 
3 10 2 13 7 16 14 5 6 0 1 15 9 4 12 8 11 
11 8 12 4 9 15 1 0 6 5 14 16 7 13 2 10 3 
16 2 15 4 7 14 8 12 1 3 13 6 9 11 0 5 10 
10 5 0 11 9 6 13 3 1 12 8 14 7 4 15 2 16 
1 4 8 2 11 16 6 15 5 10 3 13 12 9 7 0 14 
14 0 7 9 12 13 3 10 5 15 6 16 11 2 8 4 1 
15 8 3 12 0 4 10 2 9 1 16 5 14 7 11 6 13 
13 6 11 7 14 5 16 1 9 2 10 4 0 12 3 8 15 
14 4 10 5 3 12 1 11 8 6 9 7 13 16 15 2 0 
0 2 15 16 13 7 9 6 8 11 1 12 3 5 10 4 14 
6 9 16 15 12 3 14 4 5 10 11 2 0 1 13 7 8 
8 7 13 1 0 2 11 10 5 4 14 3 12 15 16 9 6 
5 0 16 3 10 7 11 4 15 1 6 14 13 8 12 2 9 
9 2 12 8 13 14 6 1 15 4 11 7 10 3 16 0 5 
11 4 12 1 0 2 3 6 14 5 7 15 10 9 8 16 13 
13 16 8 9 10 15 7 5 14 6 3 2 0 1 12 4 11 
14 15 11 2 5 7 8 6 0 4 10 9 1 16 3 13 12 
12 13 3 16 1 9 10 4 0 6 8 7 5 2 11 15 14 
16 0 11 8 5 13 15 14 12 4 9 2 7 3 1 10 6 
6 10 1 3 7 2 9 4 12 14 15 13 5 8 11 0 16 
7 9 15 8 3 5 13 6 16 11 1 14 0 2 4 12 10 
10 12 4 2 0 14 1 11 16 6 13 5 3 8 15 9 7 
14 3 8 4 11 1 12 13 5 7 6 2 9 10 15 0 16 
16 0 15 10 9 2 6 7 5 13 12 1 11 4 8 3 14 
0 1 8 13 12 15 2 6 7 9 4 10 11 14 3 5 16 
16 5 3 14 11 10 4 9 7 6 2 15 12 13 8 1 0 
15 6 11 13 4 1 7 0 8 16 9 10 3 14 12 5 2 
2 5 12 14 3 10 9 16 8 0 7 1 4 13 11 6 15 
5 10 16 8 3 14 1 11 9 7 2 4 12 15 13 0 6 
6 0 13 15 12 4 2 7 9 11 1 14 3 8 16 10 5 
