98 4 22
11 17 19 6 13 21 12 16 14 10 1 7 15 20 8 5 9 0 3 18 2 4 
4 2 18 3 0 9 5 8 20 15 7 1 10 14 16 12 21 13 6 19 17 11 
20 10 1 9 13 3 6 5 2 17 14 4 11 12 15 18 19 0 21 8 16 7 
7 16 8 21 0 19 18 15 12 11 4 14 17 2 5 6 3 13 9 1 10 20 
10 5 15 2 6 9 12 19 8 4 16 7 18 11 20 17 13 21 3 0 14 1 
1 14 0 3 21 13 17 20 11 18 7 16 4 8 19 12 9 6 2 15 5 10 
11 8 7 9 2 4 12 13 10 0 17 20 19 6 15 1 16 14 21 18 3 5 
5 3 18 21 14 16 1 15 6 19 20 17 0 10 13 12 4 2 9 7 8 11 
20 19 8 6 17 0 1 2 7 11 3 10 5 16 9 21 4 18 14 13 15 12 
12 15 13 14 18 4 21 9 16 5 10 3 11 7 2 1 0 17 6 8 19 20 
16 7 17 13 9 18 1 12 11 5 20 19 10 2 3 8 15 6 14 21 4 0 
0 4 21 14 6 15 8 3 2 10 19 20 5 11 12 1 18 9 13 17 7 16 
12 6 18 2 13 1 8 5 17 16 3 7 0 4 14 21 20 11 10 15 9 19 
19 9 15 10 11 20 21 14 4 0 7 3 16 17 5 8 1 13 2 18 6 12 
20 16 15 3 18 9 13 0 2 19 11 21 10 6 8 7 1 12 14 4 5 17 
17 5 4 14 12 1 7 8 6 10 21 11 19 2 0 13 9 18 3 15 16 20 
10 8 18 13 7 6 19 3 14 12 9 17 20 4 0 5 21 16 15 2 1 11 
11 1 2 15 16 21 5 0 4 20 17 9 12 14 3 19 6 7 13 18 8 10 
12 21 9 3 4 1 19 20 8 18 11 16 10 2 17 13 5 0 15 14 6 7 
7 6 14 15 0 5 13 17 2 10 16 11 18 8 20 19 1 4 3 9 21 12 
19 1 0 18 3 4 12 10 7 6 13 15 21 11 5 8 20 17 9 14 2 16 
16 2 14 9 17 20 8 5 11 21 15 13 6 7 10 12 4 3 18 0 1 19 
5 17 9 21 0 2 7 15 18 19 1 16 13 6 3 14 11 12 4 20 10 8 
8 10 20 4 12 11 14 3 6 13 16 1 19 18 15 7 2 0 21 9 17 5 
11 18 6 20 5 7 4 10 21 9 8 1 17 15 13 16 2 19 14 0 12 3 
3 12 0 14 19 2 16 13 15 17 1 8 9 21 10 4 7 5 20 6 18 11 
15 1 7 4 19 17 3 14 18 2 20 21 10 11 6 12 16 9 8 0 13 5 
5 13 0 8 9 16 12 6 11 10 21 20 2 18 14 3 17 19 4 7 1 15 
17 8 19 20 9 14 16 2 3 12 7 5 10 1 0 18 11 6 15 13 4 21 
21 4 13 15 6 11 18 0 1 10 5 7 12 3 2 16 14 9 20 19 8 17 
13 3 6 9 15 16 4 7 20 19 5 12 1 21 0 14 11 2 8 17 18 10 
10 18 17 8 2 11 14 0 21 1 12 5 19 20 7 4 16 15 9 6 3 13 
10 16 0 14 2 6 4 1 8 17 18 15 12 13 20 5 7 3 9 19 11 21 
21 11 19 9 3 7 5 20 13 12 15 18 17 8 1 4 6 2 14 0 16 10 
14 4 13 5 19 21 12 17 3 10 8 15 16 11 0 9 18 20 6 1 7 2 
2 7 1 6 20 18 9 0 11 16 15 8 10 3 17 12 21 19 5 13 4 14 
1 2 12 19 5 11 18 9 14 10 13 16 7 4 21 8 3 6 0 15 17 20 
20 17 15 0 6 3 8 21 4 7 16 13 10 14 9 18 11 5 19 12 2 1 
20 13 7 1 21 18 14 2 8 10 15 17 9 4 5 3 19 0 6 12 11 16 
16 11 12 6 0 19 3 5 4 9 17 15 10 8 2 14 18 21 1 7 13 20 
15 12 7 9 14 11 8 5 0 1 20 21 10 6 16 17 18 4 19 3 13 2 
2 13 3 19 4 18 17 16 6 10 21 20 1 0 5 8 11 14 9 7 12 15 
8 5 1 4 15 16 11 13 10 19 2 3 20 17 7 0 12 21 18 6 9 14 
14 9 6 18 21 12 0 7 17 20 3 2 19 10 13 11 16 15 4 1 5 8 
18 3 12 15 6 20 14 1 5 8 2 7 19 21 13 16 9 11 0 4 17 10 
10 17 4 0 11 9 16 13 21 19 7 2 8 5 1 14 20 6 15 12 3 18 
7 3 11 17 1 13 14 4 8 16 15 2 6 5 21 12 18 20 0 19 10 9 
9 10 19 0 20 18 12 21 5 6 2 15 16 8 4 14 13 1 17 11 3 7 
19 13 4 5 14 20 11 9 1 0 7 15 12 16 18 2 6 3 10 17 8 21 
21 8 17 10 3 6 2 18 16 12 15 7 0 1 9 11 20 14 5 4 13 19 
16 20 4 2 21 14 7 11 19 0 5 10 12 13 6 17 18 15 9 3 1 8 
8 1 3 9 15 18 17 6 13 12 10 5 0 19 11 7 14 21 2 4 20 16 
17 5 18 11 14 3 0 10 20 2 8 13 15 9 1 4 6 21 12 16 7 19 
19 7 16 12 21 6 4 1 9 15 13 8 2 20 10 0 3 14 11 18 5 17 
0 5 6 16 3 11 7 1 17 19 8 20 14 18 9 4 13 2 12 21 15 10 
10 15 21 12 2 13 4 9 18 14 20 8 19 17 1 7 11 3 16 6 5 0 
9 2 1 6 7 14 21 16 5 3 10 0 19 12 20 8 15 13 4 18 17 11 
11 17 18 4 13 15 8 20 12 19 0 10 3 5 16 21 14 7 6 1 2 9 
8 13 2 21 20 4 6 5 18 3 7 16 17 19 15 11 9 14 1 10 12 0 
0 12 10 1 14 9 11 15 19 17 16 7 3 18 5 6 4 20 21 2 13 8 
6 1 11 12 4 20 2 21 15 17 5 10 7 0 18 19 14 8 3 13 9 16 
16 9 13 3 8 14 19 18 0 7 10 5 17 15 21 2 20 4 12 11 1 6 
10 7 12 3 21 13 5 2 15 0 17 20 1 11 9 8 19 16 4 18 6 14 
14 6 18 4 16 19 8 9 11 1 20 17 0 15 2 5 13 21 3 12 7 10 
19 11 2 14 13 10 15 5 1 8 6 18 12 3 21 7 17 16 4 9 0 20 
20 0 9 4 16 17 7 21 3 12 18 6 8 1 5 15 10 13 14 2 11 19 
5 3 12 2 17 21 9 0 6 11 1 13 19 10 16 18 14 8 20 4 15 7 
7 15 4 20 8 14 18 16 10 19 13 1 11 6 0 9 21 17 2 12 3 5 
8 4 1 9 6 12 3 21 17 14 13 15 2 0 18 16 19 11 10 20 5 7 
7 5 20 10 11 19 16 18 0 2 15 13 14 17 21 3 12 6 9 1 4 8 
2 20 21 1 0 13 15 12 16 5 8 9 7 19 10 3 4 11 17 14 6 18 
18 6 14 17 11 4 3 10 19 7 9 8 5 16 12 15 13 0 1 21 20 2 
8 21 16 7 5 18 3 10 9 4 12 19 1 2 14 6 11 13 15 17 20 0 
0 20 17 15 13 11 6 14 2 1 19 12 4 9 10 3 18 5 7 16 21 8 
18 1 7 13 19 17 0 21 5 6 14 15 9 20 10 4 8 3 2 12 16 11 
11 16 12 2 3 8 4 10 20 9 15 14 6 5 21 0 17 19 13 7 1 18 
4 9 21 11 14 12 7 20 17 5 2 16 1 10 6 3 13 15 19 18 0 8 
8 0 18 19 15 13 3 6 10 1 16 2 5 17 20 7 12 14 11 21 9 4 
20 10 16 5 1 8 13 21 11 6 4 18 17 0 3 2 9 19 15 7 12 14 
14 12 7 15 19 9 2 3 0 17 18 4 6 11 21 13 8 1 5 16 10 20 
17 19 3 2 7 14 16 4 0 21 18 20 8 6 13 9 12 11 10 5 1 15 
15 1 5 10 11 12 9 13 6 8 20 18 21 0 4 16 14 7 2 3 19 17 
21 10 14 1 11 6 2 20 16 13 0 7 3 12 8 18 4 5 9 17 19 15 
15 19 17 9 5 4 18 8 12 3 7 0 13 16 20 2 6 11 1 14 10 21 
13 12 16 17 14 9 2 4 8 1 7 0 5 15 18 21 10 19 11 6 20 3 
3 20 6 11 19 10 21 18 15 5 0 7 1 8 4 2 9 14 17 16 12 13 
2 5 6 13 15 8 14 0 12 11 21 7 1 18 19 10 20 3 16 17 4 9 
9 4 17 16 3 20 10 19 18 1 7 21 11 12 0 14 8 15 13 6 5 2 
12 7 10 18 2 5 17 0 20 4 16 13 3 15 6 19 8 1 21 14 9 11 
11 9 14 21 1 8 19 6 15 3 13 16 4 20 0 17 5 2 18 10 7 12 
0 3 4 2 1 5 6 9 20 10 14 17 18 8 7 15 11 19 21 12 16 13 
13 16 12 21 19 11 15 7 8 18 17 14 10 20 9 6 5 1 2 4 3 0 
3 7 10 17 0 8 1 12 9 2 6 19 13 11 20 14 16 5 18 21 4 15 
15 4 21 18 5 16 14 20 11 13 19 6 2 9 12 1 8 0 17 10 7 3 
10 8 14 21 5 4 7 9 20 18 3 2 0 6 12 17 1 11 19 13 16 15 
15 16 13 19 11 1 17 12 6 0 2 3 18 20 9 7 4 5 21 14 8 10 
15 7 5 9 16 21 19 18 20 10 1 14 4 6 13 8 17 11 3 12 2 0 
0 2 12 3 11 17 8 13 6 4 14 1 10 20 18 19 21 16 9 5 7 15 
