180 4 90
86 89 77 85 68 83 82 71 88 74 70 79 81 76 87 80 67 78 75 69 73 61 72 84 65 64 58 63 62 59 51 54 60 66 39 55 56 37 42 25 34 47 49 53 57 52 46 50 43 40 41 45 48 27 33 44 21 32 36 28 35 30 26 29 18 23 17 20 24 31 38 11 10 12 9 8 4 3 5 0 22 13 15 14 16 2 19 6 1 7 
7 1 6 19 2 16 14 15 13 22 0 5 3 4 8 9 12 10 11 38 31 24 20 17 23 18 29 26 30 35 28 36 32 21 44 33 27 48 45 41 40 43 50 46 52 57 53 49 47 34 25 42 37 56 55 39 66 60 54 51 59 62 63 58 64 65 84 72 61 73 69 75 78 67 80 87 76 81 79 70 74 88 71 82 83 68 85 77 89 86 
83 82 79 84 58 62 85 81 76 67 69 54 42 57 27 33 30 26 17 4 3 87 61 60 39 25 49 46 41 45 32 36 20 11 12 5 13 16 6 78 56 38 2 22 7 19 50 1 48 53 14 66 72 86 15 0 8 9 10 31 24 23 18 29 21 44 40 43 52 47 34 37 55 75 89 51 73 80 88 71 77 35 28 59 70 68 63 64 65 74 
74 65 64 63 68 70 59 28 35 77 71 88 80 73 51 89 75 55 37 34 47 52 43 40 44 21 29 18 23 24 31 10 9 8 0 15 86 72 66 14 53 48 1 50 19 7 22 2 38 56 78 6 16 13 5 12 11 20 36 32 45 41 46 49 25 39 60 61 87 3 4 17 26 30 33 27 57 42 54 69 67 76 81 85 62 58 84 79 82 83 
66 60 25 54 53 57 50 45 48 75 27 32 30 38 0 22 19 67 62 58 84 82 37 47 52 44 88 29 70 18 83 43 77 24 31 13 12 65 16 63 6 59 89 7 40 3 4 86 23 74 85 64 1 17 2 21 68 26 14 15 8 9 10 28 35 71 80 73 51 34 55 79 81 76 33 87 69 36 41 46 49 42 5 11 20 78 61 72 56 39 
39 56 72 61 78 20 11 5 42 49 46 41 36 69 87 33 76 81 79 55 34 51 73 80 71 35 28 10 9 8 15 14 26 68 21 2 17 1 64 85 74 23 86 4 3 40 7 89 59 6 63 16 65 12 13 31 24 77 43 83 18 70 29 88 44 52 47 37 82 84 58 62 67 19 22 0 38 30 32 27 75 48 45 50 57 53 54 25 60 66 
40 43 23 52 47 10 12 8 37 3 13 14 32 73 28 16 64 41 78 61 39 67 19 30 45 1 75 54 55 76 71 33 81 6 58 84 53 25 68 85 89 86 66 5 74 72 83 20 11 35 82 70 77 42 36 88 79 60 50 7 57 62 27 49 46 69 87 65 63 59 80 51 2 15 38 0 22 34 9 31 24 26 17 4 48 44 29 56 21 18 
18 21 56 29 44 48 4 17 26 24 31 9 34 22 0 38 15 2 51 80 59 63 65 87 69 46 49 27 62 57 7 50 60 79 88 36 42 77 70 82 35 11 20 83 72 74 5 66 86 89 85 68 25 53 84 58 6 81 33 71 76 55 54 75 1 45 30 19 67 39 61 78 41 64 16 28 73 32 14 13 3 37 8 12 10 47 52 23 43 40 
20 53 85 89 86 16 12 18 31 10 62 15 2 19 6 44 32 52 49 0 25 55 36 30 60 28 63 26 61 81 23 17 42 72 43 73 80 79 56 70 54 39 82 77 75 83 68 48 74 67 69 4 51 11 76 57 27 37 34 40 14 22 47 78 84 65 5 3 64 59 46 41 71 88 8 21 9 87 66 50 45 13 38 58 29 24 33 7 35 1 
1 35 7 33 24 29 58 38 13 45 50 66 87 9 21 8 88 71 41 46 59 64 3 5 65 84 78 47 22 14 40 34 37 27 57 76 11 51 4 69 67 74 48 68 83 75 77 82 39 54 70 56 79 80 73 43 72 42 17 23 81 61 26 63 28 60 30 36 55 25 0 49 52 32 44 6 19 2 15 62 10 31 18 12 16 86 89 85 53 20 
70 74 17 5 11 22 6 30 27 50 59 15 41 72 31 37 12 9 55 49 67 21 39 58 80 61 88 68 38 32 16 86 53 76 40 7 28 60 69 29 85 47 52 82 20 54 71 34 19 10 89 13 83 64 78 18 56 79 62 42 1 35 44 33 24 81 87 51 43 66 2 23 8 25 57 45 48 75 26 0 3 84 65 63 46 14 4 36 77 73 
73 77 36 4 14 46 63 65 84 3 0 26 75 48 45 57 25 8 23 2 66 43 51 87 81 24 33 44 35 1 42 62 79 56 18 78 64 83 13 89 10 19 34 71 54 20 82 52 47 85 29 69 60 28 7 40 76 53 86 16 32 38 68 88 61 80 58 39 21 67 49 55 9 12 37 31 72 41 15 59 50 27 30 6 22 11 5 17 74 70 
40 53 60 34 55 78 80 64 36 41 32 42 3 88 83 65 9 50 17 54 66 13 35 2 15 6 76 46 29 61 24 81 52 56 16 82 77 89 70 12 1 27 73 57 20 33 75 18 74 0 45 79 43 5 21 58 14 85 48 8 19 30 22 4 38 63 84 87 11 59 71 23 67 51 86 31 62 47 69 10 37 44 26 39 25 72 49 68 7 28 
28 7 68 49 72 25 39 26 44 37 10 69 47 62 31 86 51 67 23 71 59 11 87 84 63 38 4 22 30 19 8 48 85 14 58 21 5 43 79 45 0 74 18 75 33 20 57 73 27 1 12 70 89 77 82 16 56 52 81 24 61 29 46 76 6 15 2 35 13 66 54 17 50 9 65 83 88 3 42 32 41 36 64 80 78 55 34 60 53 40 
33 19 27 57 54 51 81 18 16 8 69 76 47 0 21 6 42 20 75 88 66 28 63 65 78 67 12 85 9 41 72 77 32 10 40 22 74 24 7 37 35 60 5 64 15 31 68 4 58 49 46 53 73 80 84 3 14 62 89 25 30 56 29 70 39 44 17 26 61 1 59 11 55 34 38 50 86 36 48 2 43 23 83 13 45 82 87 71 52 79 
79 52 71 87 82 45 13 83 23 43 2 48 36 86 50 38 34 55 11 59 1 61 26 17 44 39 70 29 56 30 25 89 62 14 3 84 80 73 53 46 49 58 4 68 31 15 64 5 60 35 37 7 24 74 22 40 10 32 77 72 41 9 85 12 67 78 65 63 28 66 88 75 20 42 6 21 0 47 76 69 8 16 18 81 51 54 57 27 19 33 
34 13 24 35 12 42 11 5 78 43 58 48 60 23 75 63 4 67 72 15 16 89 50 51 25 3 7 57 73 17 76 70 82 71 85 44 28 83 9 45 31 47 27 80 19 53 0 26 41 39 87 86 36 33 74 65 88 37 10 79 55 81 1 68 38 84 54 18 22 8 69 21 62 40 2 6 59 66 32 30 77 52 61 56 29 49 14 20 46 64 
64 46 20 14 49 29 56 61 52 77 30 32 66 59 6 2 40 62 21 69 8 22 18 54 84 38 68 1 81 55 79 10 37 88 65 74 33 36 86 87 39 41 26 0 53 19 80 27 47 31 45 9 83 28 44 85 71 82 70 76 17 73 57 7 3 25 51 50 89 16 15 72 67 4 63 75 23 60 48 58 43 78 5 11 42 12 35 24 13 34 
73 74 60 10 76 89 38 1 86 69 41 39 43 88 22 70 32 27 48 42 44 2 78 21 62 68 13 18 57 3 40 59 5 45 35 63 54 25 14 36 52 34 16 31 87 46 61 8 82 65 6 72 51 19 24 79 12 64 50 15 0 37 83 20 11 49 81 28 67 7 29 77 71 84 26 23 33 53 75 30 55 58 56 4 9 17 80 66 47 85 
85 47 66 80 17 9 4 56 58 55 30 75 53 33 23 26 84 71 77 29 7 67 28 81 49 11 20 83 37 0 15 50 64 12 79 24 19 51 72 6 65 82 8 61 46 87 31 16 34 52 36 14 25 54 63 35 45 5 59 40 3 57 18 13 68 62 21 78 2 44 42 48 27 32 70 22 88 43 39 41 69 86 1 38 89 76 10 60 74 73 
36 72 82 19 68 61 15 67 62 0 27 14 10 7 40 28 46 9 18 37 50 33 75 35 70 65 30 42 78 38 89 4 5 2 54 80 32 59 64 48 76 23 87 85 66 1 34 49 77 60 52 13 17 39 86 71 11 43 58 81 16 73 29 69 25 47 55 21 63 88 84 3 56 26 22 57 20 74 51 53 6 24 41 12 45 44 31 8 83 79 
79 83 8 31 44 45 12 41 24 6 53 51 74 20 57 22 26 56 3 84 88 63 21 55 47 25 69 29 73 16 81 58 43 11 71 86 39 17 13 52 60 77 49 34 1 66 85 87 23 76 48 64 59 32 80 54 2 5 4 89 38 78 42 30 65 70 35 75 33 50 37 18 9 46 28 40 7 10 14 27 0 62 67 15 61 68 19 82 72 36 
48 39 54 25 78 65 21 77 28 73 3 55 12 59 6 70 42 64 87 86 27 38 58 24 17 41 10 23 79 0 15 34 56 44 33 67 66 45 60 40 7 14 26 52 20 11 82 85 68 4 75 9 62 53 29 46 71 19 2 22 81 49 80 37 13 18 83 36 57 61 8 74 30 35 88 72 84 5 51 89 69 43 50 16 76 47 1 31 32 63 
63 32 31 1 47 76 16 50 43 69 89 51 5 84 72 88 35 30 74 8 61 57 36 83 18 13 37 80 49 81 22 2 19 71 46 29 53 62 9 75 4 68 85 82 11 20 52 26 14 7 40 60 45 66 67 33 44 56 34 15 0 79 23 10 41 17 24 58 38 27 86 87 64 42 70 6 59 12 55 3 73 28 77 21 65 78 25 54 39 48 
23 40 0 52 46 4 15 88 58 80 85 5 21 39 67 81 51 31 13 62 87 44 68 29 41 38 72 6 70 64 73 71 50 57 25 12 35 1 48 79 69 77 53 10 47 61 18 30 27 63 42 78 74 55 7 83 8 60 20 36 14 32 76 65 43 3 17 28 49 45 75 24 86 66 56 22 82 59 84 37 33 34 16 89 19 9 26 2 54 11 
11 54 2 26 9 19 89 16 34 33 37 84 59 82 22 56 66 86 24 75 45 49 28 17 3 43 65 76 32 14 36 20 60 8 83 7 55 74 78 42 63 27 30 18 61 47 10 53 77 69 79 48 1 35 12 25 57 50 71 73 64 70 6 72 38 41 29 68 44 87 62 13 31 51 81 67 39 21 5 85 80 58 88 15 4 46 52 0 40 23 
37 35 20 27 70 25 7 61 43 0 17 57 34 71 76 63 38 86 64 84 53 55 9 5 2 66 31 3 42 8 62 21 46 19 73 67 69 32 79 77 49 23 13 88 72 33 54 12 48 68 26 24 36 89 22 59 47 40 52 83 58 85 39 56 81 16 18 65 28 78 4 87 15 45 51 6 82 14 74 10 11 30 60 1 80 50 75 44 29 41 
41 29 44 75 50 80 1 60 30 11 10 74 14 82 6 51 45 15 87 4 78 28 65 18 16 81 56 39 85 58 83 52 40 47 59 22 89 36 24 26 68 48 12 54 33 72 88 13 23 49 77 79 32 69 67 73 19 46 21 62 8 42 3 31 66 2 5 9 55 53 84 64 86 38 63 76 71 34 57 17 0 43 61 7 25 70 27 20 35 37 
79 18 59 67 68 81 5 46 88 32 23 86 45 7 77 21 30 56 9 15 17 47 57 48 10 60 66 61 44 76 73 82 16 55 51 43 41 19 26 64 11 50 1 63 13 14 27 4 72 20 29 89 37 0 34 8 83 85 39 78 80 25 69 35 54 70 75 31 12 71 2 62 33 6 28 38 84 24 74 53 65 22 42 52 58 3 87 49 40 36 
36 40 49 87 3 58 52 42 22 65 53 74 24 84 38 28 6 33 62 2 71 12 31 75 70 54 35 69 25 80 78 39 85 83 8 34 0 37 89 29 20 72 4 27 14 13 63 1 50 11 64 26 19 41 43 51 55 16 82 73 76 44 61 66 60 10 48 57 47 17 15 9 56 30 21 77 7 45 86 23 32 88 46 5 81 68 67 59 18 79 
76 24 19 73 11 47 83 38 10 7 77 25 35 54 80 68 8 81 50 32 75 46 34 36 41 55 87 49 31 18 5 70 40 26 58 56 43 20 82 4 67 74 59 2 48 3 29 28 79 6 63 61 53 45 89 1 15 44 69 27 0 9 52 84 30 39 21 42 33 60 88 51 13 22 78 65 23 85 12 17 72 37 57 86 16 62 71 64 14 66 
66 14 64 71 62 16 86 57 37 72 17 12 85 23 65 78 22 13 51 88 60 33 42 21 39 30 84 52 9 0 27 69 44 15 1 89 45 53 61 63 6 79 28 29 3 48 2 59 74 67 4 82 20 43 56 58 26 40 70 5 18 31 49 87 55 41 36 34 46 75 32 50 81 8 68 80 54 35 25 77 7 10 38 83 47 11 73 19 24 76 
69 56 70 13 82 26 55 32 85 8 63 6 60 5 65 14 44 34 75 46 38 67 61 58 19 39 17 18 74 21 43 7 25 83 15 66 36 71 52 12 10 47 84 88 86 41 24 54 30 76 0 80 57 28 23 62 37 78 73 42 2 11 33 4 64 31 68 16 50 49 29 48 77 1 72 79 59 45 51 40 3 81 87 9 22 35 20 27 53 89 
89 53 27 20 35 22 9 87 81 3 40 51 45 59 79 72 1 77 48 29 49 50 16 68 31 64 4 33 11 2 42 73 78 37 62 23 28 57 80 0 76 30 54 24 41 86 88 84 47 10 12 52 71 36 66 15 83 25 7 43 21 74 18 17 39 19 58 61 67 38 46 75 34 44 14 65 5 60 6 63 8 85 32 55 26 82 13 70 56 69 
78 8 82 2 50 10 29 25 21 33 72 63 23 18 57 58 49 35 84 31 83 77 53 39 51 17 14 40 75 41 5 19 86 64 70 24 15 60 87 42 43 69 59 61 81 6 65 9 11 37 85 32 27 44 56 71 73 38 89 22 79 54 3 68 7 46 45 47 16 20 34 30 36 0 66 74 12 76 88 52 48 55 80 67 62 1 13 4 28 26 
26 28 4 13 1 62 67 80 55 48 52 88 76 12 74 66 0 36 30 34 20 16 47 45 46 7 68 3 54 79 22 89 38 73 71 56 44 27 32 85 37 11 9 65 6 81 61 59 69 43 42 87 60 15 24 70 64 86 19 5 41 75 40 14 17 51 39 53 77 83 31 84 35 49 58 57 18 23 63 72 33 21 25 29 10 50 2 82 8 78 
2 61 43 47 27 60 73 5 85 71 24 0 39 52 49 75 57 68 6 56 51 54 64 7 17 48 74 45 16 87 26 80 18 3 21 35 53 14 11 82 1 70 19 78 62 36 20 72 50 81 9 38 10 84 77 66 22 25 40 37 28 79 33 59 4 8 31 69 55 32 58 23 88 34 42 83 86 15 13 76 67 44 46 12 63 30 89 41 29 65 
65 29 41 89 30 63 12 46 44 67 76 13 15 86 83 42 34 88 23 58 32 55 69 31 8 4 59 33 79 28 37 40 25 22 66 77 84 10 38 9 81 50 72 20 36 62 78 19 70 1 82 11 14 53 35 21 3 18 80 26 87 16 45 74 48 17 7 64 54 51 56 6 68 57 75 49 52 39 0 24 71 85 5 73 60 27 47 43 61 2 
69 37 36 64 43 31 59 20 83 33 38 15 75 68 16 27 74 19 53 58 48 1 87 46 23 17 63 78 24 30 66 80 25 79 10 52 65 51 76 32 29 26 0 39 55 13 35 5 86 82 28 8 2 67 60 73 41 6 71 62 50 14 89 57 40 45 12 18 88 85 56 7 72 54 70 44 61 21 47 11 34 22 84 81 42 9 49 77 4 3 
3 4 77 49 9 42 81 84 22 34 11 47 21 61 44 70 54 72 7 56 85 88 18 12 45 40 57 89 14 50 62 71 6 41 73 60 67 2 8 28 82 86 5 35 13 55 39 0 26 29 32 76 51 65 52 10 79 25 80 66 30 24 78 63 17 23 46 87 1 48 58 53 19 74 27 16 68 75 15 38 33 83 20 59 31 43 64 36 37 69 
60 55 62 19 59 78 71 26 40 7 70 72 45 84 51 24 58 44 32 46 81 53 14 69 10 16 2 73 12 27 82 30 88 56 41 64 23 36 21 35 31 74 34 67 49 52 89 5 47 6 3 37 48 4 65 77 13 29 43 83 20 57 42 22 61 11 15 33 76 28 38 85 68 63 25 80 9 54 8 75 87 1 18 86 17 0 50 66 39 79 
79 39 66 50 0 17 86 18 1 87 75 8 54 9 80 25 63 68 85 38 28 76 33 15 11 61 22 42 57 20 83 43 29 13 77 65 4 48 37 3 6 47 5 89 52 49 67 34 74 31 35 21 36 23 64 41 56 88 30 82 27 12 73 2 16 10 69 14 53 81 46 32 44 58 24 51 84 45 72 70 7 40 26 71 78 59 19 62 55 60 
5 82 42 0 24 16 48 1 37 81 14 53 36 67 41 49 59 44 85 8 66 70 51 39 71 2 77 38 7 55 63 60 29 40 76 89 17 47 58 61 79 22 11 31 75 23 88 12 73 62 87 50 33 46 18 69 13 19 54 74 25 26 65 43 27 9 68 10 35 86 4 34 72 80 64 45 20 56 84 15 57 78 52 30 3 32 21 28 83 6 
6 83 28 21 32 3 30 52 78 57 15 84 56 20 45 64 80 72 34 4 86 35 10 68 9 27 43 65 26 25 74 54 19 13 69 18 46 33 50 87 62 73 12 88 23 75 31 11 22 79 61 58 47 17 89 76 40 29 60 63 55 7 38 77 2 71 39 51 70 66 8 85 44 59 49 41 67 36 53 14 81 37 1 48 16 24 0 42 82 5 
53 80 43 61 23 35 12 21 6 47 63 2 76 65 45 70 87 49 85 37 10 15 88 33 59 69 50 7 24 26 54 55 4 57 22 16 1 20 44 67 77 78 86 83 3 30 32 82 66 5 31 13 73 60 39 56 62 36 27 51 9 0 42 8 28 38 71 75 72 19 29 40 46 58 79 52 84 74 68 48 25 81 34 64 17 11 14 41 89 18 
18 89 41 14 11 17 64 34 81 25 48 68 74 84 52 79 58 46 40 29 19 72 75 71 38 28 8 42 0 9 51 27 36 62 56 39 60 73 13 31 5 66 82 32 30 3 83 86 78 77 67 44 20 1 16 22 57 4 55 54 26 24 7 50 69 59 33 88 15 10 37 85 49 87 70 45 65 76 2 63 47 6 21 12 35 23 61 43 80 53 
56 87 54 51 15 30 86 70 36 77 22 20 39 23 46 64 47 78 76 37 2 74 45 67 40 44 57 58 8 71 1 28 42 17 49 82 89 19 0 35 68 26 34 12 50 53 21 84 60 18 83 27 41 63 3 24 80 81 7 29 69 13 5 66 52 11 9 75 32 43 4 48 62 55 6 59 14 16 79 72 65 10 38 88 25 61 73 85 31 33 
33 31 85 73 61 25 88 38 10 65 72 79 16 14 59 6 55 62 48 4 43 32 75 9 11 52 66 5 13 69 29 7 81 80 24 3 63 41 27 83 18 60 84 21 53 50 12 34 26 68 35 0 19 89 82 49 17 42 28 1 71 8 58 57 44 40 67 45 74 2 37 76 78 47 64 46 23 39 20 22 77 36 70 86 30 15 51 54 87 56 
67 35 6 39 82 24 13 31 84 74 9 44 43 37 77 46 16 26 54 10 80 40 79 30 5 25 18 27 89 65 11 88 71 1 64 55 57 28 36 53 61 15 8 48 17 87 47 51 33 32 38 78 3 70 20 85 29 23 76 72 14 22 62 41 2 83 59 19 81 21 34 12 73 0 75 56 86 63 58 49 60 52 45 69 68 42 4 66 7 50 
50 7 66 4 42 68 69 45 52 60 49 58 63 86 56 75 0 73 12 34 21 81 19 59 83 2 41 62 22 14 72 76 23 29 85 20 70 3 78 38 32 33 51 47 87 17 48 8 15 61 53 36 28 57 55 64 1 71 88 11 65 89 27 18 25 5 30 79 40 80 10 54 26 16 46 77 37 43 44 9 74 84 31 13 24 82 39 6 35 67 
71 3 27 22 66 41 8 89 29 58 7 65 36 48 16 79 85 35 32 26 10 72 70 47 15 53 21 42 46 75 11 76 86 0 43 84 80 60 59 13 87 52 31 77 61 37 34 6 18 67 39 1 25 68 78 45 73 49 9 56 23 44 50 69 82 14 33 51 30 64 83 88 74 38 62 54 63 81 57 55 20 17 40 4 12 2 19 5 24 28 
28 24 5 19 2 12 4 40 17 20 55 57 81 63 54 62 38 74 88 83 64 30 51 33 14 82 69 50 44 23 56 9 49 73 45 78 68 25 1 39 67 18 6 34 37 61 77 31 52 87 13 59 60 80 84 43 0 86 76 11 75 46 42 21 53 15 47 70 72 10 26 32 35 85 79 16 48 36 65 7 58 29 89 8 41 66 22 27 3 71 
1 26 82 51 52 49 32 27 12 48 80 57 75 73 71 77 53 44 5 59 33 9 13 17 69 4 10 37 79 46 58 40 89 54 84 76 64 7 21 50 65 41 87 66 19 6 31 42 2 16 56 35 70 8 60 36 63 28 39 24 68 85 30 15 81 34 20 45 25 86 22 43 67 88 3 55 29 74 72 61 62 23 47 14 0 38 78 18 11 83 
83 11 18 78 38 0 14 47 23 62 61 72 74 29 55 3 88 67 43 22 86 25 45 20 34 81 15 30 85 68 24 39 28 63 36 60 8 70 35 56 16 2 42 31 6 19 66 87 41 65 50 21 7 64 76 84 54 89 40 58 46 79 37 10 4 69 17 13 9 33 59 5 44 53 77 71 73 75 57 80 48 12 27 32 49 52 51 82 26 1 
87 60 77 13 76 53 57 31 33 8 56 70 68 9 52 30 59 75 14 89 25 10 88 85 2 42 19 11 1 0 64 12 58 3 43 7 72 55 65 47 82 79 44 5 15 49 27 83 66 78 67 81 38 74 28 62 23 41 61 71 6 35 29 26 16 86 24 17 4 32 69 22 48 39 63 84 80 40 45 46 54 50 34 51 18 37 36 21 20 73 
73 20 21 36 37 18 51 34 50 54 46 45 40 80 84 63 39 48 22 69 32 4 17 24 86 16 26 29 35 6 71 61 41 23 62 28 74 38 81 67 78 66 83 27 49 15 5 44 79 82 47 65 55 72 7 43 3 58 12 64 0 1 11 19 42 2 85 88 10 25 89 14 75 59 30 52 9 68 70 56 8 33 31 57 53 76 13 77 60 87 
9 17 70 48 39 83 6 23 16 71 68 33 42 36 32 88 19 25 8 69 80 45 51 40 20 11 67 62 89 77 65 26 58 43 22 2 41 61 52 4 50 63 30 73 7 82 35 86 18 27 21 78 76 81 56 87 0 31 53 34 47 72 24 1 14 12 85 13 59 5 57 54 46 55 37 38 3 64 74 66 29 49 79 84 60 75 44 10 15 28 
28 15 10 44 75 60 84 79 49 29 66 74 64 3 38 37 55 46 54 57 5 59 13 85 12 14 1 24 72 47 34 53 31 0 87 56 81 76 78 21 27 18 86 35 82 7 73 30 63 50 4 52 61 41 2 22 43 58 26 65 77 89 62 67 11 20 40 51 45 80 69 8 25 19 88 32 36 42 33 68 71 16 23 6 83 39 48 70 17 9 
25 73 61 26 78 19 76 15 48 88 85 31 82 22 40 34 41 37 46 30 77 72 87 50 81 0 66 6 17 44 5 43 84 54 52 23 59 36 7 83 60 21 33 9 74 28 16 57 12 24 69 14 70 86 2 51 80 8 10 75 39 89 53 29 4 18 20 3 67 79 45 27 49 13 11 64 63 68 38 56 65 55 1 58 62 32 47 35 71 42 
42 71 35 47 32 62 58 1 55 65 56 38 68 63 64 11 13 49 27 45 79 67 3 20 18 4 29 53 89 39 75 10 8 80 51 2 86 70 14 69 24 12 57 16 28 74 9 33 21 60 83 7 36 59 23 52 54 84 43 5 44 17 6 66 0 81 50 87 72 77 30 46 37 41 34 40 22 82 31 85 88 48 15 76 19 78 26 61 73 25 
30 70 41 65 81 57 3 80 62 19 1 24 28 0 61 33 86 31 46 13 40 21 16 74 58 27 11 56 23 83 84 59 60 48 55 76 49 63 9 20 18 35 32 15 73 71 82 22 25 85 39 66 75 6 10 68 47 54 29 26 12 5 51 36 87 64 37 17 42 44 52 38 88 14 4 79 78 45 53 69 77 34 8 67 89 72 43 2 7 50 
50 7 2 43 72 89 67 8 34 77 69 53 45 78 79 4 14 88 38 52 44 42 17 37 64 87 36 51 5 12 26 29 54 47 68 10 6 75 66 39 85 25 22 82 71 73 15 32 35 18 20 9 63 49 76 55 48 60 59 84 83 23 56 11 27 58 74 16 21 40 13 46 31 86 33 61 0 28 24 1 19 62 80 3 57 81 65 41 70 30 
87 27 14 83 86 5 88 89 63 6 47 46 60 20 59 0 11 13 33 32 12 26 71 54 30 51 53 49 24 43 72 41 70 66 52 65 84 38 73 40 77 19 39 15 62 34 1 8 50 79 78 48 42 4 17 75 74 80 81 61 67 29 7 23 21 76 3 9 45 2 25 44 16 57 69 56 36 85 22 68 10 82 18 58 28 35 37 55 64 31 
31 64 55 37 35 28 58 18 82 10 68 22 85 36 56 69 57 16 44 25 2 45 9 3 76 21 23 7 29 67 61 81 80 74 75 17 4 42 48 78 79 50 8 1 34 62 15 39 19 77 40 73 38 84 65 52 66 70 41 72 43 24 49 53 51 30 54 71 26 12 32 33 13 11 0 59 20 60 46 47 6 63 89 88 5 86 83 14 27 87 
84 57 7 15 75 52 40 76 26 18 55 77 39 29 23 63 41 27 16 33 82 38 34 12 78 62 49 86 48 11 89 35 68 20 88 1 66 31 44 61 60 45 69 80 3 17 46 14 70 47 6 42 37 19 58 51 28 85 32 87 83 13 24 2 30 25 10 22 0 79 43 72 5 71 53 64 21 50 4 56 36 74 9 65 81 67 73 59 54 8 
8 54 59 73 67 81 65 9 74 36 56 4 50 21 64 53 71 5 72 43 79 0 22 10 25 30 2 24 13 83 87 32 85 28 51 58 19 37 42 6 47 70 14 46 17 3 80 69 45 60 61 44 31 66 1 88 20 68 35 89 11 48 86 49 62 78 12 34 38 82 33 16 27 41 63 23 29 39 77 55 18 26 76 40 52 75 15 7 57 84 
13 22 64 39 21 70 49 60 62 10 81 61 4 47 34 51 0 66 82 15 25 11 69 89 23 38 26 9 6 83 46 76 63 56 1 40 28 53 79 41 37 68 24 88 2 54 58 36 84 43 75 16 50 87 14 12 57 55 3 27 48 67 30 35 31 8 85 52 59 20 32 18 77 33 74 71 7 78 29 72 80 86 44 42 73 5 19 45 17 65 
65 17 45 19 5 73 42 44 86 80 72 29 78 7 71 74 33 77 18 32 20 59 52 85 8 31 35 30 67 48 27 3 55 57 12 14 87 50 16 75 43 84 36 58 54 2 88 24 68 37 41 79 53 28 40 1 56 63 76 46 83 6 9 26 38 23 89 69 11 25 15 82 66 0 51 34 47 4 61 81 10 62 60 49 70 21 39 64 22 13 
79 74 82 12 2 35 16 41 54 61 29 47 69 84 11 33 44 46 63 0 19 68 39 52 53 36 22 55 5 4 77 65 15 57 67 72 59 17 8 83 73 89 28 78 27 56 48 49 6 23 13 7 64 75 45 60 30 70 25 18 88 71 34 24 37 58 81 76 20 10 86 85 26 3 40 50 42 38 31 80 21 14 32 62 9 43 1 51 66 87 
87 66 51 1 43 9 62 32 14 21 80 31 38 42 50 40 3 26 85 86 10 20 76 81 58 37 24 34 71 88 18 25 70 30 60 45 75 64 7 13 23 6 49 48 56 27 78 28 89 73 83 8 17 59 72 67 57 15 65 77 4 5 55 22 36 53 52 39 68 19 0 63 46 44 33 11 84 69 47 29 61 54 41 16 35 2 12 82 74 79 
2 58 46 25 15 68 20 78 83 59 16 47 9 12 28 66 39 34 52 74 14 57 32 70 87 48 35 81 7 85 73 67 0 89 40 22 55 33 84 86 80 64 41 82 43 10 49 65 1 4 42 45 24 31 51 56 63 38 77 61 69 79 13 5 17 19 36 21 26 62 71 44 3 27 50 75 29 76 6 72 8 37 88 60 11 18 54 53 30 23 
23 30 53 54 18 11 60 88 37 8 72 6 76 29 75 50 27 3 44 71 62 26 21 36 19 17 5 13 79 69 61 77 38 63 56 51 31 24 45 42 4 1 65 49 10 43 82 41 64 80 86 84 33 55 22 40 89 0 67 73 85 7 81 35 48 87 70 32 57 14 74 52 34 39 66 28 12 9 47 16 59 83 78 20 68 15 25 46 58 2 
38 24 4 36 76 6 82 73 72 66 33 81 40 12 8 86 52 46 3 63 30 87 67 29 17 37 68 47 16 79 7 21 80 25 2 64 60 14 35 74 22 26 70 9 58 83 18 57 19 77 32 11 42 39 62 71 15 1 34 53 31 61 51 54 65 59 28 10 69 45 5 23 56 88 75 27 20 78 41 13 48 50 84 85 49 0 89 44 55 43 
43 55 44 89 0 49 85 84 50 48 13 41 78 20 27 75 88 56 23 5 45 69 10 28 59 65 54 51 61 31 53 34 1 15 71 62 39 42 11 32 77 19 57 18 83 58 9 70 26 22 74 35 14 60 64 2 25 80 21 7 79 16 47 68 37 17 29 67 87 30 63 3 46 52 86 8 12 40 81 33 66 72 73 82 6 76 36 4 24 38 
75 69 35 86 52 32 33 82 51 34 7 6 28 67 11 70 29 88 1 23 55 57 72 59 78 41 24 46 85 62 26 76 64 53 25 0 17 42 18 50 2 65 47 31 9 54 8 30 45 43 19 39 49 4 73 66 16 89 74 21 81 87 71 84 38 13 36 15 27 12 44 80 58 83 20 61 77 48 40 60 37 68 3 56 10 63 79 5 14 22 
22 14 5 79 63 10 56 3 68 37 60 40 48 77 61 20 83 58 80 44 12 27 15 36 13 38 84 71 87 81 21 74 89 16 66 73 4 49 39 19 43 45 30 8 54 9 31 47 65 2 50 18 42 17 0 25 53 64 76 26 62 85 46 24 41 78 59 72 57 55 23 1 88 29 70 11 67 28 6 7 34 51 82 33 32 52 86 35 69 75 
83 17 85 1 7 66 59 44 88 42 18 19 84 70 49 3 21 11 53 23 34 0 10 30 16 65 87 38 82 64 77 20 39 69 73 14 35 12 4 48 76 74 40 32 86 61 50 79 28 43 5 46 62 8 47 6 60 58 80 52 55 54 78 22 71 15 24 36 29 57 33 89 81 63 31 68 9 56 26 75 72 67 37 27 13 2 25 45 51 41 
41 51 45 25 2 13 27 37 67 72 75 26 56 9 68 31 63 81 89 33 57 29 36 24 15 71 22 78 54 55 52 80 58 60 6 47 8 62 46 5 43 28 79 50 61 86 32 40 74 76 48 4 12 35 14 73 69 39 20 77 64 82 38 87 65 16 30 10 0 34 23 53 11 21 3 49 70 84 19 18 42 88 44 59 66 7 1 85 17 83 
64 26 80 0 74 73 62 49 47 42 58 77 15 6 5 29 45 17 76 36 78 53 40 67 11 25 86 14 16 4 70 75 13 32 44 56 35 51 66 63 88 54 83 84 38 28 61 33 48 41 59 10 3 68 31 43 82 81 2 37 60 7 20 71 46 23 22 72 52 1 55 27 8 9 85 21 30 65 79 50 18 12 69 39 57 89 19 24 34 87 
87 34 24 19 89 57 39 69 12 18 50 79 65 30 21 85 9 8 27 55 1 52 72 22 23 46 71 20 7 60 37 2 81 82 43 31 68 3 10 59 41 48 33 61 28 38 84 83 54 88 63 66 51 35 56 44 32 13 75 70 4 16 14 86 25 11 67 40 53 78 36 76 17 45 29 5 6 15 77 58 42 47 49 62 73 74 0 80 26 64 
81 25 10 71 76 17 47 86 39 12 56 59 3 36 88 5 26 27 35 62 52 2 50 80 41 18 44 85 66 83 22 64 73 20 84 15 33 43 67 7 6 89 75 46 38 29 51 34 77 30 42 19 72 87 24 11 21 28 74 57 16 13 55 82 70 37 68 69 60 65 0 9 23 45 63 1 49 78 79 32 31 40 8 54 58 53 14 61 4 48 
48 4 61 14 53 58 54 8 40 31 32 79 78 49 1 63 45 23 9 0 65 60 69 68 37 70 82 55 13 16 57 74 28 21 11 24 87 72 19 42 30 77 34 51 29 38 46 75 89 6 7 67 43 33 15 84 20 73 64 22 83 66 85 44 18 41 80 50 2 52 62 35 27 26 5 88 36 3 59 56 12 39 86 47 17 76 71 10 25 81 
43 84 31 66 28 60 67 78 46 65 68 6 48 22 50 56 8 30 35 86 38 53 36 55 57 69 12 11 82 40 62 47 51 10 17 81 23 80 4 7 87 13 89 0 76 20 25 74 72 1 59 3 61 27 75 58 88 5 21 41 44 2 64 39 9 26 49 33 19 14 79 85 42 52 63 73 37 54 18 45 29 83 70 34 71 24 15 32 77 16 
16 77 32 15 24 71 34 70 83 29 45 18 54 37 73 63 52 42 85 79 14 19 33 49 26 9 39 64 2 44 41 21 5 88 58 75 27 61 3 59 1 72 74 25 20 76 0 89 13 87 7 4 80 23 81 17 10 51 47 62 40 82 11 12 69 57 55 36 53 38 86 35 30 8 56 50 22 48 6 68 65 46 78 67 60 28 66 31 84 43 
38 23 89 75 57 20 4 55 67 35 40 19 56 6 84 42 59 74 83 17 10 85 46 52 37 72 24 36 11 45 32 47 21 88 25 27 49 1 73 60 68 0 50 76 33 15 14 65 16 39 71 8 9 70 29 31 78 26 63 34 79 86 82 5 77 81 53 87 2 28 66 12 22 3 44 51 80 69 61 43 62 54 30 58 7 64 13 18 48 41 
41 48 18 13 64 7 58 30 54 62 43 61 69 80 51 44 3 22 12 66 28 2 87 53 81 77 5 82 86 79 34 63 26 78 31 29 70 9 8 71 39 16 65 14 15 33 76 50 0 68 60 73 1 49 27 25 88 21 47 32 45 11 36 24 72 37 52 46 85 10 17 83 74 59 42 84 6 56 19 40 35 67 55 4 20 57 75 89 23 38 
28 63 40 21 1 75 36 27 47 81 14 59 42 55 25 31 61 64 30 54 87 8 48 15 82 12 22 88 18 4 7 17 72 37 11 52 84 13 45 80 32 70 2 24 83 65 71 41 56 68 78 44 23 26 5 20 35 73 66 53 89 62 79 67 57 49 85 10 16 33 34 50 58 69 60 38 0 51 6 86 74 9 43 76 3 29 19 46 77 39 
39 77 46 19 29 3 76 43 9 74 86 6 51 0 38 60 69 58 50 34 33 16 10 85 49 57 67 79 62 89 53 66 73 35 20 5 26 23 44 78 68 56 41 71 65 83 24 2 70 32 80 45 13 84 52 11 37 72 17 7 4 18 88 22 12 82 15 48 8 87 54 30 64 61 31 25 55 42 59 14 81 47 27 36 75 1 21 40 63 28 
68 62 84 41 73 82 8 16 47 87 24 61 4 59 34 35 20 60 13 33 50 80 79 72 6 36 23 58 88 28 39 86 49 45 27 18 76 37 48 25 19 64 56 12 71 0 77 9 32 29 70 38 63 55 43 57 14 54 51 3 67 46 2 40 17 44 75 66 69 78 85 65 5 21 1 31 10 30 15 11 26 81 89 83 52 7 74 53 22 42 
42 22 53 74 7 52 83 89 81 26 11 15 30 10 31 1 21 5 65 85 78 69 66 75 44 17 40 2 46 67 3 51 54 14 57 43 55 63 38 70 29 32 9 77 0 71 12 56 64 19 25 48 37 76 18 27 45 49 86 39 28 88 58 23 36 6 72 79 80 50 33 13 60 20 35 34 59 4 61 24 87 47 16 8 82 73 41 84 62 68 
7 59 74 12 56 76 13 65 71 63 57 6 61 32 23 31 41 0 39 17 14 50 81 34 10 77 22 58 48 67 29 54 20 24 75 72 42 26 1 68 70 36 27 64 18 69 5 66 9 84 38 53 73 15 47 82 25 3 4 86 40 46 87 16 89 62 30 43 35 79 45 28 83 44 85 60 33 8 52 19 78 21 55 88 51 80 49 11 37 2 
2 37 11 49 80 51 88 55 21 78 19 52 8 33 60 85 44 83 28 45 79 35 43 30 62 89 16 87 46 40 86 4 3 25 82 47 15 73 53 38 84 9 66 5 69 18 64 27 36 70 68 1 26 42 72 75 24 20 54 29 67 48 58 22 77 10 34 81 50 14 17 39 0 41 31 23 32 61 6 57 63 71 65 13 76 56 12 74 59 7 
17 72 57 87 21 67 73 28 70 16 13 38 49 58 43 3 37 50 44 11 75 2 18 47 40 33 30 63 86 81 53 22 41 48 55 74 46 77 26 24 42 89 76 79 12 85 59 39 19 36 51 61 32 84 15 7 4 78 66 56 31 10 34 83 35 14 52 27 23 54 6 1 68 71 8 80 88 60 64 0 62 69 82 45 25 9 5 65 29 20 
20 29 65 5 9 25 45 82 69 62 0 64 60 88 80 8 71 68 1 6 54 23 27 52 14 35 83 34 10 31 56 66 78 4 7 15 84 32 61 51 36 19 39 59 85 12 79 76 89 42 24 26 77 46 74 55 48 41 22 53 81 86 63 30 33 40 47 18 2 75 11 44 50 37 3 43 58 49 38 13 16 70 28 73 67 21 87 57 72 17 
48 79 31 71 64 20 24 76 85 86 15 47 51 3 46 75 72 8 11 32 44 58 6 40 68 59 45 61 43 82 65 21 2 77 62 41 30 54 34 14 17 67 12 36 25 57 16 74 55 18 60 9 49 7 33 5 38 69 80 56 23 88 63 35 0 87 28 89 42 53 4 13 37 19 22 81 50 83 84 39 52 10 26 1 66 29 78 70 27 73 
73 27 70 78 29 66 1 26 10 52 39 84 83 50 81 22 19 37 13 4 53 42 89 28 87 0 35 63 88 23 56 80 69 38 5 33 7 49 9 60 18 55 74 16 57 25 36 12 67 17 14 34 54 30 41 62 77 2 21 65 82 43 61 45 59 68 40 6 58 44 32 11 8 72 75 46 3 51 47 15 86 85 76 24 20 64 71 31 79 48 
33 27 36 45 85 34 12 80 53 30 70 56 42 38 88 48 14 57 86 5 28 29 18 76 39 24 84 25 51 32 81 47 74 23 43 11 46 7 79 69 59 65 37 58 3 73 82 1 31 0 68 13 50 78 64 6 71 20 52 21 16 2 44 89 75 22 55 49 62 10 15 61 66 63 19 8 4 40 17 87 41 60 67 83 35 77 54 72 26 9 
9 26 72 54 77 35 83 67 60 41 87 17 40 4 8 19 63 66 61 15 10 62 49 55 22 75 89 44 2 16 21 52 20 71 6 64 78 50 13 68 0 31 1 82 73 3 58 37 65 59 69 79 7 46 11 43 23 74 47 81 32 51 25 84 24 39 76 18 29 28 5 86 57 14 48 88 38 42 56 70 30 53 80 12 34 85 45 36 27 33 
4 37 69 48 18 39 72 47 40 5 1 57 88 89 53 71 34 15 56 28 67 41 2 66 60 65 19 26 61 33 25 3 73 24 32 87 62 85 54 13 59 23 12 80 29 68 8 17 43 49 14 35 36 86 9 83 27 21 42 7 30 31 74 78 70 79 52 76 44 84 77 38 50 75 20 81 82 63 55 64 46 0 6 45 10 51 58 16 22 11 
11 22 16 58 51 10 45 6 0 46 64 55 63 82 81 20 75 50 38 77 84 44 76 52 79 70 78 74 31 30 7 42 21 27 83 9 86 36 35 14 49 43 17 8 68 29 80 12 23 59 13 54 85 62 87 32 24 73 3 25 33 61 26 19 65 60 66 2 41 67 28 56 15 34 71 53 89 88 57 1 5 40 47 72 39 18 48 69 37 4 
46 14 70 27 19 68 34 87 41 2 71 69 44 42 76 4 30 16 55 31 6 80 1 66 54 35 36 0 72 48 67 83 12 75 88 43 21 64 49 40 39 9 29 45 10 84 57 81 26 5 65 62 20 24 11 47 60 73 37 86 18 8 59 61 58 82 50 53 74 17 51 63 52 85 13 3 33 25 28 22 23 7 77 89 79 15 78 56 38 32 
32 38 56 78 15 79 89 77 7 23 22 28 25 33 3 13 85 52 63 51 17 74 53 50 82 58 61 59 8 18 86 37 73 60 47 11 24 20 62 65 5 26 81 57 84 10 45 29 9 39 40 49 64 21 43 88 75 12 83 67 48 72 0 36 35 54 66 1 80 6 31 55 16 30 4 76 42 44 69 71 2 41 87 34 68 19 27 70 14 46 
5 42 52 76 62 65 28 43 29 82 54 53 30 58 51 40 35 72 9 59 20 7 83 79 38 57 56 22 34 16 6 87 48 75 88 12 73 46 37 45 85 19 63 13 15 25 10 21 36 77 27 49 14 41 4 78 67 81 39 8 64 89 24 2 74 69 17 86 1 47 71 31 32 66 70 18 80 23 55 3 11 50 26 68 61 44 0 84 33 60 
60 33 84 0 44 61 68 26 50 11 3 55 23 80 18 70 66 32 31 71 47 1 86 17 69 74 2 24 89 64 8 39 81 67 78 4 41 14 49 27 77 36 21 10 25 15 13 63 19 85 45 37 46 73 12 88 75 48 87 6 16 34 22 56 57 38 79 83 7 20 59 9 72 35 40 51 58 30 53 54 82 29 43 28 65 62 76 52 42 5 
2 37 23 32 87 12 75 45 65 66 25 46 86 4 5 10 55 70 61 77 53 3 28 84 34 27 83 41 52 64 47 38 14 21 6 89 18 72 48 51 16 80 8 71 76 56 31 11 19 58 69 82 62 44 81 54 33 29 74 78 17 22 0 24 68 85 26 13 30 9 42 40 60 15 7 79 63 57 73 35 1 20 59 39 67 36 43 50 49 88 
88 49 50 43 36 67 39 59 20 1 35 73 57 63 79 7 15 60 40 42 9 30 13 26 85 68 24 0 22 17 78 74 29 33 54 81 44 62 82 69 58 19 11 31 56 76 71 8 80 16 51 48 72 18 89 6 21 14 38 47 64 52 41 83 27 34 84 28 3 53 77 61 70 55 10 5 4 86 46 25 66 65 45 75 12 87 32 23 37 2 
13 36 49 16 83 77 72 82 24 22 35 3 68 14 64 17 69 0 85 65 81 18 55 59 76 27 28 39 45 15 43 57 38 58 7 6 51 19 1 32 4 41 79 88 52 26 10 31 47 56 87 37 89 5 34 33 80 75 66 63 30 73 86 61 78 20 2 67 84 46 70 53 29 12 9 60 44 50 48 23 8 42 40 25 71 11 54 62 74 21 
21 74 62 54 11 71 25 40 42 8 23 48 50 44 60 9 12 29 53 70 46 84 67 2 20 78 61 86 73 30 63 66 75 80 33 34 5 89 37 87 56 47 31 10 26 52 88 79 41 4 32 1 19 51 6 7 58 38 57 43 15 45 39 28 27 76 59 55 18 81 65 85 0 69 17 64 14 68 3 35 22 24 82 72 77 83 16 49 36 13 
18 12 0 6 59 89 47 78 8 80 81 37 42 38 73 54 82 26 84 70 20 51 68 30 3 60 31 43 1 34 17 83 45 58 2 79 40 55 65 22 15 75 5 49 39 25 35 33 71 13 23 87 88 77 28 48 72 10 57 46 62 56 16 61 66 64 74 50 29 69 86 67 32 21 24 44 52 36 85 27 76 7 41 4 53 11 63 19 14 9 
9 14 19 63 11 53 4 41 7 76 27 85 36 52 44 24 21 32 67 86 69 29 50 74 64 66 61 16 56 62 46 57 10 72 48 28 77 88 87 23 13 71 33 35 25 39 49 5 75 15 22 65 55 40 79 2 58 45 83 17 34 1 43 31 60 3 30 68 51 20 70 84 26 82 54 73 38 42 37 81 80 8 78 47 89 59 6 0 12 18 
74 30 13 29 73 28 66 25 69 49 24 7 55 88 6 61 75 20 36 89 2 42 71 76 0 37 48 84 77 3 9 10 51 39 82 86 21 18 46 4 50 83 67 8 87 11 14 85 32 63 15 45 22 62 70 53 59 78 41 27 80 81 23 52 79 60 31 56 16 64 47 26 40 65 5 54 72 33 58 35 44 1 12 43 38 57 68 34 17 19 
19 17 34 68 57 38 43 12 1 44 35 58 33 72 54 5 65 40 26 47 64 16 56 31 60 79 52 23 81 80 27 41 78 59 53 70 62 22 45 15 63 32 85 14 11 87 8 67 83 50 4 46 18 21 86 82 39 51 10 9 3 77 84 48 37 0 76 71 42 2 89 36 20 75 61 6 88 55 7 24 49 69 25 66 28 73 29 13 30 74 
15 71 25 79 14 67 31 23 3 33 56 82 21 89 69 50 0 16 40 43 34 76 18 49 45 66 5 47 29 68 53 46 22 83 52 19 70 48 24 12 27 51 35 8 1 11 65 44 13 28 61 81 20 60 59 55 42 30 6 64 73 26 7 17 9 75 32 36 38 78 57 87 74 4 41 58 62 37 86 54 85 72 10 2 84 63 88 39 80 77 
77 80 39 88 63 84 2 10 72 85 54 86 37 62 58 41 4 74 87 57 78 38 36 32 75 9 17 7 26 73 64 6 30 42 55 59 60 20 81 61 28 13 44 65 11 1 8 35 51 27 12 24 48 70 19 52 83 22 46 53 68 29 47 5 66 45 49 18 76 34 43 40 16 0 50 69 89 21 82 56 33 3 23 31 67 14 79 25 71 15 
81 60 43 49 46 64 18 33 1 28 45 17 89 87 6 41 32 7 70 20 22 19 82 56 88 75 9 53 38 35 73 47 67 23 79 36 31 37 39 12 71 30 72 11 63 4 69 0 62 15 74 25 52 29 3 59 2 77 54 85 14 42 48 44 66 10 13 84 50 68 76 24 61 51 65 57 40 27 26 55 21 8 80 86 34 58 5 83 16 78 
78 16 83 5 58 34 86 80 8 21 55 26 27 40 57 65 51 61 24 76 68 50 84 13 10 66 44 48 42 14 85 54 77 2 59 3 29 52 25 74 15 62 0 69 4 63 11 72 30 71 12 39 37 31 36 79 23 67 47 73 35 38 53 9 75 88 56 82 19 22 20 70 7 32 41 6 87 89 17 45 28 1 33 18 64 46 49 43 60 81 
38 39 2 0 30 85 13 59 63 52 66 79 45 76 40 71 28 11 57 29 47 36 31 34 21 14 78 19 80 20 5 17 43 41 77 53 44 82 6 23 10 88 87 84 68 42 49 18 3 33 67 16 9 72 51 55 58 27 89 25 48 54 1 50 73 65 83 86 22 69 37 60 32 81 7 62 24 12 26 46 4 70 75 64 74 35 61 56 15 8 
8 15 56 61 35 74 64 75 70 4 46 26 12 24 62 7 81 32 60 37 69 22 86 83 65 73 50 1 54 48 25 89 27 58 55 51 72 9 16 67 33 3 18 49 42 68 84 87 88 10 23 6 82 44 53 77 41 43 17 5 20 80 19 78 14 21 34 31 36 47 29 57 11 28 71 40 76 45 79 66 52 63 59 13 85 30 0 2 39 38 
48 59 10 51 6 25 16 69 85 41 9 70 5 86 35 49 36 53 66 3 37 30 73 19 15 56 78 27 63 43 18 55 50 77 87 62 11 12 8 1 34 74 13 7 57 47 46 45 75 40 80 71 22 61 54 83 68 64 23 24 21 89 14 42 39 84 28 76 32 0 82 44 17 29 60 33 38 72 88 4 58 2 20 52 26 67 65 81 79 31 
31 79 81 65 67 26 52 20 2 58 4 88 72 38 33 60 29 17 44 82 0 32 76 28 84 39 42 14 89 21 24 23 64 68 83 54 61 22 71 80 40 75 45 46 47 57 7 13 74 34 1 8 12 11 62 87 77 50 55 18 43 63 27 78 56 15 19 73 30 37 3 66 53 36 49 35 86 5 70 9 41 85 69 16 25 6 51 10 59 48 
50 51 89 27 14 7 39 55 83 35 30 33 47 3 38 32 44 76 9 63 65 82 4 48 37 81 78 6 49 25 62 20 87 64 74 56 41 72 70 40 85 13 31 60 18 42 29 59 16 46 0 17 61 10 73 2 28 58 34 54 36 53 88 68 8 57 15 69 66 11 43 45 26 86 19 22 52 80 75 71 79 12 77 1 23 5 67 84 21 24 
24 21 84 67 5 23 1 77 12 79 71 75 80 52 22 19 86 26 45 43 11 66 69 15 57 8 68 88 53 36 54 34 58 28 2 73 10 61 17 0 46 16 59 29 42 18 60 31 13 85 40 70 72 41 56 74 64 87 20 62 25 49 6 78 81 37 48 4 82 65 63 9 76 44 32 38 3 47 33 30 35 83 55 39 7 14 27 89 51 50 
22 61 9 18 42 24 57 76 87 47 30 69 64 10 74 19 29 78 80 70 26 59 33 79 67 36 6 13 34 49 48 77 25 43 4 55 71 2 60 86 81 52 54 15 65 58 16 50 38 8 40 45 63 84 27 7 31 5 20 72 28 66 56 89 14 82 37 12 39 35 11 83 0 23 51 88 85 44 75 17 3 46 68 32 21 53 41 62 73 1 
1 73 62 41 53 21 32 68 46 3 17 75 44 85 88 51 23 0 83 11 35 39 12 37 82 14 89 56 66 28 72 20 5 31 7 27 84 63 45 40 8 38 50 16 58 65 15 54 52 81 86 60 2 71 55 4 43 25 77 48 49 34 13 6 36 67 79 33 59 26 70 80 78 29 19 74 10 64 69 30 47 87 76 57 24 42 18 9 61 22 
20 10 43 40 42 56 72 80 12 0 61 36 86 79 44 27 41 8 49 83 58 71 46 57 69 77 26 14 1 32 88 75 50 35 19 23 38 55 6 81 85 3 9 45 25 74 84 22 4 64 39 76 37 33 66 30 52 48 59 13 82 15 53 18 78 68 51 28 24 7 67 2 21 47 17 62 11 29 70 73 5 34 54 63 87 60 89 31 16 65 
65 16 31 89 60 87 63 54 34 5 73 70 29 11 62 17 47 21 2 67 7 24 28 51 68 78 18 53 15 82 13 59 48 52 30 66 33 37 76 39 64 4 22 84 74 25 45 9 3 85 81 6 55 38 23 19 35 50 75 88 32 1 14 26 77 69 57 46 71 58 83 49 8 41 27 44 79 86 36 61 0 12 80 72 56 42 40 43 10 20 
37 62 64 9 18 36 23 84 6 65 66 30 75 70 58 49 74 8 31 52 24 34 44 47 69 67 13 85 22 5 32 76 87 41 51 73 21 40 83 48 20 12 50 19 33 59 0 35 45 38 72 28 79 80 26 14 60 1 81 54 7 10 29 39 2 63 16 61 78 42 46 68 71 53 56 77 11 43 89 17 4 15 86 57 55 88 25 3 82 27 
27 82 3 25 88 55 57 86 15 4 17 89 43 11 77 56 53 71 68 46 42 78 61 16 63 2 39 29 10 7 54 81 1 60 14 26 80 79 28 72 38 45 35 0 59 33 19 50 12 20 48 83 40 21 73 51 41 87 76 32 5 22 85 13 67 69 47 44 34 24 52 31 8 74 49 58 70 75 30 66 65 6 84 23 36 18 9 64 62 37 
58 86 45 54 64 31 35 28 5 84 50 10 11 42 63 24 71 56 66 88 87 32 59 40 18 44 39 82 0 33 62 16 6 89 26 77 12 61 15 27 14 57 69 76 8 23 74 34 43 22 85 70 73 83 53 38 72 36 67 21 4 68 55 29 41 1 80 78 9 79 37 46 17 75 30 49 48 65 51 25 19 7 47 81 20 60 3 2 52 13 
13 52 2 3 60 20 81 47 7 19 25 51 65 48 49 30 75 17 46 37 79 9 78 80 1 41 29 55 68 4 21 67 36 72 38 53 83 73 70 85 22 43 34 74 23 8 76 69 57 14 27 15 61 12 77 26 89 6 16 62 33 0 82 39 44 18 40 59 32 87 88 66 56 71 24 63 42 11 10 50 84 5 28 35 31 64 54 45 86 58 
44 50 6 83 36 10 63 57 68 46 53 28 8 40 49 66 45 13 86 67 26 65 88 27 39 11 64 72 5 70 81 54 75 78 7 3 29 89 61 82 34 71 31 42 24 30 48 19 23 9 62 59 25 56 60 20 16 73 84 1 52 17 87 38 32 51 18 2 0 35 76 22 80 37 79 21 47 15 69 14 58 55 4 43 41 33 74 77 85 12 
12 85 77 74 33 41 43 4 55 58 14 69 15 47 21 79 37 80 22 76 35 0 2 18 51 32 38 87 17 52 1 84 73 16 20 60 56 25 59 62 9 23 19 48 30 24 42 31 71 34 82 61 89 29 3 7 78 75 54 81 70 5 72 64 11 39 27 88 65 26 67 86 13 45 66 49 40 8 28 53 46 68 57 63 10 36 83 6 50 44 
7 59 54 39 88 55 28 69 76 46 52 24 27 58 26 14 70 45 40 22 17 49 80 23 33 89 42 2 66 50 13 15 86 75 79 4 18 62 31 37 73 20 11 44 65 6 68 8 10 81 5 85 30 60 35 77 47 72 16 1 84 41 9 63 21 0 83 48 19 38 67 3 64 74 82 25 36 71 57 43 53 56 34 12 32 87 29 51 61 78 
78 61 51 29 87 32 12 34 56 53 43 57 71 36 25 82 74 64 3 67 38 19 48 83 0 21 63 9 41 84 1 16 72 47 77 35 60 30 85 5 81 10 8 68 6 65 44 11 20 73 37 31 62 18 4 79 75 86 15 13 50 66 2 42 89 33 23 80 49 17 22 40 45 70 14 26 58 27 24 52 46 76 69 28 55 88 39 54 59 7 
5 66 45 23 59 69 38 9 72 80 82 83 86 54 48 2 13 41 18 47 77 56 21 20 46 31 71 7 74 40 70 27 81 52 39 33 3 43 10 49 36 60 0 67 42 63 68 78 35 85 44 28 12 76 22 32 57 30 58 65 29 26 37 51 25 55 87 53 1 16 89 84 8 34 88 64 75 62 24 73 79 11 61 14 19 15 6 4 17 50 
50 17 4 6 15 19 14 61 11 79 73 24 62 75 64 88 34 8 84 89 16 1 53 87 55 25 51 37 26 29 65 58 30 57 32 22 76 12 28 44 85 35 78 68 63 42 67 0 60 36 49 10 43 3 33 39 52 81 27 70 40 74 7 71 31 46 20 21 56 77 47 18 41 13 2 48 54 86 83 82 80 72 9 38 69 59 23 45 66 5 
28 67 18 43 83 31 55 41 74 81 38 45 8 51 54 3 62 49 10 42 76 52 57 34 60 15 2 82 1 27 66 80 24 22 53 68 14 4 85 64 23 20 9 88 63 50 17 16 12 25 79 87 44 71 69 84 72 46 6 36 65 47 70 33 13 77 73 75 86 35 5 39 7 37 40 58 61 26 89 59 11 30 29 21 32 56 19 78 48 0 
0 48 78 19 56 32 21 29 30 11 59 89 26 61 58 40 37 7 39 5 35 86 75 73 77 13 33 70 47 65 36 6 46 72 84 69 71 44 87 79 25 12 16 17 50 63 88 9 20 23 64 85 4 14 68 53 22 24 80 66 27 1 82 2 15 60 34 57 52 76 42 10 49 62 3 54 51 8 45 38 81 74 41 55 31 83 43 18 67 28 
53 44 47 34 73 14 22 9 72 80 89 45 62 46 59 57 75 18 65 33 39 76 55 74 61 16 5 1 3 10 83 2 7 60 69 30 8 36 50 58 20 13 70 66 77 17 56 11 4 51 79 82 32 78 29 28 42 81 49 43 71 41 24 37 19 6 21 84 15 54 25 0 27 63 40 67 26 68 38 52 48 86 64 23 12 31 85 88 35 87 
87 35 88 85 31 12 23 64 86 48 52 38 68 26 67 40 63 27 0 25 54 15 84 21 6 19 37 24 41 71 43 49 81 42 28 29 78 32 82 79 51 4 11 56 17 77 66 70 13 20 58 50 36 8 30 69 60 7 2 83 10 3 1 5 16 61 74 55 76 39 33 65 18 75 57 59 46 62 45 89 80 72 9 22 14 73 34 47 44 53 
82 63 25 35 34 61 8 78 3 20 59 89 22 39 33 4 36 31 75 70 30 68 62 11 71 49 10 67 18 17 38 88 66 54 12 21 58 41 74 57 43 52 19 13 87 23 6 9 26 42 55 47 5 51 46 53 24 77 45 64 7 40 83 85 79 80 86 69 73 50 14 37 15 44 65 72 56 28 16 60 76 48 2 29 84 0 1 27 81 32 
32 81 27 1 0 84 29 2 48 76 60 16 28 56 72 65 44 15 37 14 50 73 69 86 80 79 85 83 40 7 64 45 77 24 53 46 51 5 47 55 42 26 9 6 23 87 13 19 52 43 57 74 41 58 21 12 54 66 88 38 17 18 67 10 49 71 11 62 68 30 70 75 31 36 4 33 39 22 89 59 20 3 78 8 61 34 35 25 63 82 
26 16 15 10 81 21 9 35 45 58 4 2 70 20 88 60 8 52 57 3 36 51 61 5 37 24 41 14 67 53 74 63 0 82 89 28 25 46 72 87 18 64 77 50 6 85 39 66 43 11 42 7 34 59 32 68 29 19 12 31 13 75 55 54 23 22 71 49 33 48 44 78 83 30 84 69 1 40 65 27 17 80 62 38 86 79 47 76 56 73 
73 56 76 47 79 86 38 62 80 17 27 65 40 1 69 84 30 83 78 44 48 33 49 71 22 23 54 55 75 13 31 12 19 29 68 32 59 34 7 42 11 43 66 39 85 6 50 77 64 18 87 72 46 25 28 89 82 0 63 74 53 67 14 41 24 37 5 61 51 36 3 57 52 8 60 88 20 70 2 4 58 45 35 9 21 81 10 15 16 26 
27 34 46 49 85 50 17 20 8 63 9 28 60 77 72 23 32 47 16 5 74 82 33 71 54 25 21 76 15 80 3 38 12 30 4 79 10 29 22 52 66 45 88 26 51 19 86 56 61 78 31 73 2 89 83 14 1 65 36 64 58 43 37 44 59 62 57 24 68 81 35 7 84 48 40 39 87 53 6 70 0 13 75 69 41 11 18 42 67 55 
55 67 42 18 11 41 69 75 13 0 70 6 53 87 39 40 48 84 7 35 81 68 24 57 62 59 44 37 43 58 64 36 65 1 14 83 89 2 73 31 78 61 56 86 19 51 26 88 45 66 52 22 29 10 79 4 30 12 38 3 80 15 76 21 25 54 71 33 82 74 5 16 47 32 23 72 77 60 28 9 63 8 20 17 50 85 49 46 34 27 
72 19 48 20 14 65 50 70 66 36 89 52 9 81 17 47 77 58 27 13 12 23 43 62 26 11 59 75 82 61 34 67 57 85 49 84 80 35 3 32 24 37 56 2 44 42 15 4 18 38 78 45 41 54 0 46 86 8 16 69 64 53 39 63 31 79 5 28 74 83 22 40 29 33 1 6 87 30 7 76 55 68 88 51 60 21 73 71 25 10 
10 25 71 73 21 60 51 88 68 55 76 7 30 87 6 1 33 29 40 22 83 74 28 5 79 31 63 39 53 64 69 16 8 86 46 0 54 41 45 78 38 18 4 15 42 44 2 56 37 24 32 3 35 80 84 49 85 57 67 34 61 82 75 59 11 26 62 43 23 12 13 27 58 77 47 17 81 9 52 89 36 66 70 50 65 14 20 48 19 72 
54 57 77 30 13 40 15 38 68 49 32 87 76 3 61 67 75 28 5 20 0 26 7 23 89 22 11 80 64 14 83 69 10 27 41 33 44 25 24 71 60 51 62 34 29 59 37 63 18 81 21 65 46 2 17 56 85 88 73 8 31 78 35 6 16 42 43 55 70 50 79 72 48 39 52 45 9 82 19 58 47 86 12 4 1 66 36 53 74 84 
84 74 53 36 66 1 4 12 86 47 58 19 82 9 45 52 39 48 72 79 50 70 55 43 42 16 6 35 78 31 8 73 88 85 56 17 2 46 65 21 81 18 63 37 59 29 34 62 51 60 71 24 25 44 33 41 27 10 69 83 14 64 80 11 22 89 23 7 26 0 20 5 28 75 67 61 3 76 87 32 49 68 38 15 40 13 30 77 57 54 
71 81 44 52 63 16 40 31 7 36 50 55 20 12 28 6 86 76 19 34 87 3 78 69 11 65 60 49 38 15 0 77 1 59 56 2 13 67 21 27 51 17 64 8 54 84 25 22 70 33 88 4 48 14 9 47 79 45 61 57 32 62 43 37 39 35 29 83 72 26 23 58 53 5 73 66 42 41 30 80 89 68 75 74 10 18 24 85 82 46 
46 82 85 24 18 10 74 75 68 89 80 30 41 42 66 73 5 53 58 23 26 72 83 29 35 39 37 43 62 32 57 61 45 79 47 9 14 48 4 88 33 70 22 25 84 54 8 64 17 51 27 21 67 13 2 56 59 1 77 0 15 38 49 60 65 11 69 78 3 87 34 19 76 86 6 28 12 20 55 50 36 7 31 40 16 63 52 44 81 71 
47 64 38 88 69 14 44 26 39 67 3 57 61 40 12 51 75 35 8 30 89 21 0 27 78 87 79 73 54 41 70 50 81 46 55 28 16 15 36 52 62 68 17 31 34 85 65 20 82 45 53 19 74 10 33 32 86 48 80 25 63 5 66 1 7 13 18 77 76 9 22 42 4 59 2 23 60 29 84 83 11 58 56 72 43 6 49 37 71 24 
24 71 37 49 6 43 72 56 58 11 83 84 29 60 23 2 59 4 42 22 9 76 77 18 13 7 1 66 5 63 25 80 48 86 32 33 10 74 19 53 45 82 20 65 85 34 31 17 68 62 52 36 15 16 28 55 46 81 50 70 41 54 73 79 87 78 27 0 21 89 30 8 35 75 51 12 40 61 57 3 67 39 26 44 14 69 88 38 64 47 
33 73 7 68 57 27 79 40 35 2 53 41 77 69 74 3 82 52 8 21 66 11 56 89 47 12 26 30 28 38 50 60 64 37 42 48 49 43 88 62 13 14 44 9 84 19 59 29 39 6 81 61 87 15 72 58 20 83 16 63 25 5 80 70 4 46 75 76 24 45 55 32 31 71 34 86 67 10 1 0 85 18 17 36 23 54 78 65 22 51 
51 22 65 78 54 23 36 17 18 85 0 1 10 67 86 34 71 31 32 55 45 24 76 75 46 4 70 80 5 25 63 16 83 20 58 72 15 87 61 81 6 39 29 59 19 84 9 44 14 13 62 88 43 49 48 42 37 64 60 50 38 28 30 26 12 47 89 56 11 66 21 8 52 82 3 74 69 77 41 53 2 35 40 79 27 57 68 7 73 33 
41 88 16 25 63 22 18 51 17 14 43 46 53 13 56 59 28 72 35 84 15 74 0 70 1 83 21 71 61 27 40 36 44 58 12 11 87 42 50 52 34 33 77 6 86 2 7 9 65 4 76 3 23 57 47 31 73 20 64 30 38 10 69 26 89 54 29 68 45 48 24 60 75 79 80 81 66 55 39 5 62 82 8 19 49 78 85 32 37 67 
67 37 32 85 78 49 19 8 82 62 5 39 55 66 81 80 79 75 60 24 48 45 68 29 54 89 26 69 10 38 30 64 20 73 31 47 57 23 3 76 4 65 9 7 2 86 6 77 33 34 52 50 42 87 11 12 58 44 36 40 27 61 71 21 83 1 70 0 74 15 84 35 72 28 59 56 13 53 46 43 14 17 51 18 22 63 25 16 88 41 
65 52 5 50 12 25 11 35 73 14 18 71 34 40 82 70 51 2 66 60 74 54 26 80 37 28 0 79 43 76 62 39 85 87 3 56 41 55 19 67 31 22 32 61 9 69 20 13 86 47 57 6 17 44 4 68 8 77 75 84 78 58 88 81 23 10 53 7 16 27 83 59 38 63 48 24 49 30 21 45 29 72 33 36 15 46 1 64 89 42 
42 89 64 1 46 15 36 33 72 29 45 21 30 49 24 48 63 38 59 83 27 16 7 53 10 23 81 88 58 78 84 75 77 8 68 4 44 17 6 57 47 86 13 20 69 9 61 32 22 31 67 19 55 41 56 3 87 85 39 62 76 43 79 0 28 37 80 26 54 74 60 66 2 51 70 82 40 34 71 18 14 73 35 11 25 12 50 5 52 65 
40 9 79 19 39 20 24 26 5 87 4 68 84 43 33 15 56 86 6 3 57 83 44 53 81 7 32 0 62 70 74 47 18 72 58 66 59 36 29 69 63 51 76 54 14 17 52 45 23 8 30 67 37 65 42 35 11 10 60 50 1 61 73 89 46 25 34 27 49 85 13 75 28 77 22 80 71 55 82 21 78 88 38 12 48 64 16 2 31 41 
41 31 2 16 64 48 12 38 88 78 21 82 55 71 80 22 77 28 75 13 85 49 27 34 25 46 89 73 61 1 50 60 10 11 35 42 65 37 67 30 8 23 45 52 17 14 54 76 51 63 69 29 36 59 66 58 72 18 47 74 70 62 0 32 7 81 53 44 83 57 3 6 86 56 15 33 43 84 68 4 87 5 26 24 20 39 19 79 9 40 
45 69 29 5 21 65 49 46 0 61 12 60 17 77 40 25 30 24 31 33 3 81 67 36 39 2 14 58 10 9 76 84 7 88 11 74 68 75 48 70 83 43 51 15 53 78 28 37 34 54 4 35 71 1 20 57 50 62 18 80 89 85 6 32 16 52 79 41 26 19 44 64 86 63 47 8 27 72 13 42 87 23 82 22 55 66 38 59 73 56 
56 73 59 38 66 55 22 82 23 87 42 13 72 27 8 47 63 86 64 44 19 26 41 79 52 16 32 6 85 89 80 18 62 50 57 20 1 71 35 4 54 34 37 28 78 53 15 51 43 83 70 48 75 68 74 11 88 7 84 76 9 10 58 14 2 39 36 67 81 3 33 31 24 30 25 40 77 17 60 12 61 0 46 49 65 21 5 29 69 45 
27 81 6 64 57 69 9 3 72 19 13 86 40 82 53 28 35 22 49 75 14 4 59 55 51 67 29 5 34 83 16 25 79 89 26 32 78 52 18 61 24 21 0 66 60 36 47 12 85 84 38 46 11 65 45 31 2 76 39 58 73 44 7 87 10 37 20 56 30 17 71 74 68 42 33 41 70 77 54 8 48 43 1 15 80 23 62 88 50 63 
63 50 88 62 23 80 15 1 43 48 8 54 77 70 41 33 42 68 74 71 17 30 56 20 37 10 87 7 44 73 58 39 76 2 31 45 65 11 46 38 84 85 12 47 36 60 66 0 21 24 61 18 52 78 32 26 89 79 25 16 83 34 5 29 67 51 55 59 4 14 75 49 22 35 28 53 82 40 86 13 19 72 3 9 69 57 64 6 81 27 
39 51 62 7 75 58 61 56 37 50 1 0 36 5 23 19 88 8 2 76 89 40 85 48 33 55 4 77 30 68 6 24 65 18 54 35 10 28 69 27 3 84 29 52 71 44 67 47 87 16 32 20 17 13 60 57 12 66 22 78 11 9 81 83 73 72 59 63 64 86 74 38 49 34 15 80 79 82 41 25 21 53 42 26 70 43 14 45 31 46 
46 31 45 14 43 70 26 42 53 21 25 41 82 79 80 15 34 49 38 74 86 64 63 59 72 73 83 81 9 11 78 22 66 12 57 60 13 17 20 32 16 87 47 67 44 71 52 29 84 3 27 69 28 10 35 54 18 65 24 6 68 30 77 4 55 33 48 85 40 89 76 2 8 88 19 23 5 36 0 1 50 37 56 61 58 75 7 62 51 39 
67 66 50 20 84 42 58 35 61 72 31 56 21 32 68 60 30 77 53 89 86 24 45 82 15 57 62 87 69 71 17 81 25 38 28 70 37 39 80 6 79 23 1 3 41 22 59 19 5 64 10 46 27 88 43 4 63 44 75 12 51 73 78 34 7 16 14 47 40 26 54 13 2 49 74 85 55 65 29 48 18 9 36 8 76 52 0 11 33 83 
83 33 11 0 52 76 8 36 9 18 48 29 65 55 85 74 49 2 13 54 26 40 47 14 16 7 34 78 73 51 12 75 44 63 4 43 88 27 46 10 64 5 19 59 22 41 3 1 23 79 6 80 39 37 70 28 38 25 81 17 71 69 87 62 57 15 82 45 24 86 89 53 77 30 60 68 32 21 56 31 72 61 35 58 42 84 20 50 66 67 
2 79 26 11 63 32 36 83 9 15 81 84 41 1 34 10 76 58 5 65 22 6 39 64 68 17 19 51 53 24 69 60 43 75 67 0 80 18 86 27 38 40 87 47 82 37 29 73 77 88 21 8 42 16 61 56 49 48 23 72 33 89 28 25 70 57 35 55 45 62 46 13 7 3 52 78 44 20 71 66 50 54 85 74 14 4 30 59 12 31 
31 12 59 30 4 14 74 85 54 50 66 71 20 44 78 52 3 7 13 46 62 45 55 35 57 70 25 28 89 33 72 23 48 49 56 61 16 42 8 21 88 77 73 29 37 82 47 87 40 38 27 86 18 80 0 67 75 43 60 69 24 53 51 19 17 68 64 39 6 22 65 5 58 76 10 34 1 41 84 81 15 9 83 36 32 63 11 26 79 2 
38 47 57 77 42 4 10 25 13 70 67 72 11 24 86 48 17 12 83 64 37 50 56 0 30 15 21 52 49 81 39 27 45 32 65 16 29 40 71 41 76 22 8 36 87 44 74 9 55 82 5 60 35 68 26 75 7 69 78 2 80 84 14 59 88 19 89 73 20 62 79 46 28 61 23 31 85 54 51 66 43 34 63 1 33 53 3 18 58 6 
6 58 18 3 53 33 1 63 34 43 66 51 54 85 31 23 61 28 46 79 62 20 73 89 19 88 59 14 84 80 2 78 69 7 75 26 68 35 60 5 82 55 9 74 44 87 36 8 22 76 41 71 40 29 16 65 32 45 27 39 81 49 52 21 15 30 0 56 50 37 64 83 12 17 48 86 24 11 72 67 70 13 25 10 4 42 77 57 47 38 
1 18 45 55 47 39 32 51 52 46 8 86 30 16 79 42 66 4 60 23 59 68 56 5 21 20 6 48 80 25 87 36 28 89 26 81 64 38 57 49 31 3 75 74 88 35 44 63 24 27 58 76 22 19 65 11 78 0 62 15 50 34 53 83 69 43 9 77 17 84 12 10 72 85 2 54 40 71 82 61 13 7 67 37 14 29 73 33 70 41 
41 70 33 73 29 14 37 67 7 13 61 82 71 40 54 2 85 72 10 12 84 17 77 9 43 69 83 53 34 50 15 62 0 78 11 65 19 22 76 58 27 24 63 44 35 88 74 75 3 31 49 57 38 64 81 26 89 28 36 87 25 80 48 6 20 21 5 56 68 59 23 60 4 66 42 79 16 30 86 8 46 52 51 32 39 47 55 45 18 1 
22 39 28 11 58 48 45 7 69 54 64 20 33 80 34 86 77 78 47 60 43 75 40 70 31 76 81 82 5 32 62 10 79 73 66 18 4 65 15 24 85 30 3 53 55 29 8 44 89 6 42 59 38 74 72 61 63 2 51 35 16 19 52 67 56 17 71 13 0 23 1 50 27 25 9 14 49 26 21 87 41 88 12 57 46 84 37 83 68 36 
36 68 83 37 84 46 57 12 88 41 87 21 26 49 14 9 25 27 50 1 23 0 13 71 17 56 67 52 19 16 35 51 2 63 61 72 74 38 59 42 6 89 44 8 29 55 53 3 30 85 24 15 65 4 18 66 73 79 10 62 32 5 82 81 76 31 70 40 75 43 60 47 78 77 86 34 80 33 20 64 54 69 7 45 48 58 11 28 39 22 
10 6 33 1 67 48 9 80 76 26 71 61 25 34 38 20 19 27 68 60 12 50 72 45 85 66 14 30 62 17 81 53 88 77 87 75 49 23 28 18 24 57 8 41 11 51 56 84 35 3 39 42 82 63 0 64 79 65 86 74 89 31 4 70 46 59 2 54 78 13 69 83 37 73 21 32 22 29 58 55 44 47 16 36 52 7 15 43 40 5 
5 40 43 15 7 52 36 16 47 44 55 58 29 22 32 21 73 37 83 69 13 78 54 2 59 46 70 4 31 89 74 86 65 79 64 0 63 82 42 39 3 35 84 56 51 11 41 8 57 24 18 28 23 49 75 87 77 88 53 81 17 62 30 14 66 85 45 72 50 12 60 68 27 19 20 38 34 25 61 71 26 76 80 9 48 67 1 33 6 10 
