108 4 27
12 18 20 23 25 24 17 26 15 19 4 22 16 5 10 14 11 21 13 7 6 9 3 1 0 2 8 
8 2 0 1 3 9 6 7 13 21 11 14 10 5 16 22 4 19 15 26 17 24 25 23 20 18 12 
25 17 4 10 18 16 13 0 14 2 26 21 3 8 1 9 12 24 6 11 5 22 20 7 19 23 15 
15 23 19 7 20 22 5 11 6 24 12 9 1 8 3 21 26 2 14 0 13 16 18 10 4 17 25 
16 6 5 3 14 19 10 1 24 4 18 17 23 12 20 15 25 8 2 13 0 7 22 9 26 11 21 
21 11 26 9 22 7 0 13 2 8 25 15 20 12 23 17 18 4 24 1 10 19 14 3 5 6 16 
1 14 8 22 26 10 17 11 6 19 21 20 3 25 15 16 12 18 9 23 4 0 7 13 5 24 2 
2 24 5 13 7 0 4 23 9 18 12 16 15 25 3 20 21 19 6 11 17 10 26 22 8 14 1 
3 21 18 12 4 6 7 1 15 17 5 0 11 8 2 23 25 16 19 14 20 24 26 9 22 10 13 
13 10 22 9 26 24 20 14 19 16 25 23 2 8 11 0 5 17 15 1 7 6 4 12 18 21 3 
15 6 16 9 26 11 18 17 1 25 5 7 22 2 10 3 20 24 0 14 21 4 13 23 19 12 8 
8 12 19 23 13 4 21 14 0 24 20 3 10 2 22 7 5 25 1 17 18 11 26 9 16 6 15 
0 4 17 20 7 19 9 24 26 10 6 8 13 12 18 2 21 15 16 1 22 5 23 3 14 11 25 
25 11 14 3 23 5 22 1 16 15 21 2 18 12 13 8 6 10 26 24 9 19 7 20 17 4 0 
24 2 17 22 14 18 9 23 6 4 3 8 26 25 0 19 1 15 21 5 13 11 12 7 20 10 16 
16 10 20 7 12 11 13 5 21 15 1 19 0 25 26 8 3 4 6 23 9 18 14 22 17 2 24 
25 1 6 20 0 22 2 23 18 11 10 13 16 12 4 7 14 24 17 5 8 3 21 15 9 26 19 
19 26 9 15 21 3 8 5 17 24 14 7 4 12 16 13 10 11 18 23 2 22 0 20 6 1 25 
21 23 15 10 0 14 24 13 6 26 1 18 7 16 11 3 20 17 8 19 2 9 22 12 25 5 4 
4 5 25 12 22 9 2 19 8 17 20 3 11 16 7 18 1 26 6 13 24 14 0 10 15 23 21 
8 18 7 3 9 19 22 10 1 0 16 23 26 5 25 12 21 4 20 2 15 24 6 11 17 13 14 
14 13 17 11 6 24 15 2 20 4 21 12 25 5 26 23 16 0 1 10 22 19 9 3 7 18 8 
1 13 19 12 16 22 3 0 17 25 7 24 21 23 10 9 8 15 14 6 18 11 4 26 2 20 5 
5 20 2 26 4 11 18 6 14 15 8 9 10 23 21 24 7 25 17 0 3 22 16 12 19 13 1 
8 15 26 14 0 5 21 19 18 25 16 6 13 22 2 4 7 9 1 12 17 20 3 23 10 11 24 
24 11 10 23 3 20 17 12 1 9 7 4 2 22 13 6 16 25 18 19 21 5 0 14 26 15 8 
16 9 0 22 12 3 11 15 4 10 6 24 13 8 1 5 20 25 17 14 19 2 23 26 21 18 7 
7 18 21 26 23 2 19 14 17 25 20 5 1 8 13 24 6 10 4 15 11 3 12 22 0 9 16 
6 10 4 3 26 24 23 11 19 0 12 14 9 15 18 5 1 13 21 25 22 2 17 8 16 20 7 
7 20 16 8 17 2 22 25 21 13 1 5 18 15 9 14 12 0 19 11 23 24 26 3 4 10 6 
12 5 9 23 14 25 7 16 4 24 0 8 26 6 3 17 20 22 21 15 11 10 18 1 2 13 19 
19 13 2 1 18 10 11 15 21 22 20 17 3 6 26 8 0 24 4 16 7 25 14 23 9 5 12 
18 4 5 22 21 13 16 24 11 19 14 20 1 7 8 10 12 9 26 2 3 23 15 0 17 25 6 
6 25 17 0 15 23 3 2 26 9 12 10 8 7 1 20 14 19 11 24 16 13 21 22 5 4 18 
1 26 20 13 23 21 4 12 2 9 5 6 8 19 22 10 16 18 11 25 15 14 0 3 24 17 7 
7 17 24 3 0 14 15 25 11 18 16 10 22 19 8 6 5 9 2 12 4 21 23 13 20 26 1 
12 10 8 11 2 16 21 17 14 4 23 15 9 13 25 7 6 19 22 24 26 3 5 1 0 18 20 
20 18 0 1 5 3 26 24 22 19 6 7 25 13 9 15 23 4 14 17 21 16 2 11 8 10 12 
13 25 6 8 24 5 21 3 20 9 18 16 23 19 26 12 1 17 0 2 11 14 15 4 7 22 10 
10 22 7 4 15 14 11 2 0 17 1 12 26 19 23 16 18 9 20 3 21 5 24 8 6 25 13 
9 19 2 20 14 15 12 1 25 10 24 4 21 18 7 26 22 8 0 13 11 6 5 17 3 23 16 
16 23 3 17 5 6 11 13 0 8 22 26 7 18 21 4 24 10 25 1 12 15 14 20 2 19 9 
12 21 3 6 22 18 14 2 26 16 10 13 0 20 15 23 25 5 7 4 8 19 17 9 24 11 1 
1 11 24 9 17 19 8 4 7 5 25 23 15 20 0 13 10 16 26 2 14 18 22 6 3 21 12 
25 19 26 4 2 7 23 6 22 21 1 9 10 17 14 12 5 13 3 15 20 16 0 24 11 8 18 
18 8 11 24 0 16 20 15 3 13 5 12 14 17 10 9 1 21 22 6 23 7 2 4 26 19 25 
13 26 1 15 3 14 22 4 7 9 18 12 24 2 5 10 11 25 8 19 21 23 16 17 6 0 20 
20 0 6 17 16 23 21 19 8 25 11 10 5 2 24 12 18 9 7 4 22 14 3 15 1 26 13 
14 9 11 12 5 10 19 6 0 15 20 17 7 2 18 13 8 3 24 26 25 1 16 23 22 4 21 
21 4 22 23 16 1 25 26 24 3 8 13 18 2 7 17 20 15 0 6 19 10 5 12 11 9 14 
3 16 0 2 8 23 4 11 20 14 18 7 19 12 21 13 26 1 17 22 6 9 5 25 10 24 15 
15 24 10 25 5 9 6 22 17 1 26 13 21 12 19 7 18 14 20 11 4 23 8 2 0 16 3 
18 7 8 6 26 12 0 24 14 23 11 22 1 25 20 21 3 4 16 5 9 17 19 2 10 13 15 
15 13 10 2 19 17 9 5 16 4 3 21 20 25 1 22 11 23 14 24 0 12 26 6 8 7 18 
22 5 8 4 0 18 17 13 19 15 23 12 1 6 9 26 25 11 16 24 10 20 3 2 7 21 14 
14 21 7 2 3 20 10 24 16 11 25 26 9 6 1 12 23 15 19 13 17 18 0 4 8 5 22 
26 25 9 14 13 1 11 18 4 16 21 0 10 23 20 8 12 3 7 22 19 6 24 15 5 2 17 
17 2 5 15 24 6 19 22 7 3 12 8 20 23 10 0 21 16 4 18 11 1 13 14 9 25 26 
20 11 22 25 14 3 8 24 4 2 6 13 9 15 7 19 18 16 17 26 12 21 23 10 5 0 1 
1 0 5 10 23 21 12 26 17 16 18 19 7 15 9 13 6 2 4 24 8 3 14 25 22 11 20 
23 10 15 8 5 1 20 9 18 3 2 16 25 11 4 26 13 12 0 17 6 24 19 21 22 14 7 
7 14 22 21 19 24 6 17 0 12 13 26 4 11 25 16 2 3 18 9 20 1 5 8 15 10 23 
12 26 13 5 11 17 23 18 20 7 0 14 2 16 10 6 1 25 9 22 8 19 15 21 24 3 4 
4 3 24 21 15 19 8 22 9 25 1 6 10 16 2 14 0 7 20 18 23 17 11 5 13 26 12 
13 18 23 22 9 0 17 3 2 21 6 5 14 20 1 12 24 19 10 8 16 4 15 7 25 26 11 
11 26 25 7 15 4 16 8 10 19 24 12 1 20 14 5 6 21 2 3 17 0 9 22 23 18 13 
2 17 12 24 11 3 0 19 26 1 8 22 15 18 10 25 13 23 20 5 14 4 9 7 6 21 16 
16 21 6 7 9 4 14 5 20 23 13 25 10 18 15 22 8 1 26 19 0 3 11 24 12 17 2 
10 6 19 11 5 25 18 3 13 8 17 14 4 7 20 12 15 26 22 21 24 2 1 16 23 9 0 
0 9 23 16 1 2 24 21 22 26 15 12 20 7 4 14 17 8 13 3 18 25 5 11 19 6 10 
17 7 10 26 3 23 13 22 1 5 11 24 6 2 8 15 4 16 9 0 21 12 20 14 19 25 18 
18 25 19 14 20 12 21 0 9 16 4 15 8 2 6 24 11 5 1 22 13 23 3 26 10 7 17 
15 24 18 23 13 25 8 21 11 9 16 7 14 10 12 17 3 2 0 19 1 26 5 22 4 6 20 
20 6 4 22 5 26 1 19 0 2 3 17 12 10 14 7 16 9 11 21 8 25 13 23 18 24 15 
17 26 18 12 3 6 16 15 21 2 22 24 19 7 11 5 9 25 10 23 4 20 8 13 14 0 1 
1 0 14 13 8 20 4 23 10 25 9 5 11 7 19 24 22 2 21 15 16 6 3 12 18 26 17 
15 0 11 9 7 21 1 8 17 4 3 20 25 24 23 6 12 5 18 10 13 22 2 26 14 16 19 
19 16 14 26 2 22 13 10 18 5 12 6 23 24 25 20 3 4 17 8 1 21 7 9 11 0 15 
24 5 8 2 1 12 23 11 6 4 14 16 26 25 7 21 18 22 15 0 19 10 3 20 13 9 17 
17 9 13 20 3 10 19 0 15 22 18 21 7 25 26 16 14 4 6 11 23 12 1 2 8 5 24 
19 23 11 2 25 1 7 5 26 3 10 17 8 21 24 6 14 18 13 9 0 20 22 12 15 16 4 
4 16 15 12 22 20 0 9 13 18 14 6 24 21 8 17 10 3 26 5 7 1 25 2 11 23 19 
24 2 3 15 13 14 23 17 1 19 25 16 20 8 26 7 0 12 9 6 5 4 18 10 22 11 21 
21 11 22 10 18 4 5 6 9 12 0 7 26 8 20 16 25 19 1 17 23 14 13 15 3 2 24 
12 21 10 14 2 9 4 18 15 20 16 3 1 17 19 23 5 26 11 6 7 24 22 0 8 13 25 
25 13 8 0 22 24 7 6 11 26 5 23 19 17 1 3 16 20 15 18 4 9 2 14 10 21 12 
16 4 1 19 6 21 20 11 18 9 24 2 3 13 10 8 5 0 14 22 25 17 26 12 7 15 23 
23 15 7 12 26 17 25 22 14 0 5 8 10 13 3 2 24 9 18 11 20 21 6 19 1 4 16 
11 26 9 23 6 2 0 22 19 4 24 16 18 14 17 25 10 1 15 13 8 12 7 21 20 5 3 
3 5 20 21 7 12 8 13 15 1 10 25 17 14 18 16 24 4 19 22 0 2 6 23 9 26 11 
16 26 0 9 19 7 18 11 6 12 3 23 25 24 2 13 5 21 22 15 14 1 20 8 17 10 4 
4 10 17 8 20 1 14 15 22 21 5 13 2 24 25 23 3 12 6 11 18 7 19 9 0 26 16 
20 22 12 15 8 7 17 6 18 11 14 0 5 3 9 13 4 19 16 2 23 10 25 1 21 24 26 
26 24 21 1 25 10 23 2 16 19 4 13 9 3 5 0 14 11 18 6 17 7 8 15 12 22 20 
1 18 5 16 24 17 3 26 8 10 9 25 21 15 0 23 19 4 2 20 22 7 12 11 14 6 13 
13 6 14 11 12 7 22 20 2 4 19 23 0 15 21 25 9 10 8 26 3 17 24 16 5 18 1 
14 13 24 0 18 9 2 5 4 20 7 11 10 15 26 3 1 22 23 17 21 6 16 19 25 12 8 
8 12 25 19 16 6 21 17 23 22 1 3 26 15 10 11 7 20 4 5 2 9 18 0 24 13 14 
4 3 25 21 26 11 15 12 16 7 13 5 20 18 22 24 0 17 9 23 19 10 6 2 14 1 8 
8 1 14 2 6 10 19 23 9 17 0 24 22 18 20 5 13 7 16 12 15 11 26 21 25 3 4 
9 5 16 7 4 14 25 12 24 2 10 13 6 0 1 3 15 18 21 23 8 26 17 20 19 22 11 
11 22 19 20 17 26 8 23 21 18 15 3 1 0 6 13 10 2 24 12 25 14 4 7 16 5 9 
9 24 25 20 1 11 21 17 18 6 7 12 23 8 16 3 4 26 13 14 19 10 22 2 5 15 0 
0 15 5 2 22 10 19 14 13 26 4 3 16 8 23 12 7 6 18 17 21 11 1 20 25 24 9 
6 8 21 9 18 1 5 11 0 25 7 24 15 14 12 13 23 20 19 2 26 10 4 17 16 3 22 
22 3 16 17 4 10 26 2 19 20 23 13 12 14 15 24 7 25 0 11 5 1 18 9 21 8 6 
6 1 0 19 13 10 4 24 11 20 16 2 7 5 26 14 21 8 22 15 12 23 18 9 3 25 17 
17 25 3 9 18 23 12 15 22 8 21 14 26 5 7 2 16 20 11 24 4 10 13 19 0 1 6 
