102 4 24
23 21 22 14 19 5 16 15 20 4 12 10 11 0 17 9 8 6 2 18 7 3 13 1 
1 13 3 7 18 2 6 8 9 17 0 11 10 12 4 20 15 16 5 19 14 22 21 23 
20 10 19 12 22 2 7 0 9 3 1 21 13 23 8 4 18 17 14 6 11 5 16 15 
15 16 5 11 6 14 17 18 4 8 23 13 21 1 3 9 0 7 2 22 12 19 10 20 
12 18 13 9 16 0 19 14 7 22 11 23 20 21 10 15 5 1 2 6 17 3 4 8 
8 4 3 17 6 2 1 5 15 10 21 20 23 11 22 7 14 19 0 16 9 13 18 12 
0 2 17 4 14 22 21 13 10 8 15 12 16 19 1 3 7 5 11 6 18 20 9 23 
23 9 20 18 6 11 5 7 3 1 19 16 12 15 8 10 13 21 22 14 4 17 2 0 
11 7 3 20 13 14 5 0 15 12 4 2 23 6 22 1 17 21 18 10 9 19 16 8 
8 16 19 9 10 18 21 17 1 22 6 23 2 4 12 15 0 5 14 13 20 3 7 11 
12 10 5 4 7 19 20 14 6 16 13 23 8 18 0 2 11 3 9 17 21 22 1 15 
15 1 22 21 17 9 3 11 2 0 18 8 23 13 16 6 14 20 19 7 4 5 10 12 
13 1 11 19 4 0 16 21 18 8 5 12 23 22 7 15 9 3 17 20 2 14 10 6 
6 10 14 2 20 17 3 9 15 7 22 23 12 5 8 18 21 16 0 4 19 11 1 13 
22 15 23 7 5 2 13 19 17 11 8 10 9 14 4 20 1 16 3 12 18 6 0 21 
21 0 6 18 12 3 16 1 20 4 14 9 10 8 11 17 19 13 2 5 7 23 15 22 
7 4 11 9 17 5 12 16 1 21 13 6 20 22 0 8 10 19 3 14 15 23 18 2 
2 18 23 15 14 3 19 10 8 0 22 20 6 13 21 1 16 12 5 17 9 11 4 7 
8 0 5 9 22 14 1 6 4 18 15 19 2 11 7 21 20 3 12 13 16 10 17 23 
23 17 10 16 13 12 3 20 21 7 11 2 19 15 18 4 6 1 14 22 9 5 0 8 
17 19 20 16 5 3 8 1 14 2 13 22 0 18 23 10 4 7 15 9 21 11 6 12 
12 6 11 21 9 15 7 4 10 23 18 0 22 13 2 14 1 8 3 5 16 20 19 17 
16 4 15 22 18 20 17 6 0 7 10 1 5 12 2 23 3 11 13 14 19 21 8 9 
9 8 21 19 14 13 11 3 23 2 12 5 1 10 7 0 6 17 20 18 22 15 4 16 
1 2 16 14 7 10 6 21 12 5 22 4 9 11 3 15 19 18 23 17 20 13 8 0 
0 8 13 20 17 23 18 19 15 3 11 9 4 22 5 12 21 6 10 7 14 16 2 1 
5 3 21 9 12 19 17 0 15 16 2 7 14 1 8 4 23 18 6 10 22 13 11 20 
20 11 13 22 10 6 18 23 4 8 1 14 7 2 16 15 0 17 19 12 9 21 3 5 
10 1 15 4 19 13 14 9 5 17 20 21 18 2 12 11 3 16 8 0 22 6 23 7 
7 23 6 22 0 8 16 3 11 12 2 18 21 20 17 5 9 14 13 19 4 15 1 10 
21 5 10 6 8 7 15 3 17 13 16 0 4 9 23 19 1 20 12 14 22 11 2 18 
18 2 11 22 14 12 20 1 19 23 9 4 0 16 13 17 3 15 7 8 6 10 5 21 
14 18 13 12 21 17 8 5 11 15 22 6 19 2 16 9 10 23 3 20 7 0 1 4 
4 1 0 7 20 3 23 10 9 16 2 19 6 22 15 11 5 8 17 21 12 13 18 14 
3 22 9 4 6 5 13 23 18 20 16 21 17 14 11 8 10 12 15 1 19 7 0 2 
2 0 7 19 1 15 12 10 8 11 14 17 21 16 20 18 23 13 5 6 4 9 22 3 
12 23 13 17 2 6 22 3 4 19 5 7 16 14 9 10 1 21 0 18 15 20 8 11 
11 8 20 15 18 0 21 1 10 9 14 16 7 5 19 4 3 22 6 2 17 13 23 12 
15 6 12 19 2 5 18 20 21 13 7 22 4 3 8 11 1 0 23 10 9 17 16 14 
14 16 17 9 10 23 0 1 11 8 3 4 22 7 13 21 20 18 5 2 19 12 6 15 
21 11 20 16 2 8 4 13 9 15 12 14 23 6 5 0 19 1 18 17 10 22 7 3 
3 7 22 10 17 18 1 19 0 5 6 23 14 12 15 9 13 4 8 2 16 20 11 21 
5 16 22 13 2 1 20 19 17 6 11 12 18 10 21 0 14 7 8 3 9 15 4 23 
23 4 15 9 3 8 7 14 0 21 10 18 12 11 6 17 19 20 1 2 13 22 16 5 
1 4 8 12 6 9 22 10 20 23 13 15 21 16 2 17 18 7 19 11 3 5 14 0 
0 14 5 3 11 19 7 18 17 2 16 21 15 13 23 20 10 22 9 6 12 8 4 1 
19 17 9 7 4 2 6 13 15 21 20 14 0 5 1 11 23 8 12 3 16 22 10 18 
18 10 22 16 3 12 8 23 11 1 5 0 14 20 21 15 13 6 2 4 7 9 17 19 
13 10 21 0 20 4 2 3 5 16 18 15 9 22 1 7 14 8 17 12 6 23 19 11 
11 19 23 6 12 17 8 14 7 1 22 9 15 18 16 5 3 2 4 20 0 21 10 13 
21 14 18 2 4 6 23 7 16 5 19 1 11 22 10 13 8 17 20 9 0 15 3 12 
12 3 15 0 9 20 17 8 13 10 22 11 1 19 5 16 7 23 6 4 2 18 14 21 
13 5 9 8 12 2 4 10 22 11 17 23 0 6 21 16 3 15 20 18 19 1 14 7 
7 14 1 19 18 20 15 3 16 21 6 0 23 17 11 22 10 4 2 12 8 9 5 13 
23 2 18 5 20 17 0 12 8 7 4 16 21 9 22 15 10 13 14 3 6 11 1 19 
19 1 11 6 3 14 13 10 15 22 9 21 16 4 7 8 12 0 17 20 5 18 2 23 
22 16 0 6 21 1 13 5 15 23 3 10 8 18 19 2 9 7 20 14 11 12 17 4 
4 17 12 11 14 20 7 9 2 19 18 8 10 3 23 15 5 13 1 21 6 0 16 22 
11 10 13 18 7 14 8 6 3 4 21 19 15 17 12 0 1 22 23 20 5 9 16 2 
2 16 9 5 20 23 22 1 0 12 17 15 19 21 4 3 6 8 14 7 18 13 10 11 
6 0 2 19 4 23 9 3 14 15 13 17 16 12 18 1 5 11 10 20 22 7 8 21 
21 8 7 22 20 10 11 5 1 18 12 16 17 13 15 14 3 9 23 4 19 2 0 6 
3 10 17 14 6 2 11 0 5 8 1 12 9 13 19 21 7 22 18 16 20 4 23 15 
15 23 4 20 16 18 22 7 21 19 13 9 12 1 8 5 0 11 2 6 14 17 10 3 
8 16 12 15 3 19 1 18 7 13 6 14 4 11 2 10 20 23 17 21 9 0 5 22 
22 5 0 9 21 17 23 20 10 2 11 4 14 6 13 7 18 1 19 3 15 12 16 8 
7 21 23 5 18 14 13 0 10 9 16 6 15 12 20 3 2 11 19 8 22 17 1 4 
4 1 17 22 8 19 11 2 3 20 12 15 6 16 9 10 0 13 14 18 5 23 21 7 
0 6 11 19 22 20 12 4 5 10 3 18 17 15 21 23 8 2 16 7 14 1 9 13 
13 9 1 14 7 16 2 8 23 21 15 17 18 3 10 5 4 12 20 22 19 11 6 0 
18 10 9 11 2 13 5 1 22 15 3 0 17 7 21 4 14 20 19 23 16 8 6 12 
12 6 8 16 23 19 20 14 4 21 7 17 0 3 15 22 1 5 13 2 11 9 10 18 
1 20 8 9 17 13 21 12 6 23 0 7 19 18 2 10 5 14 16 4 22 11 3 15 
15 3 11 22 4 16 14 5 10 2 18 19 7 0 23 6 12 21 13 17 9 8 20 1 
15 1 13 20 14 6 8 22 3 5 12 0 11 7 16 21 2 18 4 19 9 23 10 17 
17 10 23 9 19 4 18 2 21 16 7 11 0 12 5 3 22 8 6 14 20 13 1 15 
4 19 0 10 13 23 11 21 15 16 22 14 3 1 17 20 7 6 18 5 8 9 2 12 
12 2 9 8 5 18 6 7 20 17 1 3 14 22 16 15 21 11 23 13 10 0 19 4 
21 7 13 0 17 22 9 18 20 12 15 4 6 11 8 16 23 2 3 10 1 19 14 5 
5 14 19 1 10 3 2 23 16 8 11 6 4 15 12 20 18 9 22 17 0 13 7 21 
3 18 20 19 4 0 14 22 7 1 5 8 21 17 23 12 2 10 13 6 9 11 16 15 
15 16 11 9 6 13 10 2 12 23 17 21 8 5 1 7 22 14 0 4 19 20 18 3 
12 14 11 18 4 3 1 5 0 13 8 23 20 2 15 16 10 21 17 19 9 7 6 22 
22 6 7 9 19 17 21 10 16 15 2 20 23 8 13 0 5 1 3 4 18 11 14 12 
15 7 5 2 16 3 17 12 10 1 20 4 8 18 11 9 21 23 14 0 13 22 19 6 
6 19 22 13 0 14 23 21 9 11 18 8 4 20 1 10 12 17 3 16 2 5 7 15 
16 19 4 3 1 22 9 12 14 21 2 20 11 6 23 15 13 18 7 5 17 10 0 8 
8 0 10 17 5 7 18 13 15 23 6 11 20 2 21 14 12 9 22 1 3 4 19 16 
23 12 10 18 20 1 5 3 13 19 22 11 16 9 0 6 17 15 14 2 8 21 7 4 
4 7 21 8 2 14 15 17 6 0 9 16 11 22 19 13 3 5 1 20 18 10 12 23 
8 12 10 0 1 16 11 7 22 9 17 14 23 19 15 6 13 3 21 4 5 2 20 18 
18 20 2 5 4 21 3 13 6 15 19 23 14 17 9 22 7 11 16 1 0 10 12 8 
16 8 18 9 23 11 10 19 6 14 5 12 2 15 20 3 0 4 17 22 21 7 1 13 
13 1 7 21 22 17 4 0 3 20 15 2 12 5 14 6 19 10 11 23 9 18 8 16 
3 1 9 5 22 7 6 16 4 21 2 13 12 18 14 10 20 23 0 15 17 11 8 19 
19 8 11 17 15 0 23 20 10 14 18 12 13 2 21 4 16 6 7 22 5 9 1 3 
12 21 18 15 19 17 23 3 8 20 22 14 9 6 10 13 4 11 7 0 2 5 16 1 
1 16 5 2 0 7 11 4 13 10 6 9 14 22 20 8 3 23 17 19 15 18 21 12 
13 20 0 23 11 7 5 18 22 15 12 8 3 16 19 1 2 6 17 4 14 9 21 10 
10 21 9 14 4 17 6 2 1 19 16 3 8 12 15 22 18 5 7 11 23 0 20 13 
16 17 1 21 14 10 20 15 4 8 18 12 13 23 19 22 0 2 11 5 3 6 7 9 
9 7 6 3 5 11 2 0 22 19 23 13 12 18 8 4 15 20 10 14 21 1 17 16 
