96 4 21
20 15 5 6 19 13 14 16 1 12 11 9 4 17 10 18 7 3 0 2 8 
8 2 0 3 7 18 10 17 4 9 11 12 1 16 14 13 19 6 5 15 20 
9 14 1 4 6 10 15 17 3 2 8 0 7 20 13 18 5 12 19 11 16 
16 11 19 12 5 18 13 20 7 0 8 2 3 17 15 10 6 4 1 14 9 
10 8 12 3 4 7 14 5 16 6 20 19 0 9 15 11 13 1 18 17 2 
2 17 18 1 13 11 15 9 0 19 20 6 16 5 14 7 4 3 12 8 10 
19 6 3 15 7 4 1 11 20 16 10 14 12 8 2 17 5 18 13 9 0 
0 9 13 18 5 17 2 8 12 14 10 16 20 11 1 4 7 15 3 6 19 
20 4 12 13 1 3 18 10 19 9 8 2 15 6 0 14 16 5 7 17 11 
11 17 7 5 16 14 0 6 15 2 8 9 19 10 18 3 1 13 12 4 20 
16 10 14 7 13 9 19 20 17 2 11 4 1 5 8 12 0 6 3 18 15 
15 18 3 6 0 12 8 5 1 4 11 2 17 20 19 9 13 7 14 10 16 
1 5 9 7 0 15 12 10 20 3 17 16 19 18 4 6 13 11 8 14 2 
2 14 8 11 13 6 4 18 19 16 17 3 20 10 12 15 0 7 9 5 1 
12 17 6 0 19 11 10 1 2 14 7 18 20 9 15 8 4 5 13 3 16 
16 3 13 5 4 8 15 9 20 18 7 14 2 1 10 11 19 0 6 17 12 
10 1 19 13 18 16 6 4 14 0 2 8 15 9 11 12 3 17 5 7 20 
20 7 5 17 3 12 11 9 15 8 2 0 14 4 6 16 18 13 19 1 10 
4 2 6 12 5 10 15 11 16 7 1 0 13 17 3 9 14 19 8 18 20 
20 18 8 19 14 9 3 17 13 0 1 7 16 11 15 10 5 12 6 2 4 
15 19 17 12 8 16 1 14 20 18 5 2 6 10 3 11 7 13 4 9 0 
0 9 4 13 7 11 3 10 6 2 5 18 20 14 1 16 8 12 17 19 15 
6 14 18 17 4 11 7 13 12 8 1 5 15 0 10 16 20 19 3 9 2 
2 9 3 19 20 16 10 0 15 5 1 8 12 13 7 11 4 17 18 14 6 
15 17 10 11 4 9 18 16 12 2 6 20 19 3 5 14 13 8 1 0 7 
7 0 1 8 13 14 5 3 19 20 6 2 12 16 18 9 4 11 10 17 15 
3 16 1 17 7 8 6 9 18 15 13 4 19 12 2 0 10 5 14 11 20 
20 11 14 5 10 0 2 12 19 4 13 15 18 9 6 8 7 17 1 16 3 
18 14 12 15 13 7 9 6 2 20 11 1 3 19 5 10 17 16 0 8 4 
4 8 0 16 17 10 5 19 3 1 11 20 2 6 9 7 13 15 12 14 18 
11 20 1 2 7 12 16 4 15 14 3 9 18 5 17 13 6 0 10 8 19 
19 8 10 0 6 13 17 5 18 9 3 14 15 4 16 12 7 2 1 20 11 
9 5 4 1 16 18 17 20 0 14 11 3 15 19 8 12 10 7 2 13 6 
6 13 2 7 10 12 8 19 15 3 11 14 0 20 17 18 16 1 4 5 9 
18 20 10 6 16 11 3 9 1 0 7 19 17 2 12 13 14 5 4 15 8 
8 15 4 5 14 13 12 2 17 19 7 0 1 9 3 11 16 6 10 20 18 
12 0 17 15 5 7 13 4 18 19 20 16 10 14 8 11 9 6 2 3 1 
1 3 2 6 9 11 8 14 10 16 20 19 18 4 13 7 5 15 17 0 12 
11 20 17 13 6 9 8 19 0 12 3 4 15 1 5 2 18 10 7 16 14 
14 16 7 10 18 2 5 1 15 4 3 12 0 19 8 9 6 13 17 20 11 
3 2 13 1 14 12 20 0 10 4 17 15 16 6 11 18 7 8 5 9 19 
19 9 5 8 7 18 11 6 16 15 17 4 10 0 20 12 14 1 13 2 3 
3 12 11 17 18 14 19 4 5 1 2 8 7 9 10 20 6 0 16 13 15 
15 13 16 0 6 20 10 9 7 8 2 1 5 4 19 14 18 17 11 12 3 
9 1 17 5 12 13 16 2 19 15 3 4 11 6 7 18 14 20 8 10 0 
0 10 8 20 14 18 7 6 11 4 3 15 19 2 16 13 12 5 17 1 9 
16 4 15 8 12 18 11 9 20 10 13 14 0 17 5 3 6 7 1 2 19 
19 2 1 7 6 3 5 17 0 14 13 10 20 9 11 18 12 8 15 4 16 
5 3 10 18 13 17 7 15 20 2 8 1 11 12 6 16 0 9 14 19 4 
4 19 14 9 0 16 6 12 11 1 8 2 20 15 7 17 13 18 10 3 5 
13 15 11 3 19 14 10 8 1 9 16 2 5 0 17 18 7 20 4 6 12 
12 6 4 20 7 18 17 0 5 2 16 9 1 8 10 14 19 3 11 15 13 
17 14 3 6 16 13 18 10 5 20 12 15 19 2 9 0 4 1 7 11 8 
8 11 7 1 4 0 9 2 19 15 12 20 5 10 18 13 16 6 3 14 17 
18 5 11 1 8 13 10 19 4 3 0 12 14 20 17 6 7 9 2 15 16 
16 15 2 9 7 6 17 20 14 12 0 3 4 19 10 13 8 1 11 5 18 
1 18 10 5 7 14 20 8 16 13 17 4 6 2 9 15 3 11 12 0 19 
19 0 12 11 3 15 9 2 6 4 17 13 16 8 20 14 7 5 10 18 1 
2 20 16 17 3 8 5 19 6 4 0 14 7 1 15 18 13 11 10 9 12 
12 9 10 11 13 18 15 1 7 14 0 4 6 19 5 8 3 17 16 20 2 
4 7 13 6 19 18 15 3 9 8 20 17 16 11 5 2 12 1 14 0 10 
10 0 14 1 12 2 5 11 16 17 20 8 9 3 15 18 19 6 13 7 4 
8 14 1 11 6 3 17 12 10 5 4 15 9 13 19 0 18 20 2 16 7 
7 16 2 20 18 0 19 13 9 15 4 5 10 12 17 3 6 11 1 14 8 
20 10 5 6 8 1 18 12 2 7 13 0 11 3 9 16 15 17 19 14 4 
4 14 19 17 15 16 9 3 11 0 13 7 2 12 18 1 8 6 5 10 20 
5 10 6 17 8 0 2 16 11 4 18 15 13 1 3 14 7 20 19 9 12 
12 9 19 20 7 14 3 1 13 15 18 4 11 16 2 0 8 17 6 10 5 
13 17 1 11 16 12 8 7 20 19 4 9 3 14 18 6 0 10 5 15 2 
2 15 5 10 0 6 18 14 3 9 4 19 20 7 8 12 16 11 1 17 13 
4 13 0 20 19 18 1 5 15 2 17 6 3 11 12 7 10 8 16 9 14 
14 9 16 8 10 7 12 11 3 6 17 2 15 5 1 18 19 20 0 13 4 
19 16 13 12 5 9 1 6 20 14 8 10 4 11 3 2 17 18 7 0 15 
15 0 7 18 17 2 3 11 4 10 8 14 20 6 1 9 5 12 13 16 19 
17 20 1 10 8 18 9 7 15 6 19 14 2 4 16 12 5 11 0 13 3 
3 13 0 11 5 12 16 4 2 14 19 6 15 7 9 18 8 10 1 20 17 
15 10 7 8 17 19 11 18 9 20 5 13 2 3 14 12 6 1 4 0 16 
16 0 4 1 6 12 14 3 2 13 5 20 9 18 11 19 17 8 7 10 15 
3 14 15 17 18 1 4 0 6 20 16 2 19 10 5 13 8 12 11 7 9 
9 7 11 12 8 13 5 10 19 2 16 20 6 0 4 1 18 17 15 14 3 
11 2 15 18 20 12 4 8 6 9 1 16 13 7 5 3 17 19 10 14 0 
0 14 10 19 17 3 5 7 13 16 1 9 6 8 4 12 20 18 15 2 11 
19 4 6 1 9 10 12 17 16 15 20 11 0 13 5 8 7 2 3 18 14 
14 18 3 2 7 8 5 13 0 11 20 15 16 17 12 10 9 1 6 4 19 
2 4 11 10 3 18 0 6 13 9 17 15 5 7 19 12 20 14 8 16 1 
1 16 8 14 20 12 19 7 5 15 17 9 13 6 0 18 3 10 11 4 2 
14 15 4 1 7 2 17 20 9 10 16 13 0 8 3 6 19 5 12 18 11 
11 18 12 5 19 6 3 8 0 13 16 10 9 20 17 2 7 1 4 15 14 
13 20 2 10 18 19 11 1 5 9 14 17 4 3 6 16 15 7 12 0 8 
8 0 12 7 15 16 6 3 4 17 14 9 5 1 11 19 18 10 2 20 13 
9 0 16 17 2 8 7 6 18 11 14 5 4 10 13 19 20 15 3 12 1 
1 12 3 15 20 19 13 10 4 5 14 11 18 6 7 8 2 17 16 0 9 
18 17 19 0 1 14 16 10 4 15 5 3 9 6 8 13 20 11 2 12 7 
7 12 2 11 20 13 8 6 9 3 5 15 4 10 16 14 1 0 19 17 18 
5 20 3 12 17 7 11 1 19 15 18 4 8 16 9 14 2 13 10 6 0 
0 6 10 13 2 14 9 16 8 4 18 15 19 1 11 7 17 12 3 20 5 
