86 4 18
16 14 10 8 6 4 17 3 15 1 13 12 9 0 5 7 2 11 
11 2 7 5 0 9 12 13 1 15 3 17 4 6 8 10 14 16 
12 15 9 4 5 8 0 14 11 16 1 2 10 7 6 13 17 3 
3 17 13 6 7 10 2 1 16 11 14 0 8 5 4 9 15 12 
1 4 6 0 15 2 11 10 17 12 3 7 16 5 14 9 8 13 
13 8 9 14 5 16 7 3 12 17 10 11 2 15 0 6 4 1 
0 7 8 2 3 14 4 12 16 13 6 11 15 9 5 10 17 1 
1 17 10 5 9 15 11 6 13 16 12 4 14 3 2 8 7 0 
5 11 10 4 16 13 3 1 7 8 15 0 2 9 14 17 6 12 
12 6 17 14 9 2 0 15 8 7 1 3 13 16 4 10 11 5 
7 16 9 0 6 5 4 17 1 13 11 2 14 12 10 15 8 3 
3 8 15 10 12 14 2 11 13 1 17 4 5 6 0 9 16 7 
15 1 14 3 0 5 6 16 8 7 11 12 17 10 9 4 2 13 
13 2 4 9 10 17 12 11 7 8 16 6 5 0 3 14 1 15 
17 16 2 12 3 8 0 5 6 10 13 1 15 14 9 11 7 4 
4 7 11 9 14 15 1 13 10 6 5 0 8 3 12 2 16 17 
5 2 14 15 17 3 7 4 13 9 0 11 16 10 8 1 12 6 
6 12 1 8 10 16 11 0 9 13 4 7 3 17 15 14 2 5 
3 9 1 16 2 17 7 6 4 15 8 12 14 5 11 0 13 10 
10 13 0 11 5 14 12 8 15 4 6 7 17 2 16 1 9 3 
0 13 10 16 15 7 17 1 4 5 3 12 2 8 11 9 14 6 
6 14 9 11 8 2 12 3 5 4 1 17 7 15 16 10 13 0 
11 17 4 0 14 3 10 9 2 6 13 8 16 12 15 1 5 7 
7 5 1 15 12 16 8 13 6 2 9 10 3 14 0 4 17 11 
2 16 12 10 8 7 9 11 1 15 5 17 14 4 0 3 13 6 
6 13 3 0 4 14 17 5 15 1 11 9 7 8 10 12 16 2 
12 16 14 15 11 6 5 7 3 0 13 2 1 10 9 17 8 4 
4 8 17 9 10 1 2 13 0 3 7 5 6 11 15 14 16 12 
3 11 15 8 16 5 9 2 13 4 6 0 17 10 7 12 14 1 
1 14 12 7 10 17 0 6 4 13 2 9 5 16 8 15 11 3 
15 10 2 9 6 7 0 14 16 3 11 8 17 13 1 12 5 4 
4 5 12 1 13 17 8 11 3 16 14 0 7 6 9 2 10 15 
7 11 6 16 10 14 1 3 2 13 15 4 12 8 17 9 0 5 
5 0 9 17 8 12 4 15 13 2 3 1 14 10 16 6 11 7 
4 2 6 16 1 9 5 3 10 12 0 14 13 7 15 11 8 17 
17 8 11 15 7 13 14 0 12 10 3 5 9 1 16 6 2 4 
13 8 15 11 17 3 6 5 14 1 4 2 12 16 10 7 9 0 
0 9 7 10 16 12 2 4 1 14 5 6 3 17 11 15 8 13 
14 13 16 9 0 1 12 11 3 4 8 10 17 7 15 6 2 5 
5 2 6 15 7 17 10 8 4 3 11 12 1 0 9 16 13 14 
2 11 8 14 0 17 1 16 13 6 7 5 10 15 9 4 12 3 
3 12 4 9 15 10 5 7 6 13 16 1 17 0 14 8 11 2 
13 6 12 16 3 7 4 5 2 0 11 17 15 8 10 14 9 1 
1 9 14 10 8 15 17 11 0 2 5 4 7 3 16 12 6 13 
7 3 8 17 5 16 1 0 4 10 14 12 11 15 9 13 2 6 
6 2 13 9 15 11 12 14 10 4 0 1 16 5 17 8 3 7 
10 3 0 11 17 6 9 5 1 8 12 7 2 14 13 16 4 15 
15 4 16 13 14 2 7 12 8 1 5 9 6 17 11 0 3 10 
12 13 0 2 17 10 15 6 5 3 16 4 9 11 14 7 1 8 
8 1 7 14 11 9 4 16 3 5 6 15 10 17 2 0 13 12 
10 7 15 9 12 3 0 1 2 13 8 6 17 11 16 4 5 14 
14 5 4 16 11 17 6 8 13 2 1 0 3 12 9 15 7 10 
3 11 9 14 7 4 12 2 8 0 6 10 5 15 13 16 1 17 
17 1 16 13 15 5 10 6 0 8 2 12 4 7 14 9 11 3 
8 4 7 0 15 13 12 16 10 11 1 6 14 9 2 17 5 3 
3 5 17 2 9 14 6 1 11 10 16 12 13 15 0 7 4 8 
10 0 8 16 5 3 14 2 7 15 6 1 4 9 11 13 17 12 
12 17 13 11 9 4 1 6 15 7 2 14 3 5 16 8 0 10 
6 2 16 8 14 15 12 4 13 3 17 11 7 9 1 10 5 0 
0 5 10 1 9 7 11 17 3 13 4 12 15 14 8 16 2 6 
1 15 4 0 8 9 12 17 6 3 11 13 5 10 2 14 7 16 
16 7 14 2 10 5 13 11 3 6 17 12 9 8 0 4 15 1 
1 11 12 5 9 3 13 6 0 2 7 16 14 8 17 15 10 4 
4 10 15 17 8 14 16 7 2 0 6 13 3 9 5 12 11 1 
13 7 14 17 15 12 4 6 0 1 10 11 8 5 2 3 9 16 
16 9 3 2 5 8 11 10 1 0 6 4 12 15 17 14 7 13 
12 14 16 9 17 10 4 7 11 5 15 2 1 8 3 0 6 13 
13 6 0 3 8 1 2 15 5 11 7 4 10 17 9 16 14 12 
5 10 6 17 0 11 16 7 12 9 15 14 2 4 13 8 3 1 
1 3 8 13 4 2 14 15 9 12 7 16 11 0 17 6 10 5 
1 2 6 4 5 7 14 8 12 0 11 10 3 17 13 15 16 9 
9 16 15 13 17 3 10 11 0 12 8 14 7 5 4 6 2 1 
11 15 1 12 2 16 3 7 0 9 10 4 6 8 13 5 14 17 
17 14 5 13 8 6 4 10 9 0 7 3 16 2 12 1 15 11 
12 0 3 2 10 13 9 14 15 17 4 1 16 5 8 7 11 6 
6 11 7 8 5 16 1 4 17 15 14 9 13 10 2 3 0 12 
9 7 8 6 10 5 13 14 0 2 1 15 12 4 11 16 3 17 
17 3 16 11 4 12 15 1 2 0 14 13 5 10 6 8 7 9 
2 13 10 12 14 4 3 15 16 7 6 5 9 8 11 1 17 0 
0 17 1 11 8 9 5 6 7 16 15 3 4 14 12 10 13 2 
5 16 1 7 0 10 3 15 4 2 14 9 8 17 13 6 12 11 
11 12 6 13 17 8 9 14 2 4 15 3 10 0 7 1 16 5 
15 13 0 9 4 16 2 11 5 1 6 8 7 12 10 3 14 17 
17 14 3 10 12 7 8 6 1 5 11 2 16 4 9 0 13 15 
14 4 16 12 2 5 13 10 1 9 15 11 8 0 3 6 17 7 
7 17 6 3 0 8 11 15 9 1 10 13 5 2 12 16 4 14 
