170 4 70
6 1 3 0 7 14 20 13 11 30 23 29 27 19 33 34 36 37 38 48 44 54 55 57 58 61 65 62 63 68 69 66 67 52 60 64 51 47 56 59 49 53 46 40 50 42 45 43 41 35 39 31 28 26 32 25 22 24 21 17 18 15 16 12 9 10 2 8 5 4 
4 5 8 2 10 9 12 16 15 18 17 21 24 22 25 32 26 28 31 39 35 41 43 45 42 50 40 46 53 49 59 56 47 51 64 60 52 67 66 69 68 63 62 65 61 58 57 55 54 44 48 38 37 36 34 33 19 27 29 23 30 11 13 20 14 7 0 3 1 6 
24 44 43 41 59 49 46 40 64 52 68 62 69 26 35 67 65 63 66 15 10 12 5 2 4 16 45 11 14 27 37 6 13 0 1 3 29 60 8 50 56 47 53 51 9 42 28 31 7 20 30 23 33 19 36 34 48 39 61 54 38 55 57 58 18 17 21 25 32 22 
22 32 25 21 17 18 58 57 55 38 54 61 39 48 34 36 19 33 23 30 20 7 31 28 42 9 51 53 47 56 50 8 60 29 3 1 0 13 6 37 27 14 11 45 16 4 2 5 12 10 15 66 63 65 67 35 26 69 62 68 52 64 40 46 49 59 41 43 44 24 
2 31 36 34 14 0 61 37 26 62 68 67 51 60 35 46 55 42 50 56 52 11 29 39 43 18 17 22 5 4 10 16 24 30 23 44 41 21 32 25 64 1 3 6 7 20 58 38 54 48 47 28 45 59 53 49 40 65 63 66 69 27 13 57 19 33 8 9 15 12 
12 15 9 8 33 19 57 13 27 69 66 63 65 40 49 53 59 45 28 47 48 54 38 58 20 7 6 3 1 64 25 32 21 41 44 23 30 24 16 10 4 5 22 17 18 43 39 29 11 52 56 50 42 55 46 35 60 51 67 68 62 26 37 61 0 14 34 36 31 2 
30 48 3 1 6 42 49 59 35 10 5 69 66 27 29 47 60 39 56 58 18 17 61 40 15 8 45 14 62 68 36 34 0 25 21 22 24 2 67 37 12 33 7 19 9 51 57 44 32 41 43 20 31 26 46 50 13 55 63 53 11 65 16 64 23 52 4 38 28 54 
54 28 38 4 52 23 64 16 65 11 53 63 55 13 50 46 26 31 20 43 41 32 44 57 51 9 19 7 33 12 37 67 2 24 22 21 25 0 34 36 68 62 14 45 8 15 40 61 17 18 58 56 39 60 47 29 27 66 69 5 10 35 59 49 42 6 1 3 48 30 
21 10 40 43 52 63 53 44 33 39 55 11 7 66 36 58 62 0 1 47 68 28 22 50 60 49 4 9 48 30 18 17 32 2 12 15 45 34 6 3 13 37 59 57 38 26 31 35 51 54 67 5 46 8 56 69 14 29 61 20 23 19 24 64 65 16 25 41 42 27 
27 42 41 25 16 65 64 24 19 23 20 61 29 14 69 56 8 46 5 67 54 51 35 31 26 38 57 59 37 13 3 6 34 45 15 12 2 32 17 18 30 48 9 4 49 60 50 22 28 68 47 1 0 62 58 36 66 7 11 55 39 33 44 53 63 52 43 40 10 21 
3 12 44 41 30 20 53 42 28 17 7 31 39 61 2 57 4 46 14 58 63 66 36 35 24 26 52 38 34 27 29 10 21 59 9 8 69 16 25 22 6 1 0 65 19 49 43 40 23 33 11 64 55 68 5 56 15 13 54 32 50 67 48 47 37 45 51 60 62 18 
18 62 60 51 45 37 47 48 67 50 32 54 13 15 56 5 68 55 64 11 33 23 40 43 49 19 65 0 1 6 22 25 16 69 8 9 59 21 10 29 27 34 38 52 26 24 35 36 66 63 58 14 46 4 57 2 61 39 31 7 17 28 42 53 20 30 41 44 12 3 
38 25 6 17 22 60 67 62 56 37 45 69 66 50 24 7 28 33 53 36 63 57 51 21 10 2 12 20 3 65 16 44 42 41 47 29 68 18 34 40 15 14 0 30 48 52 35 32 5 27 8 54 31 39 59 4 23 64 55 13 11 61 58 43 26 9 19 1 49 46 
46 49 1 19 9 26 43 58 61 11 13 55 64 23 4 59 39 31 54 8 27 5 32 35 52 48 30 0 14 15 40 34 18 68 29 47 41 42 44 16 65 3 20 12 2 10 21 51 57 63 36 53 33 28 7 24 50 66 69 45 37 56 62 67 60 22 17 6 25 38 
53 57 26 40 24 15 34 0 32 66 8 69 56 37 30 39 60 41 31 12 50 23 13 11 43 10 68 25 61 54 38 6 1 27 17 44 49 52 19 42 29 62 28 9 46 51 33 48 47 67 45 7 3 64 4 2 36 14 5 35 16 22 65 63 21 58 18 55 59 20 
20 59 55 18 58 21 63 65 22 16 35 5 14 36 2 4 64 3 7 45 67 47 48 33 51 46 9 28 62 29 42 19 52 49 44 17 27 1 6 38 54 61 25 68 10 43 11 13 23 50 12 31 41 60 39 30 37 56 69 8 66 32 0 34 15 24 40 26 57 53 
9 35 44 11 19 6 37 51 50 29 47 62 34 27 64 68 45 31 58 61 57 16 63 30 22 17 4 12 3 20 40 43 53 18 21 24 25 60 67 36 56 49 1 52 26 55 8 15 13 48 0 41 42 59 69 54 66 33 23 65 5 7 2 14 28 10 46 39 32 38 
38 32 39 46 10 28 14 2 7 5 65 23 33 66 54 69 59 42 41 0 48 13 15 8 55 26 52 1 49 56 36 67 60 25 24 21 18 53 43 40 20 3 12 4 17 22 30 63 16 57 61 58 31 45 68 64 27 34 62 47 29 50 51 37 6 19 11 44 35 9 
13 33 16 52 4 48 69 61 17 22 64 49 0 34 43 57 24 18 6 51 28 15 5 67 56 50 38 20 39 58 44 40 66 2 3 14 36 9 11 62 32 53 46 41 30 1 59 25 55 26 35 7 23 19 10 27 68 65 47 29 8 37 60 12 45 21 54 31 63 42 
42 63 31 54 21 45 12 60 37 8 29 47 65 68 27 10 19 23 7 35 26 55 25 59 1 30 41 46 53 32 62 11 9 36 14 3 2 66 40 44 58 39 20 38 50 56 67 5 15 28 51 6 18 24 57 43 34 0 49 64 22 17 61 69 48 4 52 16 33 13 
23 40 66 0 58 10 57 34 64 48 41 25 22 27 11 3 60 46 67 65 47 50 37 18 2 4 52 8 28 42 35 59 12 19 38 6 20 61 39 13 33 53 55 63 9 5 16 24 69 31 29 14 36 26 15 54 32 56 44 68 21 51 62 45 1 17 7 30 43 49 
49 43 30 7 17 1 45 62 51 21 68 44 56 32 54 15 26 36 14 29 31 69 24 16 5 9 63 55 53 33 13 39 61 20 6 38 19 12 59 35 42 28 8 52 4 2 18 37 50 47 65 67 46 60 3 11 27 22 25 41 48 64 34 57 10 58 0 66 40 23 
14 59 28 52 3 19 35 8 32 24 11 25 45 58 36 54 56 43 49 47 37 51 4 18 17 42 41 34 57 10 66 33 13 0 63 31 68 7 21 38 65 23 48 44 16 64 22 6 46 67 30 1 26 29 40 39 62 69 5 50 60 9 12 15 27 20 53 2 55 61 
61 55 2 53 20 27 15 12 9 60 50 5 69 62 39 40 29 26 1 30 67 46 6 22 64 16 44 48 23 65 38 21 7 68 31 63 0 13 33 66 10 57 34 41 42 17 18 4 51 37 47 49 43 56 54 36 58 45 25 11 24 32 8 35 19 3 52 28 59 14 
39 4 17 67 68 50 29 62 47 20 51 37 8 69 41 58 25 52 49 59 48 13 23 53 9 2 7 14 61 54 24 56 19 21 63 40 27 10 66 18 60 55 36 64 26 12 1 6 22 28 45 35 38 34 32 43 3 30 44 46 42 16 11 15 5 31 65 33 0 57 
57 0 33 65 31 5 15 11 16 42 46 44 30 3 43 32 34 38 35 45 28 22 6 1 12 26 64 36 55 60 18 66 10 27 40 63 21 19 56 24 54 61 14 7 2 9 53 23 13 48 59 49 52 25 58 41 69 8 37 51 20 47 62 29 50 68 67 17 4 39 
16 34 54 25 66 18 14 19 60 6 68 47 46 67 7 36 39 53 31 30 64 44 43 12 5 15 57 52 11 21 65 49 69 59 35 50 17 33 0 58 20 61 23 8 4 2 27 22 45 62 63 26 32 28 42 56 51 37 29 40 48 3 38 24 41 10 1 13 55 9 
9 55 13 1 10 41 24 38 3 48 40 29 37 51 56 42 28 32 26 63 62 45 22 27 2 4 8 23 61 20 58 0 33 17 50 35 59 69 49 65 21 11 52 57 15 5 12 43 44 64 30 31 53 39 36 7 67 46 47 68 6 60 19 14 18 66 25 54 34 16 
26 23 2 58 7 53 45 22 29 51 52 68 18 60 62 59 38 30 3 49 11 43 34 42 24 41 55 33 69 12 9 54 10 27 19 15 57 0 4 16 25 48 40 32 46 39 66 6 17 20 65 28 31 61 14 35 36 67 50 13 1 47 56 37 5 64 21 63 8 44 
44 8 63 21 64 5 37 56 47 1 13 50 67 36 35 14 61 31 28 65 20 17 6 66 39 46 32 40 48 25 16 4 0 57 15 19 27 10 54 9 12 69 33 55 41 24 42 34 43 11 49 3 30 38 59 62 60 18 68 52 51 29 22 45 53 7 58 2 23 26 
63 38 15 59 12 27 61 56 51 6 47 68 42 24 11 43 48 66 2 31 36 7 23 13 19 22 25 17 62 5 65 39 52 55 58 3 10 1 54 8 53 26 44 16 64 14 0 34 60 20 4 9 21 50 67 29 32 37 18 33 41 57 46 35 30 45 69 49 40 28 
28 40 49 69 45 30 35 46 57 41 33 18 37 32 29 67 50 21 9 4 20 60 34 0 14 64 16 44 26 53 8 54 1 10 3 58 55 52 39 65 5 62 17 25 22 19 13 23 7 36 31 2 66 48 43 11 24 42 68 47 6 51 56 61 27 12 59 15 38 63 
52 29 48 20 12 31 0 23 24 67 36 50 45 59 47 39 17 1 19 63 18 69 16 11 68 42 46 2 15 57 25 38 28 49 8 44 40 55 26 58 62 6 21 14 30 41 37 4 7 60 61 5 56 9 51 13 33 65 53 34 22 64 3 35 32 43 10 66 27 54 
54 27 66 10 43 32 35 3 64 22 34 53 65 33 13 51 9 56 5 61 60 7 4 37 41 30 14 21 6 62 58 26 55 40 44 8 49 28 38 25 57 15 2 46 42 68 11 16 69 18 63 19 1 17 39 47 59 45 50 36 67 24 23 0 31 12 20 48 29 52 
30 65 18 69 4 19 11 1 21 57 15 52 2 8 51 7 14 39 37 3 6 43 31 22 61 20 10 41 25 63 62 32 48 49 64 35 27 53 60 24 5 13 38 33 44 36 50 12 29 23 46 59 17 40 45 54 66 0 68 67 47 34 28 56 26 55 9 58 16 42 
42 16 58 9 55 26 56 28 34 47 67 68 0 66 54 45 40 17 59 46 23 29 12 50 36 44 33 38 13 5 24 60 53 27 35 64 49 48 32 62 63 25 41 10 20 61 22 31 43 6 3 37 39 14 7 51 8 2 52 15 57 21 1 11 19 4 69 18 65 30 
42 20 49 22 13 41 62 39 36 11 6 12 47 67 34 7 8 15 32 26 44 43 10 3 52 18 54 25 45 28 58 55 9 69 50 61 0 16 27 64 30 60 17 63 68 65 14 24 56 46 23 19 35 57 37 2 38 33 1 21 53 51 66 5 40 4 29 59 48 31 
31 48 59 29 4 40 5 66 51 53 21 1 33 38 2 37 57 35 19 23 46 56 24 14 65 68 63 17 60 30 64 27 16 0 61 50 69 9 55 58 28 45 25 54 18 52 3 10 43 44 26 32 15 8 7 34 67 47 12 6 11 36 39 62 41 13 22 49 20 42 
28 44 53 10 61 8 23 18 56 26 37 3 36 48 5 64 34 21 62 54 59 19 6 46 16 9 4 66 17 11 45 29 42 20 41 52 43 69 40 47 63 30 7 2 31 0 49 15 55 1 35 32 58 38 57 22 51 12 13 14 27 60 39 24 68 67 25 50 33 65 
65 33 50 25 67 68 24 39 60 27 14 13 12 51 22 57 38 58 32 35 1 55 15 49 0 31 2 7 30 63 47 40 69 43 52 41 20 42 29 45 11 17 66 4 9 16 46 6 19 59 54 62 21 34 64 5 48 36 3 37 26 56 18 23 8 61 10 53 44 28 
15 4 61 56 41 35 44 11 0 9 69 33 7 16 59 62 14 43 17 27 23 10 60 31 54 47 67 28 21 20 57 1 5 51 18 12 38 22 65 19 8 48 45 3 2 55 53 40 42 37 68 50 26 66 24 13 32 39 25 6 58 29 30 46 36 49 52 34 63 64 
64 63 34 52 49 36 46 30 29 58 6 25 39 32 13 24 66 26 50 68 37 42 40 53 55 2 3 45 48 8 19 65 22 38 12 18 51 5 1 57 20 21 28 67 47 54 31 60 10 23 27 17 43 14 62 59 16 7 33 69 9 0 11 44 35 41 56 61 4 15 
0 5 12 54 58 3 16 37 24 7 57 45 2 62 40 55 31 13 6 49 23 64 14 65 15 39 17 25 18 35 56 47 34 29 63 10 41 44 28 61 53 26 11 4 33 50 48 30 1 20 42 59 68 19 27 67 66 8 60 43 21 38 52 22 36 51 46 32 69 9 
9 69 32 46 51 36 22 52 38 21 43 60 8 66 67 27 19 68 59 42 20 1 30 48 50 33 4 11 26 53 61 28 44 41 10 63 29 34 47 56 35 18 25 17 39 15 65 14 64 23 49 6 13 31 55 40 62 2 45 57 7 24 37 16 3 58 54 12 5 0 
41 48 45 27 8 38 4 36 12 55 51 14 30 39 11 62 22 5 13 56 63 18 0 29 53 66 40 6 59 31 54 69 9 46 58 57 28 10 34 49 44 43 67 37 15 52 23 65 21 3 33 16 42 24 17 60 64 35 32 50 47 68 25 20 1 7 2 19 61 26 
26 61 19 2 7 1 20 25 68 47 50 32 35 64 60 17 24 42 16 33 3 21 65 23 52 15 37 67 43 44 49 34 10 28 57 58 46 9 69 54 31 59 6 40 66 53 29 0 18 63 56 13 5 22 62 11 39 30 14 51 55 12 36 4 38 8 27 45 48 41 
10 57 67 17 47 29 49 14 3 12 50 60 11 31 43 38 33 48 26 9 21 30 41 25 52 68 16 5 56 6 45 2 40 61 20 58 34 59 46 65 1 27 13 51 4 28 0 32 24 39 23 44 18 69 37 7 62 15 42 54 8 35 55 63 66 36 64 22 53 19 
19 53 22 64 36 66 63 55 35 8 54 42 15 62 7 37 69 18 44 23 39 24 32 0 28 4 51 13 27 1 65 46 59 34 58 20 61 40 2 45 6 56 5 16 68 52 25 41 30 21 9 26 48 33 38 43 31 11 60 50 12 3 14 49 29 47 17 67 57 10 
18 30 52 23 41 1 51 2 5 65 34 28 40 17 47 61 55 66 63 13 44 43 24 37 29 19 25 12 60 9 4 49 67 3 35 32 31 7 22 27 48 11 42 68 53 54 69 36 8 62 56 50 38 46 16 20 6 10 58 21 57 64 15 14 26 39 0 45 59 33 
33 59 45 0 39 26 14 15 64 57 21 58 10 6 20 16 46 38 50 56 62 8 36 69 54 53 68 42 11 48 27 22 7 31 32 35 3 67 49 4 9 60 12 25 19 29 37 24 43 44 13 63 66 55 61 47 17 40 28 34 65 5 2 51 1 41 23 52 30 18 
44 65 58 32 40 19 62 21 12 29 11 49 42 24 56 48 53 38 16 47 51 67 10 69 41 64 39 15 22 60 36 14 23 54 61 34 1 30 33 57 4 26 37 28 66 63 46 52 20 5 2 68 55 9 8 7 0 59 25 50 35 3 13 6 17 43 45 27 18 31 
31 18 27 45 43 17 6 13 3 35 50 25 59 0 7 8 9 55 68 2 5 20 52 46 63 66 28 37 26 4 57 33 30 1 34 61 54 23 14 36 60 22 15 39 64 41 69 10 67 51 47 16 38 53 48 56 24 42 49 11 29 12 21 62 19 40 32 58 65 44 
20 54 35 13 34 22 1 2 46 17 43 47 56 39 63 30 0 62 53 48 21 57 23 16 59 37 3 8 25 38 51 33 67 58 18 15 27 26 44 64 12 31 42 19 61 68 55 28 49 45 32 66 10 41 36 65 60 50 4 5 9 7 29 14 24 40 6 69 52 11 
11 52 69 6 40 24 14 29 7 9 5 4 50 60 65 36 41 10 66 32 45 49 28 55 68 61 19 42 31 12 64 44 26 27 15 18 58 67 33 51 38 25 8 3 37 59 16 23 57 21 48 53 62 0 30 63 39 56 47 43 17 46 2 1 22 34 13 35 54 20 
4 27 36 59 64 33 28 44 31 56 50 22 25 3 23 10 15 29 68 20 2 39 30 1 19 45 60 13 24 49 58 53 34 67 5 54 26 9 65 52 17 41 40 8 14 35 11 38 18 62 63 21 69 57 6 43 47 32 12 61 66 0 16 37 48 55 46 7 51 42 
42 51 7 46 55 48 37 16 0 66 61 12 32 47 43 6 57 69 21 63 62 18 38 11 35 14 8 40 41 17 52 65 9 26 54 5 67 34 53 58 49 24 13 60 45 19 1 30 39 2 20 68 29 15 10 23 3 25 22 50 56 31 44 28 33 64 59 36 27 4 
62 35 61 28 10 53 30 17 12 13 25 68 60 67 6 19 63 0 58 5 48 46 52 15 42 59 14 22 51 26 41 27 4 50 54 45 36 65 44 11 43 55 24 40 7 47 57 29 2 64 32 33 20 8 69 49 31 18 34 21 38 1 39 16 56 23 3 9 66 37 
37 66 9 3 23 56 16 39 1 38 21 34 18 31 49 69 8 20 33 32 64 2 29 57 47 7 40 24 55 43 11 44 65 36 45 54 50 4 27 41 26 51 22 14 59 42 15 52 46 48 5 58 0 63 19 6 67 60 68 25 13 12 17 30 53 10 28 61 35 62 
36 5 27 8 38 49 55 41 60 68 67 34 16 21 28 25 9 15 62 37 48 53 3 11 35 0 13 65 23 39 30 61 7 51 50 66 59 45 12 46 4 52 44 18 17 19 1 10 64 57 32 29 56 42 33 69 31 6 54 20 2 26 40 47 24 43 14 58 22 63 
63 22 58 14 43 24 47 40 26 2 20 54 6 31 69 33 42 56 29 32 57 64 10 1 19 17 18 44 52 4 46 12 45 59 66 50 51 7 61 30 39 23 65 13 0 35 11 3 53 48 37 62 15 9 25 28 21 16 34 67 68 60 41 55 49 38 8 27 5 36 
62 46 39 44 15 49 33 63 52 19 3 2 41 42 40 54 17 50 30 60 18 56 16 27 9 37 66 64 59 38 21 7 14 11 13 22 61 5 67 68 28 58 25 31 29 32 0 57 43 48 36 35 8 45 6 12 55 23 47 24 26 65 4 20 69 1 53 10 34 51 
51 34 10 53 1 69 20 4 65 26 24 47 23 55 12 6 45 8 35 36 48 43 57 0 32 29 31 25 58 28 68 67 5 61 22 13 11 14 7 21 38 59 64 66 37 9 27 16 56 18 60 30 50 17 54 40 42 41 2 3 19 52 63 33 49 15 44 39 46 62 
38 9 15 46 24 57 17 68 14 45 67 42 1 23 64 53 6 47 4 37 54 10 5 58 30 35 2 36 31 44 43 0 19 33 41 27 51 49 55 62 21 52 39 22 20 29 66 34 28 3 8 69 32 13 63 40 61 60 25 50 65 12 26 48 59 16 18 56 11 7 
7 11 56 18 16 59 48 26 12 65 50 25 60 61 40 63 13 32 69 8 3 28 34 66 29 20 22 39 52 21 62 55 49 51 27 41 33 19 0 43 44 31 36 2 35 30 58 5 10 54 37 4 47 6 53 64 23 1 42 67 45 14 68 17 57 24 46 15 9 38 
4 3 30 54 67 60 57 24 68 26 28 40 51 27 48 39 63 62 9 18 33 23 35 8 20 45 36 22 61 65 25 16 49 66 10 1 56 44 42 12 11 7 50 46 17 43 5 32 19 14 64 34 41 55 13 29 53 59 0 47 15 37 58 38 69 21 2 52 6 31 
31 6 52 2 21 69 38 58 37 15 47 0 59 53 29 13 55 41 34 64 14 19 32 5 43 17 46 50 7 11 12 42 44 56 1 10 66 49 16 25 65 61 22 36 45 20 8 35 23 33 18 9 62 63 39 48 27 51 40 28 26 68 24 57 60 67 54 30 3 4 
22 16 29 19 39 66 52 13 45 33 44 5 26 41 15 32 48 3 63 68 7 47 10 67 0 14 57 4 53 38 24 25 11 59 42 9 18 34 51 61 20 2 55 30 60 64 37 69 1 6 54 62 31 50 46 21 17 12 27 23 8 43 65 40 36 28 49 58 56 35 
35 56 58 49 28 36 40 65 43 8 23 27 12 17 21 46 50 31 62 54 6 1 69 37 64 60 30 55 2 20 61 51 34 18 9 42 59 11 25 24 38 53 4 57 14 0 67 10 47 7 68 63 3 48 32 15 41 26 5 44 33 45 13 52 66 39 19 29 16 22 
48 44 57 50 67 43 55 60 46 58 3 25 5 45 68 41 17 8 56 69 22 4 31 23 1 16 34 7 15 19 63 36 52 37 66 40 26 32 20 62 12 38 65 35 9 42 59 27 49 47 24 39 2 0 54 10 64 53 30 18 51 13 14 33 28 11 61 21 6 29 
29 6 21 61 11 28 33 14 13 51 18 30 53 64 10 54 0 2 39 24 47 49 27 59 42 9 35 65 38 12 62 20 32 26 40 66 37 52 36 63 19 15 7 34 16 1 23 31 4 22 69 56 8 17 41 68 45 5 25 3 58 46 60 55 43 67 50 57 44 48 
47 34 65 59 41 31 56 55 26 69 57 53 21 2 66 27 17 67 60 52 44 32 6 13 39 30 51 48 16 22 45 28 54 35 19 49 15 46 11 29 37 10 4 63 12 58 1 61 18 33 36 38 25 0 43 50 14 68 3 9 40 42 64 24 23 8 5 20 7 62 
62 7 20 5 8 23 24 64 42 40 9 3 68 14 50 43 0 25 38 36 33 18 61 1 58 12 63 4 10 37 29 11 46 15 49 19 35 54 28 45 22 16 48 51 30 39 13 6 32 44 52 60 67 17 27 66 2 21 53 57 69 26 55 56 31 41 59 65 34 47 
10 45 66 20 51 0 19 63 39 28 24 60 25 64 67 21 30 55 2 8 34 56 43 33 69 29 62 35 4 48 42 14 23 47 15 5 6 11 44 9 3 57 49 46 53 41 26 12 27 50 18 58 7 68 17 32 40 22 36 16 54 31 52 38 65 1 37 13 61 59 
59 61 13 37 1 65 38 52 31 54 16 36 22 40 32 17 68 7 58 18 50 27 12 26 41 53 46 49 57 3 9 44 11 6 5 15 47 23 14 42 48 4 35 62 29 69 33 43 56 34 8 2 55 30 21 67 64 25 60 24 28 39 63 19 0 51 20 66 45 10 
9 42 43 53 2 32 17 50 40 68 28 8 25 11 6 14 15 48 59 65 16 41 58 29 44 67 1 30 54 45 0 35 66 39 22 56 61 3 7 20 38 57 64 21 62 51 63 52 60 24 31 13 26 23 10 47 49 36 27 18 55 5 34 46 33 4 12 37 69 19 
19 69 37 12 4 33 46 34 5 55 18 27 36 49 47 10 23 26 13 31 24 60 52 63 51 62 21 64 57 38 20 7 3 61 56 22 39 66 35 0 45 54 30 1 67 44 29 58 41 16 65 59 48 15 14 6 11 25 8 28 68 40 50 17 32 2 53 43 42 9 
18 16 0 29 22 1 56 41 35 55 42 3 50 24 6 13 54 30 68 5 19 21 12 8 34 43 10 33 11 52 31 62 46 59 28 58 40 38 20 25 57 67 36 53 2 65 48 69 60 9 17 66 7 32 44 4 14 37 23 49 26 27 51 45 61 39 64 63 15 47 
47 15 63 64 39 61 45 51 27 26 49 23 37 14 4 44 32 7 66 17 9 60 69 48 65 2 53 36 67 57 25 20 38 40 58 28 59 46 62 31 52 11 33 10 43 34 8 12 21 19 5 68 30 54 13 6 24 50 3 42 55 35 41 56 1 22 29 0 16 18 
5 36 35 1 53 52 57 40 43 68 39 56 25 9 51 64 7 31 4 59 13 45 12 22 16 37 19 29 10 28 69 62 42 58 38 61 14 55 65 66 6 46 67 47 15 26 41 60 23 20 8 63 44 18 3 0 50 17 21 32 2 24 11 27 33 49 54 30 48 34 
34 48 30 54 49 33 27 11 24 2 32 21 17 50 0 3 18 44 63 8 20 23 60 41 26 15 47 67 46 6 66 65 55 14 61 38 58 42 62 69 28 10 29 19 37 16 22 12 45 13 59 4 31 7 64 51 9 25 56 39 68 43 40 57 52 53 1 35 36 5 
55 58 20 10 29 59 11 37 8 63 43 67 60 68 18 61 45 57 46 7 15 14 24 27 39 34 40 53 54 41 16 44 2 13 38 33 19 22 35 4 48 12 56 28 52 1 5 64 49 69 47 26 32 36 23 3 25 17 50 51 0 9 6 30 66 65 31 62 21 42 
42 21 62 31 65 66 30 6 9 0 51 50 17 25 3 23 36 32 26 47 69 49 64 5 1 52 28 56 12 48 4 35 22 19 33 38 13 2 44 16 41 54 53 40 34 39 27 24 14 15 7 46 57 45 61 18 68 60 67 43 63 8 37 11 59 29 10 20 58 55 
23 46 28 7 22 15 31 11 32 67 35 60 68 69 63 21 3 25 17 53 10 27 55 49 40 64 56 16 42 48 59 45 24 13 50 43 18 14 26 36 51 30 66 37 6 20 52 12 0 39 54 65 9 2 44 1 29 47 58 8 41 19 4 33 57 5 38 34 62 61 
61 62 34 38 5 57 33 4 19 41 8 58 47 29 1 44 2 9 65 54 39 0 12 52 20 6 37 66 30 51 36 26 14 18 43 50 13 24 45 59 48 42 16 56 64 40 49 55 27 10 53 17 25 3 21 63 69 68 60 35 67 32 11 31 15 22 7 28 46 23 
20 48 56 10 44 30 33 14 49 32 68 22 25 37 8 40 47 1 53 55 7 59 46 6 41 29 65 31 34 43 0 23 24 15 28 51 4 27 16 9 62 19 64 5 52 11 63 39 36 66 2 57 12 42 18 17 38 26 35 67 60 50 3 69 21 61 54 45 13 58 
58 13 45 54 61 21 69 3 50 60 67 35 26 38 17 18 42 12 57 2 66 36 39 63 11 52 5 64 19 62 9 16 27 4 51 28 15 24 23 0 43 34 31 65 29 41 6 46 59 7 55 53 1 47 40 8 37 25 22 68 32 49 14 33 30 44 10 56 48 20 
53 19 6 16 27 43 28 14 51 42 57 40 52 23 36 31 1 2 67 9 3 18 46 60 29 56 62 13 63 10 15 69 32 5 30 25 61 55 47 34 45 54 21 20 65 39 48 33 68 0 38 58 37 35 7 17 50 49 4 24 59 41 26 12 11 64 44 66 22 8 
8 22 66 44 64 11 12 26 41 59 24 4 49 50 17 7 35 37 58 38 0 68 33 48 39 65 20 21 54 45 34 47 55 61 25 30 5 32 69 15 10 63 13 62 56 29 60 46 18 3 9 67 2 1 31 36 23 52 40 57 42 51 14 28 43 27 16 6 19 53 
64 38 69 47 12 0 2 3 18 32 31 68 19 25 10 30 4 44 67 66 29 62 55 61 27 40 57 22 43 28 8 51 16 7 54 56 46 1 20 58 11 49 53 35 9 5 33 37 60 42 59 13 52 17 50 63 15 34 24 6 23 48 65 39 45 41 21 36 14 26 
26 14 36 21 41 45 39 65 48 23 6 24 34 15 63 50 17 52 13 59 42 60 37 33 5 9 35 53 49 11 58 20 1 46 56 54 7 16 51 8 28 43 22 57 40 27 61 55 62 29 66 67 44 4 30 10 25 19 68 31 32 18 3 2 0 12 47 69 38 64 
16 29 7 64 67 17 8 40 15 60 6 55 43 49 4 59 23 30 0 42 2 13 63 22 65 32 12 19 31 38 57 37 36 33 3 61 44 10 66 58 26 41 28 34 24 21 27 47 35 39 62 9 56 14 11 52 45 48 54 51 20 50 68 18 69 1 53 25 46 5 
5 46 25 53 1 69 18 68 50 20 51 54 48 45 52 11 14 56 9 62 39 35 47 27 21 24 34 28 41 26 58 66 10 44 61 3 33 36 37 57 38 31 19 12 32 65 22 63 13 2 42 0 30 23 59 4 49 43 55 6 60 15 40 8 17 67 64 7 29 16 
12 34 52 40 1 61 35 3 31 67 41 7 60 33 19 54 50 21 45 56 42 22 14 0 8 15 29 51 66 48 53 49 69 38 55 58 64 47 20 4 10 27 2 23 63 36 5 46 16 11 43 30 24 32 17 68 62 39 25 13 18 44 65 9 26 6 59 37 57 28 
28 57 37 59 6 26 9 65 44 18 13 25 39 62 68 17 32 24 30 43 11 16 46 5 36 63 23 2 27 10 4 20 47 64 58 55 38 69 49 53 48 66 51 29 15 8 0 14 22 42 56 45 21 50 54 19 33 60 7 41 67 31 3 35 61 1 40 52 34 12 
49 54 10 42 63 51 58 5 33 39 25 44 67 52 60 38 26 41 1 29 69 0 6 31 35 8 40 48 68 64 18 43 17 53 16 28 23 34 32 50 59 21 3 45 12 61 65 14 9 4 36 55 13 27 22 19 20 46 57 2 15 62 30 56 11 37 66 24 47 7 
7 47 24 66 37 11 56 30 62 15 2 57 46 20 19 22 27 13 55 36 4 9 14 65 61 12 45 3 21 59 50 32 34 23 28 16 53 17 43 18 64 68 48 40 8 35 31 6 0 69 29 1 41 26 38 60 52 67 44 25 39 33 5 58 51 63 42 10 54 49 
23 48 58 28 43 9 66 16 33 31 27 39 37 50 12 45 7 51 35 52 5 59 2 69 32 3 24 67 61 1 62 29 10 53 30 42 64 14 6 65 18 13 57 49 44 0 8 22 40 11 19 47 34 46 56 54 63 26 60 36 68 41 17 25 4 21 38 20 55 15 
15 55 20 38 21 4 25 17 41 68 36 60 26 63 54 56 46 34 47 19 11 40 22 8 0 44 49 57 13 18 65 6 14 64 42 30 53 10 29 62 1 61 67 24 3 32 69 2 59 5 52 35 51 7 45 12 50 37 39 27 31 33 16 66 9 43 28 58 48 23 
8 65 10 49 56 44 0 35 45 38 39 51 3 26 52 31 11 46 7 19 27 28 40 24 47 29 50 69 34 25 2 5 22 15 61 48 6 43 54 20 16 55 23 62 63 21 59 66 9 32 68 14 13 17 67 53 60 42 57 33 58 36 4 1 41 37 64 30 12 18 
18 12 30 64 37 41 1 4 36 58 33 57 42 60 53 67 17 13 14 68 32 9 66 59 21 63 62 23 55 16 20 54 43 6 48 61 15 22 5 2 25 34 69 50 29 47 24 40 28 27 19 7 46 11 31 52 26 3 51 39 38 45 35 0 44 56 49 10 65 8 
62 27 13 29 43 14 0 50 53 46 32 25 60 42 44 37 19 23 20 34 57 26 49 4 56 21 12 39 7 59 48 69 5 64 63 8 45 58 6 33 1 18 41 24 28 9 52 65 67 17 38 11 68 2 36 31 10 40 22 54 16 15 55 51 35 3 47 66 30 61 
61 30 66 47 3 35 51 55 15 16 54 22 40 10 31 36 2 68 11 38 17 67 65 52 9 28 24 41 18 1 33 6 58 45 8 63 64 5 69 48 59 7 39 12 21 56 4 49 26 57 34 20 23 19 37 44 42 60 25 32 46 53 50 0 14 43 29 13 27 62 
38 66 23 14 44 34 40 13 8 52 10 42 57 62 16 59 35 55 27 33 30 20 15 7 26 50 47 51 21 25 12 49 53 5 29 54 37 24 41 68 18 69 61 58 65 36 9 11 31 46 64 17 39 1 4 48 67 60 45 56 6 0 19 2 22 3 43 32 28 63 
63 28 32 43 3 22 2 19 0 6 56 45 60 67 48 4 1 39 17 64 46 31 11 9 36 65 58 61 69 18 68 41 24 37 54 29 5 53 49 12 25 21 51 47 50 26 7 15 20 30 33 27 55 35 59 16 62 57 42 10 52 8 13 40 34 44 14 23 66 38 
16 36 10 58 23 21 4 5 32 19 46 15 2 3 50 6 63 45 37 26 25 0 14 30 33 56 40 27 35 12 43 66 38 52 22 55 49 20 65 53 11 39 1 62 68 41 34 7 61 42 17 8 69 47 54 51 31 18 29 67 60 13 57 28 48 9 44 59 64 24 
24 64 59 44 9 48 28 57 13 60 67 29 18 31 51 54 47 69 8 17 42 61 7 34 41 68 62 1 39 11 53 65 20 49 55 22 52 38 66 43 12 35 27 40 56 33 30 14 0 25 26 37 45 63 6 50 3 2 15 46 19 32 5 4 21 23 58 10 36 16 
22 54 34 69 61 65 9 63 48 41 29 2 25 10 21 36 59 45 50 7 57 31 3 49 43 42 46 44 13 24 14 4 40 62 39 51 16 18 19 8 58 15 64 30 68 28 38 66 47 35 27 33 26 0 37 23 32 17 53 52 60 67 5 20 11 1 56 12 55 6 
6 55 12 56 1 11 20 5 67 60 52 53 17 32 23 37 0 26 33 27 35 47 66 38 28 68 30 64 15 58 8 19 18 16 51 39 62 40 4 14 24 13 44 46 42 43 49 3 31 57 7 50 45 59 36 21 10 25 2 29 41 48 63 9 65 61 69 34 54 22 
47 7 26 14 51 5 50 22 28 27 63 3 68 6 57 41 17 19 69 34 54 59 58 16 30 38 32 11 8 37 44 64 9 20 13 31 0 48 65 36 10 40 12 60 67 2 1 23 46 55 21 35 52 24 25 61 29 18 15 43 49 33 42 45 53 56 4 66 39 62 
62 39 66 4 56 53 45 42 33 49 43 15 18 29 61 25 24 52 35 21 55 46 23 1 2 67 60 12 40 10 36 65 48 0 31 13 20 9 64 44 37 8 11 32 38 30 16 58 59 54 34 69 19 17 41 57 6 68 3 63 27 28 22 50 5 51 14 26 7 47 
11 37 29 28 46 25 49 0 2 3 68 15 33 61 9 17 52 60 36 12 69 20 56 66 24 51 54 16 44 13 48 57 10 35 14 41 58 43 19 22 23 59 64 32 26 55 62 5 34 30 18 45 42 7 1 65 63 21 47 27 31 67 50 39 38 8 40 6 4 53 
53 4 6 40 8 38 39 50 67 31 27 47 21 63 65 1 7 42 45 18 30 34 5 62 55 26 32 64 59 23 22 19 43 58 41 14 35 10 57 48 13 44 16 54 51 24 66 56 20 69 12 36 60 52 17 9 61 33 15 68 3 2 0 49 25 46 28 29 37 11 
18 48 42 64 65 30 68 69 40 56 3 32 17 10 26 13 29 67 34 7 37 33 12 38 46 36 22 8 35 43 4 6 15 23 21 57 41 61 45 47 62 53 54 52 5 39 66 27 44 49 9 1 31 50 58 20 11 63 0 24 2 60 51 59 28 19 25 55 14 16 
16 14 55 25 19 28 59 51 60 2 24 0 63 11 20 58 50 31 1 9 49 44 27 66 39 5 52 54 53 62 47 45 61 41 57 21 23 15 6 4 43 35 8 22 36 46 38 12 33 37 7 34 67 29 13 26 10 17 32 3 56 40 69 68 30 65 64 42 48 18 
53 59 37 52 54 36 0 25 34 22 63 27 47 33 9 8 11 14 39 2 30 60 46 26 31 1 5 55 24 42 12 45 48 69 16 64 43 4 40 58 67 17 29 10 61 56 62 38 3 49 28 57 15 66 51 50 13 18 21 20 6 65 44 41 7 32 68 19 23 35 
35 23 19 68 32 7 41 44 65 6 20 21 18 13 50 51 66 15 57 28 49 3 38 62 56 61 10 29 17 67 58 40 4 43 64 16 69 48 45 12 42 24 55 5 1 31 26 46 60 30 2 39 14 11 8 9 33 47 27 63 22 34 25 0 36 54 52 37 59 53 
64 46 16 10 11 35 61 50 1 5 49 24 7 12 68 53 0 56 57 54 55 29 32 51 44 59 2 19 27 63 3 17 39 4 67 41 14 52 23 48 34 22 36 60 6 65 8 21 37 9 28 33 42 40 18 47 31 30 66 62 20 15 25 58 45 26 69 13 43 38 
38 43 13 69 26 45 58 25 15 20 62 66 30 31 47 18 40 42 33 28 9 37 21 8 65 6 60 36 22 34 48 23 52 14 41 67 4 39 17 3 63 27 19 2 59 44 51 32 29 55 54 57 56 0 53 68 12 7 24 49 5 1 50 61 35 11 10 16 46 64 
35 33 49 57 45 48 63 66 13 61 50 26 11 36 19 29 12 6 10 16 41 39 56 64 52 22 23 9 15 30 28 38 53 37 68 27 24 31 43 18 8 47 21 46 7 14 1 69 20 59 51 55 42 32 44 58 3 5 25 17 62 54 40 60 4 67 2 65 0 34 
34 0 65 2 67 4 60 40 54 62 17 25 5 3 58 44 32 42 55 51 59 20 69 1 14 7 46 21 47 8 18 43 31 24 27 68 37 53 38 28 30 15 9 23 22 52 64 56 39 41 16 10 6 12 29 19 36 11 26 50 61 13 66 63 48 45 57 49 33 35 
42 27 36 53 30 41 38 43 69 5 24 7 47 45 54 44 49 8 19 61 0 40 50 3 65 2 17 22 35 10 26 20 60 37 48 59 9 33 6 64 56 68 57 11 12 63 51 52 62 28 55 58 46 23 18 16 13 29 66 67 21 14 39 32 34 31 25 1 15 4 
4 15 1 25 31 34 32 39 14 21 67 66 29 13 16 18 23 46 58 55 28 62 52 51 63 12 11 57 68 56 64 6 33 9 59 48 37 60 20 26 10 35 22 17 2 65 3 50 40 0 61 19 8 49 44 54 45 47 7 24 5 69 43 38 41 30 53 36 27 42 
64 23 41 62 31 26 54 61 59 39 6 63 55 57 43 33 24 7 16 34 30 4 52 53 32 49 56 46 69 47 28 45 27 0 20 36 68 15 21 65 58 29 25 3 9 66 40 14 18 48 42 8 35 50 13 11 10 5 44 2 12 17 19 37 60 67 51 38 22 1 
1 22 38 51 67 60 37 19 17 12 2 44 5 10 11 13 50 35 8 42 48 18 14 40 66 9 3 25 29 58 65 21 15 68 36 20 0 27 45 28 47 69 46 56 49 32 53 52 4 30 34 16 7 24 33 43 57 55 63 6 39 59 61 54 26 31 62 41 23 64 
45 56 13 41 27 66 26 64 14 1 40 7 58 24 21 3 39 53 2 28 42 67 19 5 37 30 44 68 55 61 11 31 38 16 50 52 34 4 12 63 62 36 54 69 47 25 48 33 15 18 32 65 29 6 22 43 10 49 60 17 51 35 20 46 0 23 9 59 57 8 
8 57 59 9 23 0 46 20 35 51 17 60 49 10 43 22 6 29 65 32 18 15 33 48 25 47 69 54 36 62 63 12 4 34 52 50 16 38 31 11 61 55 68 44 30 37 5 19 67 42 28 2 53 39 3 21 24 58 7 40 1 14 64 26 66 27 41 13 56 45 
30 27 52 48 20 44 15 25 35 5 37 55 58 63 50 10 24 18 29 0 38 42 7 34 56 26 33 43 51 4 36 19 40 3 64 9 13 17 46 53 60 6 61 16 31 67 32 49 2 23 47 59 65 66 45 1 21 28 41 11 62 68 12 14 8 22 54 57 69 39 
39 69 57 54 22 8 14 12 68 62 11 41 28 21 1 45 66 65 59 47 23 2 49 32 67 31 16 61 6 60 53 46 17 13 9 64 3 40 19 36 4 51 43 33 26 56 34 7 42 38 0 29 18 24 10 50 63 58 55 37 5 35 25 15 44 20 48 52 27 30 
68 0 53 43 47 29 40 61 13 16 21 32 20 36 27 41 57 51 33 5 66 52 35 3 69 12 22 44 46 23 45 49 8 2 28 17 42 39 38 37 11 14 62 4 55 60 64 1 24 63 10 25 34 26 50 48 67 54 7 65 30 19 58 59 31 18 6 15 56 9 
9 56 15 6 18 31 59 58 19 30 65 7 54 67 48 50 26 34 25 10 63 24 1 64 60 55 4 62 14 11 37 38 39 42 17 28 2 8 49 45 23 46 44 22 12 69 3 35 52 66 5 33 51 57 41 27 36 20 32 21 16 13 61 40 29 47 43 53 0 68 
39 43 11 38 32 5 24 36 30 3 20 51 31 17 34 15 59 14 62 53 64 19 66 40 49 45 29 44 48 37 23 60 67 28 26 35 8 2 6 7 47 55 4 41 54 25 52 0 61 9 27 1 69 18 13 50 21 57 56 68 10 63 33 22 42 65 46 16 12 58 
58 12 16 46 65 42 22 33 63 10 68 56 57 21 50 13 18 69 1 27 9 61 0 52 25 54 41 4 55 47 7 6 2 8 35 26 28 67 60 23 37 48 44 29 45 49 40 66 19 64 53 62 14 59 15 34 17 31 51 20 3 30 36 24 5 32 38 11 43 39 
69 3 51 5 17 60 61 29 26 64 25 50 30 43 31 44 65 63 37 14 15 0 45 52 10 8 9 46 53 21 12 13 40 19 16 39 41 11 7 57 59 47 4 18 56 23 38 58 68 20 32 66 35 42 27 22 33 6 28 24 67 34 62 1 54 2 55 49 36 48 
48 36 49 55 2 54 1 62 34 67 24 28 6 33 22 27 42 35 66 32 20 68 58 38 23 56 18 4 47 59 57 7 11 41 39 16 19 40 13 12 21 53 46 9 8 10 52 45 0 15 14 37 63 65 44 31 43 30 50 25 64 26 29 61 60 17 5 51 3 69 
23 42 68 14 12 49 18 52 57 28 66 34 50 37 19 39 15 22 59 64 31 2 5 3 20 26 21 69 41 51 0 65 11 35 53 8 30 9 43 36 48 55 44 4 56 61 54 38 1 6 17 62 63 60 32 58 29 67 40 16 33 13 45 46 7 24 27 25 10 47 
47 10 25 27 24 7 46 45 13 33 16 40 67 29 58 32 60 63 62 17 6 1 38 54 61 56 4 44 55 48 36 43 9 30 8 53 35 11 65 0 51 41 69 21 26 20 3 5 2 31 64 59 22 15 39 19 37 50 34 66 28 57 52 18 49 12 14 68 42 23 
63 35 21 40 44 61 24 4 60 46 31 42 6 54 39 27 11 43 57 69 22 25 26 16 12 15 36 0 13 3 59 58 1 38 20 23 51 14 41 5 50 32 64 8 56 49 53 10 18 34 30 48 2 29 67 52 17 7 55 62 68 28 45 37 19 33 9 66 47 65 
65 47 66 9 33 19 37 45 28 68 62 55 7 17 52 67 29 2 48 30 34 18 10 53 49 56 8 64 32 50 5 41 14 51 23 20 38 1 58 59 3 13 0 36 15 12 16 26 25 22 69 57 43 11 27 39 54 6 42 31 46 60 4 24 61 44 40 21 35 63 
1 49 6 16 4 23 41 54 55 3 25 29 37 45 46 50 10 69 43 15 59 44 62 47 66 19 11 60 35 22 48 42 64 34 65 7 0 9 13 14 32 39 51 36 53 40 33 12 2 67 17 27 5 63 56 21 28 61 52 24 8 30 26 58 20 18 57 31 38 68 
68 38 31 57 18 20 58 26 30 8 24 52 61 28 21 56 63 5 27 17 67 2 12 33 40 53 36 51 39 32 14 13 9 0 7 65 34 64 42 48 22 35 60 11 19 66 47 62 44 59 15 43 69 10 50 46 45 37 29 25 3 55 54 41 23 4 16 6 49 1 
0 50 44 9 65 66 43 4 38 59 36 7 67 56 8 2 16 52 68 49 23 58 63 19 3 33 6 57 42 24 69 62 13 48 37 31 47 25 5 61 21 18 35 29 53 10 30 41 46 34 1 20 27 26 22 14 45 28 54 51 60 17 55 64 40 12 32 39 11 15 
15 11 39 32 12 40 64 55 17 60 51 54 28 45 14 22 26 27 20 1 34 46 41 30 10 53 29 35 18 21 61 5 25 47 31 37 48 13 62 69 24 42 57 6 33 3 19 63 58 23 49 68 52 16 2 8 56 67 7 36 59 38 4 43 66 65 9 44 50 0 
58 14 5 9 69 26 35 59 44 3 25 46 27 37 21 62 2 51 29 33 12 34 23 31 67 38 11 56 15 10 36 41 66 7 22 49 6 57 24 54 50 8 39 64 4 43 40 65 53 1 55 28 32 0 17 18 16 19 45 52 20 61 42 60 68 30 63 47 13 48 
48 13 47 63 30 68 60 42 61 20 52 45 19 16 18 17 0 32 28 55 1 53 65 40 43 4 64 39 8 50 54 24 57 6 49 22 7 66 41 36 10 15 56 11 38 67 31 23 34 12 33 29 51 2 62 21 37 27 46 25 3 44 59 35 26 69 9 5 14 58 
34 56 14 45 25 38 5 42 32 16 53 9 29 48 12 62 13 57 63 47 10 51 11 54 8 2 61 18 3 40 50 23 46 7 24 36 41 58 49 1 31 60 37 33 44 6 66 55 22 0 68 20 64 26 65 21 43 17 69 27 28 30 67 35 52 15 59 19 4 39 
39 4 19 59 15 52 35 67 30 28 27 69 17 43 21 65 26 64 20 68 0 22 55 66 6 44 33 37 60 31 1 49 58 41 36 24 7 46 23 50 40 3 18 61 2 8 54 11 51 10 47 63 57 13 62 12 48 29 9 53 16 32 42 5 38 25 45 14 56 34 
6 8 60 46 10 51 16 44 2 45 64 32 55 65 47 17 66 52 34 3 26 18 24 63 31 21 39 4 68 58 27 36 69 61 1 13 62 50 28 12 59 5 15 40 33 25 22 56 42 9 41 11 67 53 30 23 37 35 29 14 49 0 20 57 38 54 48 43 19 7 
7 19 43 48 54 38 57 20 0 49 14 29 35 37 23 30 53 67 11 41 9 42 56 22 25 33 40 15 5 59 12 28 50 62 13 1 61 69 36 27 58 68 4 39 21 31 63 24 18 26 3 34 52 66 17 47 65 55 32 64 45 2 44 16 51 10 46 60 8 6 
14 16 61 59 25 50 40 52 22 34 51 68 30 6 62 28 43 3 39 27 9 29 56 8 24 49 21 0 37 23 55 57 65 13 42 7 46 38 17 35 47 20 19 15 12 60 26 10 33 64 63 5 4 32 11 66 18 48 53 1 2 69 54 44 45 41 58 36 31 67 
67 31 36 58 41 45 44 54 69 2 1 53 48 18 66 11 32 4 5 63 64 33 10 26 60 12 15 19 20 47 35 17 38 46 7 42 13 65 57 55 23 37 0 21 49 24 8 56 29 9 27 39 3 43 28 62 6 30 68 51 34 22 52 40 50 25 59 61 16 14 
34 11 36 15 69 24 44 31 10 67 51 9 13 65 23 66 47 0 68 21 19 3 53 16 37 43 32 62 41 2 42 64 35 6 57 28 50 54 55 38 14 63 20 60 45 33 40 52 59 27 48 17 5 39 22 29 30 8 18 46 12 25 7 58 4 56 61 49 1 26 
26 1 49 61 56 4 58 7 25 12 46 18 8 30 29 22 39 5 17 48 27 59 52 40 33 45 60 20 63 14 38 55 54 50 28 57 6 35 64 42 2 41 62 32 43 37 16 53 3 19 21 68 0 47 66 23 65 13 9 51 67 10 31 44 24 69 15 36 11 34 
29 23 11 39 54 37 24 36 21 9 41 19 55 68 67 58 27 46 65 15 47 8 50 31 18 44 10 66 5 49 43 28 22 17 26 59 57 61 63 56 48 16 25 32 30 2 51 53 6 13 3 1 52 35 45 60 38 64 7 40 33 69 20 4 14 42 62 0 12 34 
34 12 0 62 42 14 4 20 69 33 40 7 64 38 60 45 35 52 1 3 13 6 53 51 2 30 32 25 16 48 56 63 61 57 59 26 17 22 28 43 49 5 66 10 44 18 31 50 8 47 15 65 46 27 58 67 68 55 19 41 9 21 36 24 37 54 39 11 23 29 
43 50 6 66 21 8 20 32 24 61 18 69 67 1 41 36 46 52 34 10 65 53 62 58 0 38 35 3 9 47 40 59 29 27 42 57 4 12 17 16 56 31 45 19 37 11 26 68 48 51 14 63 39 30 54 55 25 15 60 2 44 23 64 13 7 28 49 33 22 5 
5 22 33 49 28 7 13 64 23 44 2 60 15 25 55 54 30 39 63 14 51 48 68 26 11 37 19 45 31 56 16 17 12 4 57 42 27 29 59 40 47 9 3 35 38 0 58 62 53 65 10 34 52 46 36 41 1 67 69 18 61 24 32 20 8 21 66 6 50 43 
3 48 2 50 54 44 56 43 7 69 38 30 13 9 58 27 47 45 23 28 29 39 59 15 41 63 24 34 10 57 32 1 49 46 53 19 12 14 4 60 35 36 51 6 42 17 26 67 5 55 66 68 11 18 16 21 52 33 40 61 31 22 8 62 0 37 64 65 25 20 
20 25 65 64 37 0 62 8 22 31 61 40 33 52 21 16 18 11 68 66 55 5 67 26 17 42 6 51 36 35 60 4 14 12 19 53 46 49 1 32 57 10 34 24 63 41 15 59 39 29 28 23 45 47 27 58 9 13 30 38 69 7 43 56 44 54 50 2 48 3 
43 11 20 50 9 63 2 46 51 23 13 42 58 28 12 7 4 47 49 6 59 57 38 53 18 44 16 68 55 14 45 34 24 21 32 25 15 65 30 52 31 5 48 62 1 61 66 60 40 56 67 22 33 36 19 35 54 3 26 0 69 39 27 37 8 10 17 29 41 64 
64 41 29 17 10 8 37 27 39 69 0 26 3 54 35 19 36 33 22 67 56 40 60 66 61 1 62 48 5 31 52 30 65 15 25 32 21 24 34 45 14 55 68 16 44 18 53 38 57 59 6 49 47 4 7 12 28 58 42 13 23 51 46 2 63 9 50 20 11 43 
47 53 32 22 58 8 31 20 6 16 60 66 63 40 12 2 29 23 56 37 1 5 21 54 52 48 35 10 14 69 9 7 64 28 38 43 41 26 57 51 19 45 65 18 50 15 13 24 0 27 25 67 62 4 30 39 55 34 36 61 11 49 59 46 42 17 68 3 33 44 
44 33 3 68 17 42 46 59 49 11 61 36 34 55 39 30 4 62 67 25 27 0 24 13 15 50 18 65 45 19 51 57 26 41 43 38 28 64 7 9 69 14 10 35 48 52 54 21 5 1 37 56 23 29 2 12 40 63 66 60 16 6 20 31 8 58 22 32 53 47 
52 53 35 10 17 11 64 28 2 20 47 42 55 69 67 14 27 48 41 39 38 57 66 58 46 61 18 23 0 9 4 1 25 45 30 51 21 3 50 6 32 68 7 59 44 16 40 34 49 54 36 26 29 12 24 13 8 60 65 37 19 33 5 15 56 22 62 63 31 43 
43 31 63 62 22 56 15 5 33 19 37 65 60 8 13 24 12 29 26 36 54 49 34 40 16 44 59 7 68 32 6 50 3 21 51 30 45 25 1 4 9 0 23 18 61 46 58 66 57 38 39 41 48 27 14 67 69 55 42 47 20 2 28 64 11 17 10 35 53 52 
24 50 67 55 38 5 0 13 69 59 6 60 35 18 49 57 9 2 33 56 32 46 21 3 14 65 42 29 26 53 51 61 43 63 28 8 19 68 31 22 15 62 58 34 64 1 41 54 45 4 10 48 16 30 39 66 47 52 12 40 23 25 20 44 17 36 7 37 27 11 
11 27 37 7 36 17 44 20 25 23 40 12 52 47 66 39 30 16 48 10 4 45 54 41 1 64 34 58 62 15 22 31 68 19 8 28 63 43 61 51 53 26 29 42 65 14 3 21 46 32 56 33 2 9 57 49 18 35 60 6 59 69 13 0 5 38 55 67 50 24 
57 51 7 69 45 15 16 35 53 66 39 9 19 0 63 20 42 31 24 2 44 50 17 1 37 10 60 46 5 12 29 18 49 59 56 58 6 27 21 41 48 52 43 3 36 61 25 4 13 14 40 47 23 67 22 11 32 38 28 68 62 8 33 64 55 26 54 30 34 65 
65 34 30 54 26 55 64 33 8 62 68 28 38 32 11 22 67 23 47 40 14 13 4 25 61 36 3 43 52 48 41 21 27 6 58 56 59 49 18 29 12 5 46 60 10 37 1 17 50 44 2 24 31 42 20 63 0 19 9 39 66 53 35 16 15 45 69 7 51 57 
45 40 67 28 62 36 56 55 44 10 4 37 9 22 66 38 68 32 3 50 7 20 64 48 43 65 18 23 69 1 63 54 60 61 52 46 47 51 58 57 41 59 29 35 21 49 39 42 33 12 53 30 24 26 34 17 31 13 14 15 25 5 8 0 27 11 16 2 6 19 
19 6 2 16 11 27 0 8 5 25 15 14 13 31 17 34 26 24 30 53 12 33 42 39 49 21 35 29 59 41 57 58 51 47 46 52 61 60 54 63 1 69 23 18 65 43 48 64 20 7 50 3 32 68 38 66 22 9 37 4 10 44 55 56 36 62 28 67 40 45 
