112 4 29
27 28 20 24 22 17 19 16 7 21 25 23 26 14 13 18 9 6 5 15 12 4 0 1 8 3 11 10 2 
2 10 11 3 8 1 0 4 12 15 5 6 9 18 13 14 26 23 25 21 7 16 19 17 22 24 20 28 27 
19 14 22 21 9 24 26 4 1 18 11 5 12 2 10 27 15 28 25 3 8 6 20 13 23 7 0 17 16 
16 17 0 7 23 13 20 6 8 3 25 28 15 27 10 2 12 5 11 18 1 4 26 24 9 21 22 14 19 
12 25 1 3 26 6 13 11 7 16 22 24 27 19 0 2 17 10 28 14 21 9 23 20 4 8 18 5 15 
15 5 18 8 4 20 23 9 21 14 28 10 17 2 0 19 27 24 22 16 7 11 13 6 26 3 1 25 12 
10 28 27 13 6 23 4 1 2 14 19 25 17 12 8 20 22 21 11 15 16 3 9 0 24 26 7 5 18 
18 5 7 26 24 0 9 3 16 15 11 21 22 20 8 12 17 25 19 14 2 1 4 23 6 13 27 28 10 
11 2 21 23 16 24 18 19 6 15 3 28 26 17 1 10 27 5 0 13 20 7 8 14 22 4 12 9 25 
25 9 12 4 22 14 8 7 20 13 0 5 27 10 1 17 26 28 3 15 6 19 18 24 16 23 21 2 11 
3 17 4 24 13 23 21 5 22 27 28 11 10 12 9 25 18 26 7 8 20 1 2 16 0 6 19 15 14 
14 15 19 6 0 16 2 1 20 8 7 26 18 25 9 12 10 11 28 27 22 5 21 23 13 24 4 17 3 
9 25 2 6 27 15 13 0 24 28 21 3 8 16 14 11 19 18 4 23 12 20 22 10 1 17 5 7 26 
26 7 5 17 1 10 22 20 12 23 4 18 19 11 14 16 8 3 21 28 24 0 13 15 27 6 2 25 9 
21 20 0 11 13 27 4 15 7 25 19 17 1 24 9 2 5 23 14 26 16 10 3 12 6 28 22 18 8 
8 18 22 28 6 12 3 10 16 26 14 23 5 2 9 24 1 17 19 25 7 15 4 27 13 11 0 20 21 
1 0 24 14 6 22 25 23 4 19 10 13 18 7 3 20 15 5 17 9 2 21 11 8 28 16 12 27 26 
26 27 12 16 28 8 11 21 2 9 17 5 15 20 3 7 18 13 10 19 4 23 25 22 6 14 24 0 1 
9 19 15 23 11 10 7 12 20 24 4 6 16 5 0 22 28 3 26 27 25 13 14 2 8 21 17 1 18 
18 1 17 21 8 2 14 13 25 27 26 3 28 22 0 5 16 6 4 24 20 12 7 10 11 23 15 19 9 
16 27 4 3 10 25 7 14 23 0 21 26 2 22 15 18 1 11 9 6 28 17 24 19 8 12 13 5 20 
20 5 13 12 8 19 24 17 28 6 9 11 1 18 15 22 2 26 21 0 23 14 7 25 10 3 4 27 16 
23 6 14 12 17 7 15 27 21 22 8 24 1 5 9 16 3 20 4 2 19 13 18 10 0 25 26 28 11 
11 28 26 25 0 10 18 13 19 2 4 20 3 16 9 5 1 24 8 22 21 27 15 7 17 12 14 6 23 
24 20 1 10 26 8 15 21 16 28 4 23 12 14 25 27 18 17 6 9 11 0 13 5 19 7 2 3 22 
22 3 2 7 19 5 13 0 11 9 6 17 18 27 25 14 12 23 4 28 16 21 15 8 26 10 1 20 24 
25 21 7 4 17 15 6 10 19 26 3 8 12 28 2 0 23 24 9 18 14 27 20 1 16 22 5 13 11 
11 13 5 22 16 1 20 27 14 18 9 24 23 0 2 28 12 8 3 26 19 10 6 15 17 4 7 21 25 
5 15 7 2 28 14 4 16 22 12 13 26 10 11 17 27 24 20 1 0 25 8 23 19 18 21 9 6 3 
3 6 9 21 18 19 23 8 25 0 1 20 24 27 17 11 10 26 13 12 22 16 4 14 28 2 7 15 5 
28 23 22 15 4 0 8 25 26 24 2 3 20 11 6 7 21 5 1 13 9 10 18 27 14 12 19 16 17 
17 16 19 12 14 27 18 10 9 13 1 5 21 7 6 11 20 3 2 24 26 25 8 0 4 15 22 23 28 
20 2 10 18 21 12 22 7 1 9 25 16 8 23 3 17 11 5 27 24 28 4 6 14 15 19 26 13 0 
0 13 26 19 15 14 6 4 28 24 27 5 11 17 3 23 8 16 25 9 1 7 22 12 21 18 10 2 20 
10 24 0 5 12 21 19 8 23 13 3 7 1 2 27 25 14 15 20 11 28 22 6 26 16 4 18 17 9 
9 17 18 4 16 26 6 22 28 11 20 15 14 25 27 2 1 7 3 13 23 8 19 21 12 5 0 24 10 
27 11 12 26 23 0 1 9 19 28 18 7 21 6 4 5 10 17 25 15 22 16 20 2 8 24 14 3 13 
13 3 14 24 8 2 20 16 22 15 25 17 10 5 4 6 21 7 18 28 19 9 1 0 23 26 12 11 27 
24 14 28 7 3 1 21 15 9 13 12 0 17 10 11 16 4 2 18 20 22 19 26 6 5 23 8 27 25 
25 27 8 23 5 6 26 19 22 20 18 2 4 16 11 10 17 0 12 13 9 15 21 1 3 7 28 14 24 
5 20 3 18 4 27 15 26 14 1 19 0 12 13 22 21 6 28 9 16 17 25 10 24 8 11 7 23 2 
2 23 7 11 8 24 10 25 17 16 9 28 6 21 22 13 12 0 19 1 14 26 15 27 4 18 3 20 5 
0 22 17 26 9 12 10 27 2 25 20 6 14 5 23 11 24 7 18 21 15 13 19 8 28 3 4 16 1 
1 16 4 3 28 8 19 13 15 21 18 7 24 11 23 5 14 6 20 25 2 27 10 12 9 26 17 22 0 
25 16 12 10 15 13 9 22 19 18 28 17 3 20 0 21 5 14 26 27 23 2 4 7 8 24 6 11 1 
1 11 6 24 8 7 4 2 23 27 26 14 5 21 0 20 3 17 28 18 19 22 9 13 15 10 12 16 25 
8 10 11 14 9 15 3 27 22 21 17 0 12 28 23 6 13 20 7 1 18 26 2 24 16 25 4 5 19 
19 5 4 25 16 24 2 26 18 1 7 20 13 6 23 28 12 0 17 21 22 27 3 15 9 14 11 10 8 
21 6 7 28 14 5 25 8 18 17 11 0 12 24 20 4 13 16 3 1 26 9 19 27 23 10 15 22 2 
2 22 15 10 23 27 19 9 26 1 3 16 13 4 20 24 12 0 11 17 18 8 25 5 14 28 7 6 21 
12 20 21 2 26 4 11 28 14 19 22 3 7 27 0 24 23 25 8 16 15 10 1 5 17 9 13 6 18 
18 6 13 9 17 5 1 10 15 16 8 25 23 24 0 27 7 3 22 19 14 28 11 4 26 2 21 20 12 
20 22 28 16 1 5 6 0 21 27 11 19 3 10 12 15 24 14 18 25 2 7 8 17 13 23 26 9 4 
4 9 26 23 13 17 8 7 2 25 18 14 24 15 12 10 3 19 11 27 21 0 6 5 1 16 28 22 20 
17 24 0 18 25 19 22 11 28 8 27 1 15 5 12 2 9 13 4 6 20 16 10 3 21 23 7 26 14 
14 26 7 23 21 3 10 16 20 6 4 13 9 2 12 5 15 1 27 8 28 11 22 19 25 18 0 24 17 
27 10 4 8 0 7 16 24 28 17 5 1 9 11 14 19 22 25 3 20 12 2 21 26 13 6 23 18 15 
15 18 23 6 13 26 21 2 12 20 3 25 22 19 14 11 9 1 5 17 28 24 16 7 0 8 4 10 27 
12 25 5 21 23 13 20 10 0 16 14 28 9 4 18 6 24 27 8 15 26 2 7 22 17 19 1 11 3 
3 11 1 19 17 22 7 2 26 15 8 27 24 6 18 4 9 28 14 16 0 10 20 13 23 21 5 25 12 
2 13 18 0 4 21 1 10 24 9 20 6 7 12 28 19 15 25 27 26 23 22 5 16 11 8 14 3 17 
17 3 14 8 11 16 5 22 23 26 27 25 15 19 28 12 7 6 20 9 24 10 1 21 4 0 18 13 2 
19 21 12 0 27 1 23 9 28 24 15 14 2 16 13 8 3 5 22 7 17 26 11 25 20 10 18 4 6 
6 4 18 10 20 25 11 26 17 7 22 5 3 8 13 16 2 14 15 24 28 9 23 1 27 0 12 21 19 
28 9 7 26 0 2 23 27 3 22 10 8 4 12 17 21 19 5 6 20 1 14 11 25 16 13 24 15 18 
18 15 24 13 16 25 11 14 1 20 6 5 19 21 17 12 4 8 10 22 3 27 23 2 0 26 7 9 28 
12 24 27 7 18 16 2 22 6 8 15 0 20 9 14 4 11 26 13 1 25 17 21 23 3 10 19 28 5 
5 28 19 10 3 23 21 17 25 1 13 26 11 4 14 9 20 0 15 8 6 22 2 16 18 7 27 24 12 
7 8 14 6 11 2 9 19 13 16 21 28 10 25 24 5 20 23 27 1 4 18 26 12 3 22 0 17 15 
15 17 0 22 3 12 26 18 4 1 27 23 20 5 24 25 10 28 21 16 13 19 9 2 11 6 14 8 7 
1 18 2 27 25 5 12 28 24 0 17 4 15 11 7 10 23 3 13 8 20 26 6 14 16 21 9 22 19 
19 22 9 21 16 14 6 26 20 8 13 3 23 10 7 11 15 4 17 0 24 28 12 5 25 27 2 18 1 
27 3 20 6 28 22 24 13 26 18 23 21 0 14 17 19 7 2 12 10 1 5 4 8 16 11 9 25 15 
15 25 9 11 16 8 4 5 1 10 12 2 7 19 17 14 0 21 23 18 26 13 24 22 28 6 20 3 27 
24 20 28 8 25 7 19 12 3 10 9 5 27 11 15 23 16 18 2 0 6 13 17 22 4 1 14 21 26 
26 21 14 1 4 22 17 13 6 0 2 18 16 23 15 11 27 5 9 10 3 12 19 7 25 8 28 20 24 
17 23 7 1 28 12 19 2 4 5 3 15 25 14 22 9 24 21 27 18 20 6 8 26 10 0 13 11 16 
16 11 13 0 10 26 8 6 20 18 27 21 24 9 22 14 25 15 3 5 4 2 19 12 28 1 7 23 17 
24 4 9 0 6 10 17 28 26 16 15 18 19 12 22 3 21 7 13 1 8 14 27 25 2 11 5 23 20 
20 23 5 11 2 25 27 14 8 1 13 7 21 3 22 12 19 18 15 16 26 28 17 10 6 0 9 4 24 
16 12 8 22 13 18 0 11 7 28 4 9 23 24 26 1 25 15 21 19 20 3 17 6 2 5 14 10 27 
27 10 14 5 2 6 17 3 20 19 21 15 25 1 26 24 23 9 4 28 7 11 0 18 13 22 8 12 16 
1 28 7 27 20 11 0 17 25 21 18 3 16 8 9 26 24 6 5 2 15 23 4 12 22 13 10 19 14 
14 19 10 13 22 12 4 23 15 2 5 6 24 26 9 8 16 3 18 21 25 17 0 11 20 27 7 28 1 
16 6 9 3 28 2 4 11 1 25 21 24 14 17 22 0 5 13 15 20 26 12 27 8 19 18 7 23 10 
10 23 7 18 19 8 27 12 26 20 15 13 5 0 22 17 14 24 21 25 1 11 4 2 28 3 9 6 16 
15 17 11 23 3 9 22 14 20 28 6 18 7 25 12 0 5 2 27 26 16 24 13 21 10 1 8 19 4 
4 19 8 1 10 21 13 24 16 26 27 2 5 0 12 25 7 18 6 28 20 14 22 9 3 23 11 17 15 
3 0 5 24 26 2 14 18 12 11 17 28 6 10 27 1 4 21 8 19 16 23 22 9 7 20 15 25 13 
13 25 15 20 7 9 22 23 16 19 8 21 4 1 27 10 6 28 17 11 12 18 14 2 26 24 5 0 3 
21 8 28 27 10 6 2 13 18 1 15 22 3 7 19 5 9 12 24 26 4 17 20 25 16 11 23 14 0 
0 14 23 11 16 25 20 17 4 26 24 12 9 5 19 7 3 22 15 1 18 13 2 6 10 27 28 8 21 
9 0 2 23 28 18 17 13 7 20 1 16 22 14 11 10 15 21 12 6 4 8 27 3 24 5 25 19 26 
26 19 25 5 24 3 27 8 4 6 12 21 15 10 11 14 22 16 1 20 7 13 17 18 28 23 2 0 9 
4 25 3 18 14 0 8 1 16 28 19 26 23 11 6 5 17 21 7 24 10 15 27 13 22 9 2 12 20 
20 12 2 9 22 13 27 15 10 24 7 21 17 5 6 11 23 26 19 28 16 1 8 0 14 18 3 25 4 
19 16 15 24 22 11 23 8 10 0 7 2 4 17 14 3 20 18 25 13 26 21 12 5 27 6 9 1 28 
28 1 9 6 27 5 12 21 26 13 25 18 20 3 14 17 4 2 7 0 10 8 23 11 22 24 15 16 19 
26 15 25 17 12 8 6 28 14 21 19 10 13 18 20 27 5 7 9 16 4 11 23 1 24 2 3 0 22 
22 0 3 2 24 1 23 11 4 16 9 7 5 27 20 18 13 10 19 21 14 28 6 8 12 17 25 15 26 
16 27 5 18 22 3 13 26 15 21 1 2 4 25 10 19 11 20 28 8 9 0 14 24 23 6 12 7 17 
17 7 12 6 23 24 14 0 9 8 28 20 11 19 10 25 4 2 1 21 15 26 13 3 22 18 5 27 16 
11 14 8 20 10 12 26 15 13 17 4 24 2 23 19 1 27 28 21 6 16 3 9 0 25 22 5 18 7 
7 18 5 22 25 0 9 3 16 6 21 28 27 1 19 23 2 24 4 17 13 15 26 12 10 20 8 14 11 
25 13 8 4 22 12 21 9 6 15 0 5 23 27 3 11 14 28 2 10 7 18 1 20 17 16 19 24 26 
26 24 19 16 17 20 1 18 7 10 2 28 14 11 3 27 23 5 0 15 6 9 21 12 22 4 8 13 25 
6 14 0 2 5 8 4 3 12 1 16 13 9 21 7 22 28 18 20 23 26 25 10 15 19 27 17 11 24 
24 11 17 27 19 15 10 25 26 23 20 18 28 22 7 21 9 13 16 1 12 3 4 8 5 2 0 14 6 
25 6 27 23 2 7 10 21 24 18 11 5 1 14 19 16 22 9 26 15 8 28 17 0 20 13 12 4 3 
3 4 12 13 20 0 17 28 8 15 26 9 22 16 19 14 1 5 11 18 24 21 10 7 2 23 27 6 25 
5 14 18 0 10 24 12 2 3 28 27 13 25 17 23 16 20 19 22 26 21 8 1 9 15 4 11 6 7 
7 6 11 4 15 9 1 8 21 26 22 19 20 16 23 17 25 13 27 28 3 2 12 24 10 0 18 14 5 
