154 4 60
54 50 58 55 48 59 56 53 49 47 51 40 44 46 57 45 42 41 39 28 38 43 37 52 35 34 32 26 36 29 23 33 15 7 22 12 21 24 27 19 30 31 20 25 13 5 16 18 11 10 6 1 8 17 14 9 2 3 0 4 
4 0 3 2 9 14 17 8 1 6 10 11 18 16 5 13 25 20 31 30 19 27 24 21 12 22 7 15 33 23 29 36 26 32 34 35 52 37 43 38 28 39 41 42 45 57 46 44 40 51 47 49 53 56 59 48 55 58 50 54 
40 59 53 47 42 26 29 23 33 55 57 28 43 22 24 25 13 18 50 38 34 19 5 1 2 3 52 31 17 4 8 10 0 16 20 54 35 45 9 14 6 11 30 27 37 58 39 21 12 7 15 36 51 48 32 41 46 44 49 56 
56 49 44 46 41 32 48 51 36 15 7 12 21 39 58 37 27 30 11 6 14 9 45 35 54 20 16 0 10 8 4 17 31 52 3 2 1 5 19 34 38 50 18 13 25 24 22 43 28 57 55 33 23 29 26 42 47 53 59 40 
19 34 38 24 22 20 43 28 45 57 11 6 12 29 26 14 42 9 10 16 47 8 32 53 48 21 0 55 40 54 59 4 56 17 3 50 49 2 33 44 1 23 46 41 51 18 36 15 7 58 39 5 25 37 13 27 31 30 52 35 
35 52 30 31 27 13 37 25 5 39 58 7 15 36 18 51 41 46 23 1 44 33 2 49 50 3 17 56 4 59 54 40 55 0 21 48 53 32 8 47 16 10 9 42 14 26 29 12 6 11 57 45 28 43 20 22 24 38 34 19 
21 17 2 3 36 0 39 12 57 45 22 34 44 51 25 47 49 13 31 10 55 29 53 30 35 28 48 50 54 24 7 59 14 5 58 26 8 56 19 38 20 27 40 41 42 52 37 43 4 9 46 15 11 6 23 18 1 16 32 33 
33 32 16 1 18 23 6 11 15 46 9 4 43 37 52 42 41 40 27 20 38 19 56 8 26 58 5 14 59 7 24 54 50 48 28 35 30 53 29 55 10 31 13 49 47 25 51 44 34 22 45 57 12 39 0 36 3 2 17 21 
8 50 21 14 5 24 29 27 37 51 31 52 35 43 53 11 16 32 22 9 44 56 57 33 34 49 59 2 3 58 55 28 18 15 48 17 36 12 45 6 40 47 30 46 42 4 0 13 25 41 39 1 23 19 38 7 20 26 10 54 
54 10 26 20 7 38 19 23 1 39 41 25 13 0 4 42 46 30 47 40 6 45 12 36 17 48 15 18 28 55 58 3 2 59 49 34 33 57 56 44 9 22 32 16 11 53 43 35 52 31 51 37 27 29 24 5 14 21 50 8 
28 15 34 48 17 33 47 14 7 44 3 58 25 26 43 22 27 40 9 37 4 39 46 31 24 0 50 23 51 32 5 21 6 54 20 59 1 19 56 11 42 52 41 38 2 36 12 8 49 45 29 53 55 57 35 10 16 13 30 18 
18 30 13 16 10 35 57 55 53 29 45 49 8 12 36 2 38 41 52 42 11 56 19 1 59 20 54 6 21 5 32 51 23 50 0 24 31 46 39 4 37 9 40 27 22 43 26 25 58 3 44 7 14 47 33 17 48 34 15 28 
42 11 28 51 0 41 37 59 27 50 12 15 49 25 1 9 57 24 33 30 36 53 48 8 13 32 26 17 3 19 29 14 39 47 34 18 16 54 55 7 38 23 4 21 22 44 43 6 10 40 35 52 2 20 5 31 58 56 46 45 
45 46 56 58 31 5 20 2 52 35 40 10 6 43 44 22 21 4 23 38 7 55 54 16 18 34 47 39 14 29 19 3 17 26 32 13 8 48 53 36 30 33 24 57 9 1 25 49 15 12 50 27 59 37 41 0 51 28 11 42 
12 43 6 24 8 55 39 3 23 7 30 26 47 20 44 56 15 59 52 16 11 51 5 1 45 53 27 13 17 58 34 0 22 10 18 42 46 21 37 57 2 28 50 14 35 49 29 31 33 38 41 25 32 9 54 19 48 4 40 36 
36 40 4 48 19 54 9 32 25 41 38 33 31 29 49 35 14 50 28 2 57 37 21 46 42 18 10 22 0 34 58 17 13 27 53 45 1 5 51 11 16 52 59 15 56 44 20 47 26 30 7 23 3 39 55 8 24 6 43 12 
18 1 32 49 29 47 22 25 59 17 0 19 7 52 20 58 54 11 36 8 57 3 43 35 33 48 5 46 12 56 28 15 10 41 24 51 30 40 44 4 2 13 38 45 42 50 6 21 14 37 31 16 55 27 39 34 53 26 23 9 
9 23 26 53 34 39 27 55 16 31 37 14 21 6 50 42 45 38 13 2 4 44 40 30 51 24 41 10 15 28 56 12 46 5 48 33 35 43 3 57 8 36 11 54 58 20 52 7 19 0 17 59 25 22 47 29 49 32 1 18 
34 57 35 51 3 21 46 19 4 15 1 16 44 7 8 28 42 49 20 53 55 31 25 9 52 6 13 0 26 43 32 36 54 47 18 24 29 23 41 17 27 50 39 45 38 11 48 33 37 12 56 14 30 58 5 2 40 22 10 59 
59 10 22 40 2 5 58 30 14 56 12 37 33 48 11 38 45 39 50 27 17 41 23 29 24 18 47 54 36 32 43 26 0 13 6 52 9 25 31 55 53 20 49 42 28 8 7 44 16 1 15 4 19 46 21 3 51 35 57 34 
36 52 17 5 42 47 45 38 53 15 21 50 8 7 48 41 16 30 43 2 20 23 46 25 32 14 34 59 39 9 10 18 51 49 27 19 12 33 57 3 31 35 22 1 58 6 40 44 24 11 54 26 13 4 55 29 56 28 0 37 
37 0 28 56 29 55 4 13 26 54 11 24 44 40 6 58 1 22 35 31 3 57 33 12 19 27 49 51 18 10 9 39 59 34 14 32 25 46 23 20 2 43 30 16 41 48 7 8 50 21 15 53 38 45 47 42 5 17 52 36 
46 54 16 27 3 39 33 52 24 48 42 6 14 49 22 29 1 30 12 2 4 28 53 23 59 35 21 56 25 34 11 40 37 26 0 36 55 5 47 38 17 18 51 7 19 45 15 50 58 20 57 43 9 13 8 44 41 31 10 32 
32 10 31 41 44 8 13 9 43 57 20 58 50 15 45 19 7 51 18 17 38 47 5 55 36 0 26 37 40 11 34 25 56 21 35 59 23 53 28 4 2 12 30 1 29 22 49 14 6 42 48 24 52 33 39 3 27 16 54 46 
56 30 59 50 25 4 22 20 29 6 45 1 14 15 3 41 51 39 42 55 43 57 17 27 40 16 31 36 7 8 37 28 54 18 34 52 49 10 48 26 21 44 0 46 9 13 58 19 5 53 33 2 12 47 38 24 32 35 23 11 
11 23 35 32 24 38 47 12 2 33 53 5 19 58 13 9 46 0 44 21 26 48 10 49 52 34 18 54 28 37 8 7 36 31 16 40 27 17 57 43 55 42 39 51 41 3 15 14 1 45 6 29 20 22 4 25 50 59 30 56 
0 43 17 2 15 29 28 38 20 30 49 18 31 51 21 27 56 23 58 42 19 48 3 11 54 47 32 39 24 55 16 37 50 13 45 35 44 25 52 9 59 26 46 4 10 57 1 53 22 5 36 40 41 12 34 33 6 14 8 7 
7 8 14 6 33 34 12 41 40 36 5 22 53 1 57 10 4 46 26 59 9 52 25 44 35 45 13 50 37 16 55 24 39 32 47 54 11 3 48 19 42 58 23 56 27 21 51 31 18 49 30 20 38 28 29 15 2 17 43 0 
36 49 55 27 42 20 18 44 24 17 14 4 34 57 50 23 58 11 7 10 52 15 2 41 32 29 21 0 40 46 8 22 30 45 54 33 35 59 9 28 38 3 12 47 26 5 53 56 13 43 51 16 1 48 31 37 19 25 39 6 
6 39 25 19 37 31 48 1 16 51 43 13 56 53 5 26 47 12 3 38 28 9 59 35 33 54 45 30 22 8 46 40 0 21 29 32 41 2 15 52 10 7 11 58 23 50 57 34 4 14 17 24 44 18 20 42 27 55 49 36 
35 26 18 48 40 45 44 52 16 50 12 31 28 1 14 19 0 39 20 2 36 33 59 53 7 42 32 27 30 4 43 10 15 24 29 56 47 49 22 9 17 6 41 37 57 3 8 25 5 23 38 34 13 58 55 11 51 46 21 54 
54 21 46 51 11 55 58 13 34 38 23 5 25 8 3 57 37 41 6 17 9 22 49 47 56 29 24 15 10 43 4 30 27 32 42 7 53 59 33 36 2 20 39 0 19 14 1 28 31 12 50 16 52 44 45 40 48 18 26 35 
25 7 10 49 32 53 28 3 21 5 50 40 15 35 59 13 23 11 43 14 42 54 36 31 30 16 17 38 48 6 34 55 46 20 29 12 44 37 1 58 4 39 41 57 19 24 47 51 0 8 2 33 56 22 9 26 18 45 27 52 
52 27 45 18 26 9 22 56 33 2 8 0 51 47 24 19 57 41 39 4 58 1 37 44 12 29 20 46 55 34 6 48 38 17 16 30 31 36 54 42 14 43 11 23 13 59 35 15 40 50 5 21 3 28 53 32 49 10 7 25 
57 33 30 47 9 11 20 44 1 41 42 31 3 34 54 56 7 37 19 2 17 53 27 22 26 48 35 32 6 55 52 45 18 10 50 14 51 40 15 36 25 38 49 46 8 23 5 43 16 0 12 39 28 24 21 59 4 13 29 58 
58 29 13 4 59 21 24 28 39 12 0 16 43 5 23 8 46 49 38 25 36 15 40 51 14 50 10 18 45 52 55 6 32 35 48 26 22 27 53 17 2 19 37 7 56 54 34 3 31 42 41 1 44 20 11 9 47 30 33 57 
37 14 19 47 45 23 48 36 26 30 3 15 57 5 55 49 10 6 0 46 8 35 58 29 24 42 18 25 21 33 56 50 44 28 1 11 34 4 16 41 32 31 13 59 52 43 12 9 17 22 20 7 27 2 54 51 53 40 39 38 
38 39 40 53 51 54 2 27 7 20 22 17 9 12 43 52 59 13 31 32 41 16 4 34 11 1 28 44 50 56 33 21 25 18 42 24 29 58 35 8 46 0 6 10 49 55 5 57 15 3 30 26 36 48 23 45 47 19 14 37 
34 8 54 18 42 43 10 33 59 15 44 12 0 45 4 53 35 37 5 17 19 30 51 39 56 6 25 14 2 9 49 20 28 58 47 7 36 11 29 23 46 26 55 3 40 38 31 27 57 41 21 50 24 48 1 52 22 32 13 16 
16 13 32 22 52 1 48 24 50 21 41 57 27 31 38 40 3 55 26 46 23 29 11 36 7 47 58 28 20 49 9 2 14 25 6 56 39 51 30 19 17 5 37 35 53 4 45 0 12 44 15 59 33 10 43 42 18 54 8 34 
35 30 17 10 42 46 9 40 24 3 1 32 36 56 23 51 28 43 45 13 37 52 18 58 57 39 19 8 31 21 14 54 48 7 22 59 12 53 4 11 47 16 41 15 26 33 38 0 5 55 49 44 50 2 27 34 25 20 6 29 
29 6 20 25 34 27 2 50 44 49 55 5 0 38 33 26 15 41 16 47 11 4 53 12 59 22 7 48 54 14 21 31 8 19 39 57 58 18 52 37 13 45 43 28 51 23 56 36 32 1 3 24 40 9 46 42 10 17 30 35 
28 4 37 41 7 44 10 57 2 23 14 38 43 21 9 59 48 36 1 58 51 20 47 24 16 35 54 6 3 40 27 34 0 13 45 33 8 30 25 53 49 5 18 17 26 46 39 52 42 56 32 22 29 50 11 12 19 15 31 55 
55 31 15 19 12 11 50 29 22 32 56 42 52 39 46 26 17 18 5 49 53 25 30 8 33 45 13 0 34 27 40 3 6 54 35 16 24 47 20 51 58 1 36 48 59 9 21 43 38 14 23 2 57 10 44 7 41 37 4 28 
49 16 5 17 39 26 21 56 43 35 41 1 11 14 8 38 37 55 0 28 34 48 52 25 23 57 27 10 12 20 40 32 13 18 30 47 44 33 4 19 50 54 22 53 58 29 46 3 42 2 6 9 59 24 45 31 36 15 51 7 
7 51 15 36 31 45 24 59 9 6 2 42 3 46 29 58 53 22 54 50 19 4 33 44 47 30 18 13 32 40 20 12 10 27 57 23 25 52 48 34 28 0 55 37 38 8 14 11 1 41 35 43 56 21 26 39 17 5 16 49 
50 48 23 20 4 22 13 19 27 53 8 35 58 2 42 57 54 36 26 56 28 5 16 1 34 32 12 17 7 51 25 45 29 37 10 43 24 55 15 44 46 38 9 39 31 6 49 18 14 59 52 0 33 30 21 11 47 41 3 40 
40 3 41 47 11 21 30 33 0 52 59 14 18 49 6 31 39 9 38 46 44 15 55 24 43 10 37 29 45 25 51 7 17 12 32 34 1 16 5 28 56 26 36 54 57 42 2 58 35 8 53 27 19 13 22 4 20 23 48 50 
52 17 12 54 26 47 37 51 42 8 22 49 5 4 18 23 3 31 34 27 28 30 38 50 44 59 41 6 2 32 35 29 40 13 39 14 19 57 11 10 1 36 15 48 45 7 33 0 46 20 58 16 9 24 56 25 53 21 43 55 
55 43 21 53 25 56 24 9 16 58 20 46 0 33 7 45 48 15 36 1 10 11 57 19 14 39 13 40 29 35 32 2 6 41 59 44 50 38 30 28 27 34 31 3 23 18 4 5 49 22 8 42 51 37 47 26 54 12 17 52 
50 6 51 48 10 28 24 25 18 1 34 39 29 58 9 41 5 11 54 17 53 12 42 21 52 2 19 15 40 7 45 26 49 8 30 31 46 37 55 43 20 23 36 16 22 56 47 0 27 35 3 33 4 44 14 59 32 13 57 38 
38 57 13 32 59 14 44 4 33 3 35 27 0 47 56 22 16 36 23 20 43 55 37 46 31 30 8 49 26 45 7 40 15 19 2 52 21 42 12 53 17 54 11 5 41 9 58 29 39 34 1 18 25 24 28 10 48 51 6 50 
46 12 45 30 7 31 57 0 34 23 16 33 58 14 43 32 41 25 42 55 2 1 22 47 38 50 35 29 39 37 10 20 52 51 4 11 48 49 53 17 8 3 28 59 13 15 6 40 19 21 9 36 54 27 26 56 24 18 5 44 
44 5 18 24 56 26 27 54 36 9 21 19 40 6 15 13 59 28 3 8 17 53 49 48 11 4 51 52 20 10 37 39 29 35 50 38 47 22 1 2 55 42 25 41 32 43 14 58 33 16 23 34 0 57 31 7 30 45 12 46 
37 35 39 11 47 5 2 43 42 12 16 54 29 57 7 50 3 40 34 41 56 9 48 13 18 4 14 15 51 24 38 49 20 33 26 27 45 1 10 36 55 19 30 44 32 21 46 59 17 52 22 0 31 8 23 6 25 53 28 58 
58 28 53 25 6 23 8 31 0 22 52 17 59 46 21 32 44 30 19 55 36 10 1 45 27 26 33 20 49 38 24 51 15 14 4 18 13 48 9 56 41 34 40 3 50 7 57 29 54 16 12 42 43 2 5 47 11 39 35 37 
11 39 19 59 41 10 48 52 55 30 58 4 21 26 32 17 35 22 15 51 54 6 57 43 7 5 27 47 50 38 44 53 3 12 9 42 28 23 20 14 46 37 25 18 0 24 16 56 8 40 31 33 13 36 34 45 2 29 1 49 
49 1 29 2 45 34 36 13 33 31 40 8 56 16 24 0 18 25 37 46 14 20 23 28 42 9 12 3 53 44 38 50 47 27 5 7 43 57 6 54 51 15 22 35 17 32 26 21 4 58 30 55 52 48 10 41 59 19 39 11 
55 8 3 16 9 51 7 19 2 25 44 23 40 29 42 48 14 45 12 17 35 11 59 18 33 21 13 6 57 54 56 39 10 47 31 43 49 4 58 37 52 24 50 28 41 53 22 46 5 1 27 36 26 0 38 30 20 34 32 15 
15 32 34 20 30 38 0 26 36 27 1 5 46 22 53 41 28 50 24 52 37 58 4 49 43 31 47 10 39 56 54 57 6 13 21 33 18 59 11 35 17 12 45 14 48 42 29 40 23 44 25 2 19 7 51 9 16 3 8 55 
31 4 52 53 57 12 18 48 13 22 43 6 23 0 3 40 42 49 37 7 24 15 41 5 44 56 34 45 19 10 11 54 32 59 29 16 38 2 36 28 25 27 39 47 21 8 30 33 55 9 20 58 26 50 17 14 35 51 1 46 
46 1 51 35 14 17 50 26 58 20 9 55 33 30 8 21 47 39 27 25 28 36 2 38 16 29 59 32 54 11 10 19 45 34 56 44 5 41 15 24 7 37 49 42 40 3 0 23 6 43 22 13 48 18 12 57 53 52 4 31 
10 37 43 44 41 22 33 28 42 46 16 6 54 18 36 47 20 13 25 40 51 32 2 55 30 21 4 12 50 26 8 14 0 31 5 56 24 39 53 48 23 35 52 15 17 27 45 38 11 1 57 3 7 9 19 29 49 34 58 59 
59 58 34 49 29 19 9 7 3 57 1 11 38 45 27 17 15 52 35 23 48 53 39 24 56 5 31 0 14 8 26 50 12 4 21 30 55 2 32 51 40 25 13 20 47 36 18 54 6 16 46 42 28 33 22 41 44 43 37 10 
36 14 54 13 2 52 39 11 28 20 53 15 33 23 29 43 46 51 41 3 45 1 19 22 5 8 49 58 9 48 0 55 50 31 34 26 30 44 6 27 7 10 59 25 16 4 17 57 35 42 18 38 47 21 40 24 12 32 37 56 
56 37 32 12 24 40 21 47 38 18 42 35 57 17 4 16 25 59 10 7 27 6 44 30 26 34 31 50 55 0 48 9 58 49 8 5 22 19 1 45 3 41 51 46 43 29 23 33 15 53 20 28 11 39 52 2 13 54 14 36 
49 6 4 19 33 23 51 20 10 48 56 17 46 50 22 59 31 11 7 0 9 16 37 47 34 5 36 57 21 18 39 44 12 40 52 30 24 53 14 1 28 55 2 58 15 43 29 54 25 38 42 13 32 26 3 27 45 41 35 8 
8 35 41 45 27 3 26 32 13 42 38 25 54 29 43 15 58 2 55 28 1 14 53 24 30 52 40 12 44 39 18 21 57 36 5 34 47 37 16 9 0 7 11 31 59 22 50 46 17 56 48 10 20 51 23 33 19 4 6 49 
50 52 16 44 15 56 2 38 10 25 26 19 3 37 31 53 17 58 41 24 34 13 42 23 33 51 1 21 14 55 49 39 22 18 8 4 47 11 35 46 32 20 29 7 43 40 57 6 28 59 45 0 48 27 12 36 5 54 30 9 
9 30 54 5 36 12 27 48 0 45 59 28 6 57 40 43 7 29 20 32 46 35 11 47 4 8 18 22 39 49 55 14 21 1 51 33 23 42 13 34 24 41 58 17 53 31 37 3 19 26 25 10 38 2 56 15 44 16 52 50 
24 14 0 25 34 46 59 42 13 21 51 48 2 32 43 52 56 29 31 27 10 41 6 8 47 23 58 26 30 37 57 40 16 11 36 19 44 28 49 22 54 7 15 35 1 5 9 20 17 45 12 50 3 18 55 38 33 39 4 53 
53 4 39 33 38 55 18 3 50 12 45 17 20 9 5 1 35 15 7 54 22 49 28 44 19 36 11 16 40 57 37 30 26 58 23 47 8 6 41 10 27 31 29 56 52 43 32 2 48 51 21 13 42 59 46 34 25 0 14 24 
0 7 18 31 8 48 37 55 38 33 28 2 54 46 15 57 53 56 25 11 27 59 14 17 5 34 6 24 35 45 32 52 41 13 58 4 16 51 12 20 26 42 3 10 22 21 36 39 30 43 49 50 44 9 23 1 40 47 29 19 
19 29 47 40 1 23 9 44 50 49 43 30 39 36 21 22 10 3 42 26 20 12 51 16 4 58 13 41 52 32 45 35 24 6 34 5 17 14 59 27 11 25 56 53 57 15 46 54 2 28 33 38 55 37 48 8 31 18 7 0 
28 58 42 27 11 36 22 10 16 30 3 44 38 8 43 39 35 4 50 46 34 19 0 29 37 52 12 47 33 21 7 1 25 54 59 18 23 9 15 13 48 49 20 45 31 56 41 26 14 6 51 55 53 5 24 2 40 57 32 17 
17 32 57 40 2 24 5 53 55 51 6 14 26 41 56 31 45 20 49 48 13 15 9 23 18 59 54 25 1 7 21 33 47 12 52 37 29 0 19 34 46 50 4 35 39 43 8 38 44 3 30 16 10 22 36 11 27 42 58 28 
13 34 45 49 22 26 46 18 43 7 41 30 17 24 50 25 53 11 51 0 35 38 42 16 33 44 23 48 58 29 5 32 4 31 56 28 14 40 9 19 36 27 6 8 10 39 2 59 3 20 55 54 52 37 15 12 57 1 47 21 
21 47 1 57 12 15 37 52 54 55 20 3 59 2 39 10 8 6 27 36 19 9 40 14 28 56 31 4 32 5 29 58 48 23 44 33 16 42 38 35 0 51 11 53 25 50 24 17 30 41 7 43 18 46 26 22 49 45 34 13 
22 5 11 31 14 1 32 15 21 25 28 7 16 13 45 49 10 47 4 54 42 56 9 55 30 58 50 12 26 37 34 35 2 59 38 36 33 18 43 8 51 52 44 24 48 3 53 0 19 39 57 46 41 27 6 40 29 17 20 23 
23 20 17 29 40 6 27 41 46 57 39 19 0 53 3 48 24 44 52 51 8 43 18 33 36 38 59 2 35 34 37 26 12 50 58 30 55 9 56 42 54 4 47 10 49 45 13 16 7 28 25 21 15 32 1 14 31 11 5 22 
58 59 25 16 26 56 57 47 24 50 6 32 18 2 39 8 43 45 54 37 46 4 17 53 21 1 30 41 3 15 22 19 35 23 49 34 48 5 28 36 20 31 9 7 29 13 44 0 40 14 33 55 11 52 51 42 10 38 12 27 
27 12 38 10 42 51 52 11 55 33 14 40 0 44 13 29 7 9 31 20 36 28 5 48 34 49 23 35 19 22 15 3 41 30 1 21 53 17 4 46 37 54 45 43 8 39 2 18 32 6 50 24 47 57 56 26 16 25 59 58 
2 35 1 6 7 43 4 21 49 47 31 15 40 53 33 19 58 36 11 18 51 14 24 56 26 55 41 10 27 54 0 42 12 38 23 59 22 46 8 17 25 52 39 50 29 44 48 28 13 30 16 57 3 37 32 20 34 5 9 45 
45 9 5 34 20 32 37 3 57 16 30 13 28 48 44 29 50 39 52 25 17 8 46 22 59 23 38 12 42 0 54 27 10 41 55 26 56 24 14 51 18 11 36 58 19 33 53 40 15 31 47 49 21 4 43 7 6 1 35 2 
14 44 28 24 42 37 41 53 31 20 5 51 7 11 18 39 57 25 36 22 27 47 29 58 45 19 55 6 16 46 17 49 10 32 38 12 59 35 3 2 26 1 13 52 23 43 34 15 40 4 50 21 9 0 33 30 8 48 56 54 
54 56 48 8 30 33 0 9 21 50 4 40 15 34 43 23 52 13 1 26 2 3 35 59 12 38 32 10 49 17 46 16 6 55 19 45 58 29 47 27 22 36 25 57 39 18 11 7 51 5 20 31 53 41 37 42 24 28 44 14 
16 26 58 35 3 10 31 59 41 20 23 49 33 44 27 5 45 12 40 51 8 2 25 0 56 34 54 11 55 43 19 36 50 6 32 57 9 1 28 21 46 14 52 42 15 30 47 7 48 22 37 53 13 24 38 39 29 4 18 17 
17 18 4 29 39 38 24 13 53 37 22 48 7 47 30 15 42 52 14 46 21 28 1 9 57 32 6 50 36 19 43 55 11 54 34 56 0 25 2 8 51 40 12 45 5 27 44 33 49 23 20 41 59 31 10 3 35 58 26 16 
36 12 19 50 35 55 4 43 32 45 27 23 41 34 59 18 31 51 1 21 5 33 10 3 24 2 25 37 39 30 52 28 7 57 6 16 22 13 20 56 38 48 40 14 15 58 42 17 29 53 54 9 47 49 26 11 44 0 8 46 
46 8 0 44 11 26 49 47 9 54 53 29 17 42 58 15 14 40 48 38 56 20 13 22 16 6 57 7 28 52 30 39 37 25 2 24 3 10 33 5 21 1 51 31 18 59 34 41 23 27 45 32 43 4 55 35 50 19 12 36 
3 6 12 37 58 52 21 50 26 7 29 0 10 56 53 30 43 42 14 2 13 19 5 54 18 32 16 27 20 1 44 36 11 38 45 49 57 51 48 25 17 4 8 33 40 55 9 28 59 35 31 24 47 15 46 23 34 39 22 41 
41 22 39 34 23 46 15 47 24 31 35 59 28 9 55 40 33 8 4 17 25 48 51 57 49 45 38 11 36 44 1 20 27 16 32 18 54 5 19 13 2 14 42 43 30 53 56 10 0 29 7 26 50 21 52 58 37 12 6 3 
30 2 57 16 9 18 58 28 40 34 56 22 51 50 53 47 10 21 36 31 17 52 6 8 15 33 27 29 5 26 7 14 39 23 11 46 4 12 3 49 32 44 41 38 0 42 19 43 45 37 24 20 25 48 35 1 54 55 13 59 
59 13 55 54 1 35 48 25 20 24 37 45 43 19 42 0 38 41 44 32 49 3 12 4 46 11 23 39 14 7 26 5 29 27 33 15 8 6 52 17 31 36 21 10 47 53 50 51 22 56 34 40 28 58 18 9 16 57 2 30 
32 14 11 49 51 43 23 12 53 25 2 4 26 45 50 3 30 40 37 20 10 46 54 39 47 1 29 44 52 57 27 17 38 31 55 24 33 56 59 9 18 19 13 48 5 22 15 16 35 28 6 42 7 41 58 21 8 0 36 34 
34 36 0 8 21 58 41 7 42 6 28 35 16 15 22 5 48 13 19 18 9 59 56 33 24 55 31 38 17 27 57 52 44 29 1 47 39 54 46 10 20 37 40 30 3 50 45 26 4 2 25 53 12 23 43 51 49 11 14 32 
38 5 56 44 45 19 40 25 52 11 1 50 6 33 57 42 46 36 24 8 22 15 12 23 29 2 43 48 7 16 55 9 51 4 32 47 21 28 0 34 53 35 37 20 41 30 17 58 13 3 18 59 14 26 49 10 39 31 54 27 
27 54 31 39 10 49 26 14 59 18 3 13 58 17 30 41 20 37 35 53 34 0 28 21 47 32 4 51 9 55 16 7 48 43 2 29 23 12 15 22 8 24 36 46 42 57 33 6 50 1 11 52 25 40 19 45 44 56 5 38 
53 44 55 51 46 10 1 52 38 3 34 40 4 30 22 47 58 36 56 14 16 5 0 27 41 32 19 59 24 17 25 2 57 49 42 12 9 54 6 31 8 48 13 50 35 11 39 45 33 26 7 28 43 18 20 23 37 29 21 15 
15 21 29 37 23 20 18 43 28 7 26 33 45 39 11 35 50 13 48 8 31 6 54 9 12 42 49 57 2 25 17 24 59 19 32 41 27 0 5 16 14 56 36 58 47 22 30 4 40 34 3 38 52 1 10 46 51 55 44 53 
32 36 30 17 33 54 7 22 37 25 51 24 23 14 34 19 44 16 53 43 40 15 8 18 55 58 29 21 20 56 41 38 31 12 59 50 13 26 2 10 3 1 28 27 6 46 35 47 45 11 42 9 48 52 4 5 57 0 49 39 
39 49 0 57 5 4 52 48 9 42 11 45 47 35 46 6 27 28 1 3 10 2 26 13 50 59 12 31 38 41 56 20 21 29 58 55 18 8 15 40 43 53 16 44 19 34 14 23 24 51 25 37 22 7 54 33 17 30 36 32 
2 9 47 4 52 25 41 8 56 18 32 28 7 46 35 12 20 48 29 24 3 36 26 34 23 10 53 11 59 54 55 39 50 57 30 42 51 1 14 5 0 49 37 6 22 16 38 44 21 43 31 15 45 19 58 13 33 17 27 40 
40 27 17 33 13 58 19 45 15 31 43 21 44 38 16 22 6 37 49 0 5 14 1 51 42 30 57 50 39 55 54 59 11 53 10 23 34 26 36 3 24 29 48 20 12 35 46 7 28 32 18 56 8 41 25 52 4 47 9 2 
10 24 35 15 17 22 2 44 50 3 32 11 8 57 40 6 28 38 31 39 26 52 30 54 0 45 42 34 4 23 48 1 16 49 25 27 37 51 58 55 7 14 56 9 53 18 36 13 43 41 21 20 33 47 46 12 5 59 29 19 
19 29 59 5 12 46 47 33 20 21 41 43 13 36 18 53 9 56 14 7 55 58 51 37 27 25 49 16 1 48 23 4 34 42 45 0 54 30 52 26 39 31 38 28 6 40 57 8 11 32 3 50 44 2 22 17 15 35 24 10 
1 59 56 28 33 30 55 42 5 23 39 10 18 14 57 22 0 53 26 7 44 21 12 9 17 48 41 20 3 40 25 29 15 31 24 6 50 32 11 46 58 34 47 27 13 37 16 43 49 36 45 35 2 19 54 51 8 4 38 52 
52 38 4 8 51 54 19 2 35 45 36 49 43 16 37 13 27 47 34 58 46 11 32 50 6 24 31 15 29 25 40 3 20 41 48 17 9 12 21 44 7 26 53 0 22 57 14 18 10 39 23 5 42 55 30 33 28 56 59 1 
48 49 25 20 2 22 21 42 31 36 59 39 15 38 9 26 34 58 12 24 3 33 54 52 51 56 35 44 4 14 41 50 47 45 5 17 46 6 0 10 32 7 28 43 40 57 18 19 11 37 53 23 30 16 29 1 8 27 55 13 
13 55 27 8 1 29 16 30 23 53 37 11 19 18 57 40 43 28 7 32 10 0 6 46 17 5 45 47 50 41 14 4 44 35 56 51 52 54 33 3 24 12 58 34 26 9 38 15 39 59 36 31 42 21 22 2 20 25 49 48 
47 0 33 6 52 42 34 39 32 48 16 11 20 17 45 25 28 31 36 58 29 4 56 15 55 10 44 59 3 13 18 23 14 35 53 38 54 30 5 2 8 37 40 22 21 46 1 57 19 26 51 27 12 50 7 49 41 24 9 43 
43 9 24 41 49 7 50 12 27 51 26 19 57 1 46 21 22 40 37 8 2 5 30 54 38 53 35 14 23 18 13 3 59 44 10 55 15 56 4 29 58 36 31 28 25 45 17 20 11 16 48 32 39 34 42 52 6 33 0 47 
42 29 37 8 15 56 54 17 0 31 10 26 36 1 45 9 23 47 59 41 43 27 46 25 35 19 11 22 16 44 34 2 52 53 24 38 33 32 18 39 21 55 3 28 49 51 6 7 30 57 58 14 12 20 40 4 13 5 48 50 
50 48 5 13 4 40 20 12 14 58 57 30 7 6 51 49 28 3 55 21 39 18 32 33 38 24 53 52 2 34 44 16 22 11 19 35 25 46 27 43 41 59 47 23 9 45 1 36 26 10 31 0 17 54 56 15 8 37 29 42 
38 45 44 21 3 23 59 32 48 35 56 9 53 15 42 41 13 50 8 7 18 22 52 49 14 37 33 36 10 19 39 40 17 55 1 43 27 2 6 29 4 0 28 47 5 25 26 46 24 20 31 54 12 58 30 57 34 11 16 51 
51 16 11 34 57 30 58 12 54 31 20 24 46 26 25 5 47 28 0 4 29 6 2 27 43 1 55 17 40 39 19 10 36 33 37 14 49 52 22 18 7 8 50 13 41 42 15 53 9 56 35 48 32 59 23 3 21 44 45 38 
41 19 54 14 50 6 24 56 5 58 29 38 40 34 35 0 21 30 23 52 8 37 17 11 3 28 1 44 31 36 43 51 7 42 33 57 45 32 49 47 20 48 27 26 2 59 39 13 4 15 9 53 12 46 55 22 18 16 25 10 
10 25 16 18 22 55 46 12 53 9 15 4 13 39 59 2 26 27 48 20 47 49 32 45 57 33 42 7 51 43 36 31 44 1 28 3 11 17 37 8 52 23 30 21 0 35 34 40 38 29 58 5 56 24 6 50 14 54 19 41 
44 10 43 3 1 2 48 5 53 46 31 32 9 42 47 19 27 56 0 37 50 55 39 34 11 16 40 58 59 4 22 20 15 51 18 35 26 8 13 17 24 29 7 30 41 38 6 36 52 14 45 54 23 49 12 33 21 57 25 28 
28 25 57 21 33 12 49 23 54 45 14 52 36 6 38 41 30 7 29 24 17 13 8 26 35 18 51 15 20 22 4 59 58 40 16 11 34 39 55 50 37 0 56 27 19 47 42 9 32 31 46 53 5 48 2 1 3 43 10 44 
27 34 15 30 45 56 53 38 47 39 29 2 6 54 18 23 1 58 25 32 10 7 51 13 33 24 16 21 48 35 28 49 4 44 43 46 14 22 8 36 50 26 55 41 57 20 3 9 40 52 37 42 11 31 12 0 19 59 17 5 
5 17 59 19 0 12 31 11 42 37 52 40 9 3 20 57 41 55 26 50 36 8 22 14 46 43 44 4 49 28 35 48 21 16 24 33 13 51 7 10 32 25 58 1 23 18 54 6 2 29 39 47 38 53 56 45 30 15 34 27 
31 7 11 21 8 24 36 3 45 55 37 48 16 33 43 5 53 4 54 1 25 44 58 34 22 20 17 30 47 50 42 2 18 41 9 39 6 57 13 26 38 0 35 40 27 15 56 28 49 12 32 29 10 51 52 19 23 46 59 14 
14 59 46 23 19 52 51 10 29 32 12 49 28 56 15 27 40 35 0 38 26 13 57 6 39 9 41 18 2 42 50 47 30 17 20 22 34 58 44 25 1 54 4 53 5 43 33 16 48 37 55 45 3 36 24 8 21 11 7 31 
4 36 7 56 0 39 31 30 47 32 24 16 53 3 46 54 29 41 45 40 11 8 50 28 5 19 14 57 12 10 25 59 21 27 9 17 20 35 23 37 42 34 13 52 2 18 48 15 58 43 55 44 38 6 49 22 1 26 33 51 
51 33 26 1 22 49 6 38 44 55 43 58 15 48 18 2 52 13 34 42 37 23 35 20 17 9 27 21 59 25 10 12 57 14 19 5 28 50 8 11 40 45 41 29 54 46 3 53 16 24 32 47 30 31 39 0 56 7 36 4 
3 20 40 47 52 17 1 6 35 41 10 53 51 5 16 9 37 45 49 29 12 54 43 48 58 31 8 24 25 4 15 59 18 14 50 0 38 46 55 2 33 7 42 39 32 27 21 26 57 36 13 23 34 44 19 56 22 11 28 30 
30 28 11 22 56 19 44 34 23 13 36 57 26 21 27 32 39 42 7 33 2 55 46 38 0 50 14 18 59 15 4 25 24 8 31 58 48 43 54 12 29 49 45 37 9 16 5 51 53 10 41 35 6 1 17 52 47 40 20 3 
28 16 41 42 43 49 54 40 30 57 1 15 5 19 7 25 48 26 2 21 4 29 11 39 3 27 59 24 50 10 33 53 38 6 17 13 46 37 52 58 44 32 45 34 51 31 56 9 23 8 12 22 47 18 36 14 35 0 55 20 
20 55 0 35 14 36 18 47 22 12 8 23 9 56 31 51 34 45 32 44 58 52 37 46 13 17 6 38 53 33 10 50 24 59 27 3 39 11 29 4 21 2 26 48 25 7 19 5 15 1 57 30 40 54 49 43 42 41 16 28 
48 53 12 55 19 37 25 22 45 51 17 0 8 20 23 24 40 30 1 10 35 28 43 54 21 49 11 16 26 52 42 9 32 27 38 56 34 29 33 36 41 5 7 47 4 2 15 57 6 31 39 46 59 44 18 13 50 14 58 3 
3 58 14 50 13 18 44 59 46 39 31 6 57 15 2 4 47 7 5 41 36 33 29 34 56 38 27 32 9 42 52 26 16 11 49 21 54 43 28 35 10 1 30 40 24 23 20 8 0 17 51 45 22 25 37 19 55 12 53 48 
7 53 38 49 37 59 32 29 24 13 4 56 17 46 1 34 44 43 45 54 6 5 55 27 23 16 52 3 28 50 14 2 33 41 0 15 26 48 19 58 47 30 20 42 40 22 25 10 21 18 57 12 39 51 36 11 35 9 31 8 
8 31 9 35 11 36 51 39 12 57 18 21 10 25 22 40 42 20 30 47 58 19 48 26 15 0 41 33 2 14 50 28 3 52 16 23 27 55 5 6 54 45 43 44 34 1 46 17 56 4 13 24 29 32 59 37 49 38 53 7 
5 44 28 2 17 0 10 57 23 15 12 38 22 58 1 45 13 11 24 33 51 36 6 47 14 37 35 16 21 8 40 59 19 32 20 43 31 7 53 54 50 49 56 52 55 30 25 3 42 9 41 18 46 39 26 4 34 27 48 29 
29 48 27 34 4 26 39 46 18 41 9 42 3 25 30 55 52 56 49 50 54 53 7 31 43 20 32 19 59 40 8 21 16 35 37 14 47 6 36 51 33 24 11 13 45 1 58 22 38 12 15 23 57 10 0 17 2 28 44 5 
16 50 52 45 14 54 20 24 57 51 33 0 3 31 27 19 56 18 21 59 12 29 44 39 22 41 10 8 42 37 58 15 30 25 13 48 6 7 1 46 35 9 43 32 28 26 38 53 11 5 4 36 2 55 23 17 47 49 34 40 
40 34 49 47 17 23 55 2 36 4 5 11 53 38 26 28 32 43 9 35 46 1 7 6 48 13 25 30 15 58 37 42 8 10 41 22 39 44 29 12 59 21 18 56 19 27 31 3 0 33 51 57 24 20 54 14 45 52 50 16 
32 22 58 19 43 52 33 41 10 30 57 34 54 39 14 13 17 38 50 8 7 31 35 5 48 1 18 49 24 20 28 9 0 3 53 25 55 12 56 16 37 45 44 2 42 40 46 21 15 47 23 51 29 36 59 6 11 4 26 27 
27 26 4 11 6 59 36 29 51 23 47 15 21 46 40 42 2 44 45 37 16 56 12 55 25 53 3 0 9 28 20 24 49 18 1 48 5 35 31 7 8 50 38 17 13 14 39 54 34 57 30 10 41 33 52 43 19 58 22 32 
15 10 7 1 14 42 23 24 38 22 31 17 18 5 19 20 56 33 49 54 37 28 34 52 39 59 30 29 43 0 40 44 11 48 8 53 13 41 3 57 36 12 58 51 4 21 27 25 45 46 26 6 2 47 16 55 9 50 35 32 
32 35 50 9 55 16 47 2 6 26 46 45 25 27 21 4 51 58 12 36 57 3 41 13 53 8 48 11 44 40 0 43 29 30 59 39 52 34 28 37 54 49 33 56 20 19 5 18 17 31 22 38 24 23 42 14 1 7 10 15 
41 13 14 58 40 12 48 1 46 3 21 56 23 59 4 22 20 27 45 31 35 29 18 2 30 5 54 17 47 11 26 36 37 57 19 42 10 49 53 50 51 15 32 52 6 9 44 24 55 39 0 7 16 43 38 34 8 25 28 33 
33 28 25 8 34 38 43 16 7 0 39 55 24 44 9 6 52 32 15 51 50 53 49 10 42 19 57 37 36 26 11 47 17 54 5 30 2 18 29 35 31 45 27 20 22 4 59 23 56 21 3 46 1 48 12 40 58 14 13 41 
8 42 39 13 29 26 22 41 31 27 40 45 49 5 34 24 19 23 6 10 36 52 32 12 20 30 4 28 9 58 33 35 53 38 25 54 3 43 11 21 56 51 55 48 59 37 7 46 1 0 16 18 17 44 50 57 14 47 15 2 
2 15 47 14 57 50 44 17 18 16 0 1 46 7 37 59 48 55 51 56 21 11 43 3 54 25 38 53 35 33 58 9 28 4 30 20 12 32 52 36 10 6 23 19 24 34 5 49 45 40 27 31 41 22 26 29 13 39 42 8 
25 10 6 27 20 37 53 36 34 2 56 3 15 7 54 32 46 42 57 38 11 23 52 9 18 45 47 50 5 55 40 35 12 30 17 14 44 51 0 31 43 28 19 58 21 41 49 29 33 4 22 16 13 39 24 26 8 59 48 1 
1 48 59 8 26 24 39 13 16 22 4 33 29 49 41 21 58 19 28 43 31 0 51 44 14 17 30 12 35 40 55 5 50 47 45 18 9 52 23 11 38 57 42 46 32 54 7 15 3 56 2 34 36 53 37 20 27 6 10 25 
1 38 10 46 18 53 54 12 7 43 25 0 48 21 22 26 44 16 2 13 17 32 47 27 24 58 8 19 39 42 3 15 55 52 31 41 20 36 56 4 59 11 28 33 5 34 40 57 45 37 51 23 35 6 9 49 30 29 14 50 
50 14 29 30 49 9 6 35 23 51 37 45 57 40 34 5 33 28 11 59 4 56 36 20 41 31 52 55 15 3 42 39 19 8 58 24 27 47 32 17 13 2 16 44 26 22 21 48 0 25 43 7 12 54 53 18 46 10 38 1 
3 43 40 29 1 26 47 12 59 57 0 14 31 25 8 46 28 5 45 48 44 6 35 15 56 49 36 4 7 51 38 39 20 17 13 30 55 41 2 32 19 53 18 50 24 10 9 58 34 21 27 54 23 42 22 33 37 52 16 11 
11 16 52 37 33 22 42 23 54 27 21 34 58 9 10 24 50 18 53 19 32 2 41 55 30 13 17 20 39 38 51 7 4 36 49 56 15 35 6 44 48 45 5 28 46 8 25 31 14 0 57 59 12 47 26 1 29 40 43 3 
25 38 33 57 10 35 31 1 3 5 20 30 2 16 59 55 48 34 36 0 53 42 44 21 52 40 45 26 24 14 17 37 46 7 4 58 32 41 11 28 43 49 56 54 51 13 47 50 22 29 39 27 23 15 18 19 9 12 6 8 
8 6 12 9 19 18 15 23 27 39 29 22 50 47 13 51 54 56 49 43 28 11 41 32 58 4 7 46 37 17 14 24 26 45 40 52 21 44 42 53 0 36 34 48 55 59 16 2 30 20 5 3 1 31 35 10 57 33 38 25 
