98 4 23
19 20 14 16 18 17 21 11 6 7 15 2 5 22 1 8 12 13 9 10 0 4 3 
3 4 0 10 9 13 12 8 1 22 5 2 15 7 6 11 21 17 18 16 14 20 19 
7 2 21 1 22 16 14 13 10 4 6 3 0 19 9 20 5 18 12 17 8 11 15 
15 11 8 17 12 18 5 20 9 19 0 3 6 4 10 13 14 16 22 1 21 2 7 
4 17 15 16 22 0 13 21 5 18 12 19 7 9 20 2 1 10 14 11 3 8 6 
6 8 3 11 14 10 1 2 20 9 7 19 12 18 5 21 13 0 22 16 15 17 4 
12 13 1 0 16 2 11 19 17 3 18 8 7 20 14 4 21 15 22 6 10 9 5 
5 9 10 6 22 15 21 4 14 20 7 8 18 3 17 19 11 2 16 0 1 13 12 
20 21 0 22 6 17 1 19 10 8 12 7 3 4 15 13 16 11 5 14 2 18 9 
9 18 2 14 5 11 16 13 15 4 3 7 12 8 10 19 1 17 6 22 0 21 20 
7 18 8 16 1 12 10 15 4 14 21 20 5 0 17 9 6 2 3 11 22 13 19 
19 13 22 11 3 2 6 9 17 0 5 20 21 14 4 15 10 12 1 16 8 18 7 
5 14 0 22 20 12 10 18 8 13 4 19 6 2 16 15 11 3 17 9 7 21 1 
1 21 7 9 17 3 11 15 16 2 6 19 4 13 8 18 10 12 20 22 0 14 5 
13 10 16 17 8 9 7 0 14 6 5 19 1 15 18 21 22 3 11 12 2 4 20 
20 4 2 12 11 3 22 21 18 15 1 19 5 6 14 0 7 9 8 17 16 10 13 
7 17 4 6 10 20 11 14 13 22 9 16 12 0 3 18 2 1 15 8 5 19 21 
21 19 5 8 15 1 2 18 3 0 12 16 9 22 13 14 11 20 10 6 4 17 7 
0 15 14 3 20 2 8 5 17 21 7 4 13 1 11 19 10 9 16 22 18 6 12 
12 6 18 22 16 9 10 19 11 1 13 4 7 21 17 5 8 2 20 3 14 15 0 
14 15 19 9 6 16 12 2 7 0 10 8 20 22 21 11 4 1 17 18 13 3 5 
5 3 13 18 17 1 4 11 21 22 20 8 10 0 7 2 12 16 6 9 19 15 14 
0 11 4 7 18 9 22 1 6 20 5 15 13 3 16 14 2 17 12 10 21 19 8 
8 19 21 10 12 17 2 14 16 3 13 15 5 20 6 1 22 9 18 7 4 11 0 
2 15 10 18 7 3 0 6 17 21 20 16 12 5 4 19 11 8 22 9 14 13 1 
1 13 14 9 22 8 11 19 4 5 12 16 20 21 17 6 0 3 7 18 10 15 2 
6 12 4 7 19 0 3 14 13 21 11 18 16 8 5 17 1 9 22 15 10 20 2 
2 20 10 15 22 9 1 17 5 8 16 18 11 21 13 14 3 0 19 7 4 12 6 
21 11 13 20 3 12 9 19 7 15 10 14 4 2 17 0 5 18 6 22 8 16 1 
1 16 8 22 6 18 5 0 17 2 4 14 10 15 7 19 9 12 3 20 13 11 21 
4 16 5 2 8 6 9 21 20 10 1 0 11 15 12 13 18 7 19 14 3 22 17 
17 22 3 14 19 7 18 13 12 15 11 0 1 10 20 21 9 6 8 2 5 16 4 
15 10 5 2 19 14 1 4 8 22 6 13 17 20 3 12 7 18 9 16 21 0 11 
11 0 21 16 9 18 7 12 3 20 17 13 6 22 8 4 1 14 19 2 5 10 15 
20 8 13 18 6 9 3 15 2 4 21 14 22 0 19 12 1 10 17 11 16 7 5 
5 7 16 11 17 10 1 12 19 0 22 14 21 4 2 15 3 9 6 18 13 8 20 
12 22 17 2 9 20 7 19 8 5 0 11 13 6 18 15 1 4 21 14 16 3 10 
10 3 16 14 21 4 1 15 18 6 13 11 0 5 8 19 7 20 9 2 17 22 12 
3 11 8 19 15 22 16 4 20 1 9 7 0 5 10 17 6 2 14 21 12 13 18 
18 13 12 21 14 2 6 17 10 5 0 7 9 1 20 4 16 22 15 19 8 11 3 
0 15 13 4 17 6 8 7 2 9 16 11 22 19 10 21 5 3 20 18 12 1 14 
14 1 12 18 20 3 5 21 10 19 22 11 16 9 2 7 8 6 17 4 13 15 0 
7 6 13 22 20 11 10 15 1 2 18 12 8 14 17 3 16 4 5 0 21 9 19 
19 9 21 0 5 4 16 3 17 14 8 12 18 2 1 15 10 11 20 22 13 6 7 
22 2 8 4 18 19 10 0 21 3 7 11 13 14 15 20 5 16 6 1 12 9 17 
17 9 12 1 6 16 5 20 15 14 13 11 7 3 21 0 10 19 18 4 8 2 22 
0 1 3 7 9 21 18 8 13 15 19 4 17 6 14 20 5 12 22 2 10 16 11 
11 16 10 2 22 12 5 20 14 6 17 4 19 15 13 8 18 21 9 7 3 1 0 
7 5 14 3 15 9 22 0 11 8 12 17 21 6 10 13 1 19 16 2 20 4 18 
18 4 20 2 16 19 1 13 10 6 21 17 12 8 11 0 22 9 15 3 14 5 7 
20 6 13 5 19 7 12 15 16 3 1 0 9 4 22 8 18 21 11 2 10 17 14 
14 17 10 2 11 21 18 8 22 4 9 0 1 3 16 15 12 7 19 5 13 6 20 
12 21 15 22 3 8 14 11 13 7 9 5 4 2 1 20 16 18 17 6 10 19 0 
0 19 10 6 17 18 16 20 1 2 4 5 9 7 13 11 14 8 3 22 15 21 12 
6 21 9 1 18 0 11 14 2 19 15 22 20 10 13 12 5 17 3 7 16 8 4 
4 8 16 7 3 17 5 12 13 10 20 22 15 19 2 14 11 0 18 1 9 21 6 
19 8 2 13 16 18 22 5 21 1 12 7 17 15 6 14 0 11 3 4 20 9 10 
10 9 20 4 3 11 0 14 6 15 17 7 12 1 21 5 22 18 16 13 2 8 19 
18 9 17 13 3 10 8 20 12 16 21 19 4 22 6 2 7 0 5 14 11 15 1 
1 15 11 14 5 0 7 2 6 22 4 19 21 16 12 20 8 10 3 13 17 9 18 
19 11 2 3 1 12 17 10 15 7 16 13 9 21 4 14 22 8 18 6 20 5 0 
0 5 20 6 18 8 22 14 4 21 9 13 16 7 15 10 17 12 1 3 2 11 19 
3 16 22 1 9 10 20 4 13 17 18 19 15 5 0 8 11 12 6 2 21 7 14 
14 7 21 2 6 12 11 8 0 5 15 19 18 17 13 4 20 10 9 1 22 16 3 
5 12 1 17 4 11 9 14 2 18 6 7 0 20 13 10 8 19 3 21 15 16 22 
22 16 15 21 3 19 8 10 13 20 0 7 6 18 2 14 9 11 4 17 1 12 5 
21 22 5 7 11 14 16 18 19 20 9 10 1 15 6 3 17 0 4 8 13 2 12 
12 2 13 8 4 0 17 3 6 15 1 10 9 20 19 18 16 14 11 7 5 22 21 
13 21 4 14 15 1 10 7 8 12 18 2 9 5 3 16 11 0 6 22 20 19 17 
17 19 20 22 6 0 11 16 3 5 9 2 18 12 8 7 10 1 15 14 4 21 13 
20 0 1 16 5 3 15 19 13 12 21 17 2 22 9 4 7 6 14 18 11 10 8 
8 10 11 18 14 6 7 4 9 22 2 17 21 12 13 19 15 3 5 16 1 0 20 
2 9 7 4 15 13 1 5 19 11 20 0 18 12 22 17 10 16 6 21 3 8 14 
14 8 3 21 6 16 10 17 22 12 18 0 20 11 19 5 1 13 15 4 7 9 2 
0 4 9 5 21 6 19 22 13 1 2 3 11 8 10 14 17 18 7 16 12 20 15 
15 20 12 16 7 18 17 14 10 8 11 3 2 1 13 22 19 6 21 5 9 4 0 
9 10 0 7 11 18 13 3 5 19 2 16 14 15 20 21 4 17 1 8 6 12 22 
22 12 6 8 1 17 4 21 20 15 14 16 2 19 5 3 13 18 11 7 0 10 9 
5 16 20 12 4 22 7 10 11 0 8 9 3 21 14 2 15 19 6 1 18 13 17 
17 13 18 1 6 19 15 2 14 21 3 9 8 0 11 10 7 22 4 12 20 16 5 
19 14 3 20 1 4 15 18 22 7 12 11 6 8 13 17 16 0 2 5 9 21 10 
10 21 9 5 2 0 16 17 13 8 6 11 12 7 22 18 15 4 1 20 3 14 19 
11 13 21 16 10 14 7 17 20 5 8 19 9 22 2 3 1 18 4 6 15 12 0 
0 12 15 6 4 18 1 3 2 22 9 19 8 5 20 17 7 14 10 16 21 13 11 
19 15 5 11 10 13 9 18 6 1 16 14 0 8 3 17 20 12 2 4 21 22 7 
7 22 21 4 2 12 20 17 3 8 0 14 16 1 6 18 9 13 10 11 5 15 19 
1 7 9 8 20 22 18 15 10 21 2 12 11 14 3 0 4 16 17 5 13 6 19 
19 6 13 5 17 16 4 0 3 14 11 12 2 21 10 15 18 22 20 8 9 7 1 
12 2 13 18 22 16 20 0 1 11 15 8 21 5 6 7 3 9 19 10 4 14 17 
17 14 4 10 19 9 3 7 6 5 21 8 15 11 1 0 20 16 22 18 13 2 12 
4 12 6 20 9 16 21 11 5 17 8 14 22 15 1 19 2 0 10 7 3 18 13 
13 18 3 7 10 0 2 19 1 15 22 14 8 17 5 11 21 16 9 20 6 12 4 
8 17 11 5 22 12 7 10 1 3 6 9 0 16 21 13 15 4 18 14 2 19 20 
20 19 2 14 18 4 15 13 21 16 0 9 6 3 1 10 7 12 22 5 11 17 8 
8 11 10 17 22 4 5 19 3 12 18 21 2 7 20 6 13 1 14 0 16 9 15 
15 9 16 0 14 1 13 6 20 7 2 21 18 12 3 19 5 4 22 17 10 11 8 
5 20 8 15 16 6 13 2 9 19 4 17 1 21 11 18 0 22 12 14 3 10 7 
7 10 3 14 12 22 0 18 11 21 1 17 4 19 9 2 13 6 16 15 8 20 5 
