104 4 25
24 20 18 15 17 23 16 22 13 14 7 11 10 21 9 0 1 5 8 19 4 6 3 2 12 
12 2 3 6 4 19 8 5 1 0 9 21 10 11 7 14 13 22 16 23 17 15 18 20 24 
14 13 16 9 23 5 4 18 1 2 11 24 12 19 20 0 3 15 6 8 22 17 21 10 7 
7 10 21 17 22 8 6 15 3 0 20 19 12 24 11 2 1 18 4 5 23 9 16 13 14 
8 11 20 4 3 21 10 16 2 13 15 24 17 18 7 14 12 19 9 23 22 6 5 1 0 
0 1 5 6 22 23 9 19 12 14 7 18 17 24 15 13 2 16 10 21 3 4 20 11 8 
11 7 19 23 15 1 0 2 13 14 20 8 12 10 5 17 22 3 6 4 16 21 9 24 18 
18 24 9 21 16 4 6 3 22 17 5 10 12 8 20 14 13 2 0 1 15 23 19 7 11 
17 12 15 21 5 19 11 9 13 6 18 24 14 7 8 20 3 16 23 4 0 1 10 22 2 
2 22 10 1 0 4 23 16 3 20 8 7 14 24 18 6 13 9 11 19 5 21 15 12 17 
18 13 19 7 6 4 12 22 23 20 21 1 16 11 24 17 8 9 15 2 10 3 0 5 14 
14 5 0 3 10 2 15 9 8 17 24 11 16 1 21 20 23 22 12 4 6 7 19 13 18 
16 23 10 19 22 24 5 15 6 4 0 21 1 2 18 14 7 12 8 11 9 20 3 17 13 
13 17 3 20 9 11 8 12 7 14 18 2 1 21 0 4 6 15 5 24 22 19 10 23 16 
8 23 6 2 21 7 9 20 24 5 13 18 10 0 16 17 12 11 3 19 4 15 1 22 14 
14 22 1 15 4 19 3 11 12 17 16 0 10 18 13 5 24 20 9 7 21 2 6 23 8 
9 0 15 20 22 6 16 18 2 21 19 11 8 10 23 17 14 4 13 12 5 7 1 3 24 
24 3 1 7 5 12 13 4 14 17 23 10 8 11 19 21 2 18 16 6 22 20 15 0 9 
19 16 14 21 20 6 1 15 10 12 7 23 3 9 8 18 5 0 2 22 13 24 4 17 11 
11 17 4 24 13 22 2 0 5 18 8 9 3 23 7 12 10 15 1 6 20 21 14 16 19 
7 3 21 24 2 23 11 6 16 14 0 15 5 4 13 9 22 20 1 18 10 19 17 12 8 
8 12 17 19 10 18 1 20 22 9 13 4 5 15 0 14 16 6 11 23 2 24 21 3 7 
5 12 16 20 0 24 8 19 13 21 23 7 22 3 17 6 14 11 18 2 10 1 9 15 4 
4 15 9 1 10 2 18 11 14 6 17 3 22 7 23 21 13 19 8 24 0 20 16 12 5 
12 11 23 18 9 5 21 1 22 8 0 15 3 16 7 4 17 2 19 20 24 14 10 13 6 
6 13 10 14 24 20 19 2 17 4 7 16 3 15 0 8 22 1 21 5 9 18 23 11 12 
20 0 10 23 12 4 13 6 17 1 21 9 3 24 18 19 16 2 14 5 22 8 15 11 7 
7 11 15 8 22 5 14 2 16 19 18 24 3 9 21 1 17 6 13 4 12 23 10 0 20 
18 0 11 21 4 20 14 19 10 3 23 5 7 12 15 6 24 22 13 2 17 9 16 8 1 
1 8 16 9 17 2 13 22 24 6 15 12 7 5 23 3 10 19 14 20 4 21 11 0 18 
21 19 5 17 23 2 8 4 14 1 22 20 18 9 7 3 11 16 10 0 6 12 24 15 13 
13 15 24 12 6 0 10 16 11 3 7 9 18 20 22 1 14 4 8 2 23 17 5 19 21 
3 14 6 18 8 23 15 16 0 1 24 12 19 9 11 13 4 7 21 5 20 10 17 2 22 
22 2 17 10 20 5 21 7 4 13 11 9 19 12 24 1 0 16 15 23 8 18 6 14 3 
9 3 19 15 4 22 23 13 0 24 11 17 8 6 14 21 1 20 5 2 12 16 10 18 7 
7 18 10 16 12 2 5 20 1 21 14 6 8 17 11 24 0 13 23 22 4 15 19 3 9 
24 9 8 14 22 12 4 11 10 21 7 18 23 19 2 13 15 16 17 20 3 1 5 6 0 
0 6 5 1 3 20 17 16 15 13 2 19 23 18 7 21 10 11 4 12 22 14 8 9 24 
1 21 18 0 11 12 14 2 22 24 17 7 9 3 20 19 8 23 15 6 10 5 4 16 13 
13 16 4 5 10 6 15 23 8 19 20 3 9 7 17 24 22 2 14 12 11 0 18 21 1 
20 4 2 6 16 12 22 18 7 15 9 24 0 14 5 17 1 21 3 13 8 10 11 19 23 
23 19 11 10 8 13 3 21 1 17 5 14 0 24 9 15 7 18 22 12 16 6 2 4 20 
3 7 24 22 20 19 0 9 23 8 16 4 5 15 10 11 13 6 1 17 18 12 21 2 14 
14 2 21 12 18 17 1 6 13 11 10 15 5 4 16 8 23 9 0 19 20 22 24 7 3 
22 14 21 8 9 24 0 13 2 19 3 18 10 5 6 20 11 1 16 7 17 12 4 23 15 
15 23 4 12 17 7 16 1 11 20 6 5 10 18 3 19 2 13 0 24 9 8 21 14 22 
10 16 19 8 11 7 4 14 0 17 15 6 9 21 24 12 22 1 13 3 23 2 5 20 18 
18 20 5 2 23 3 13 1 22 12 24 21 9 6 15 17 0 14 4 7 11 8 19 16 10 
20 11 24 1 6 4 13 21 8 19 18 23 15 3 12 14 22 5 10 0 16 17 7 9 2 
2 9 7 17 16 0 10 5 22 14 12 3 15 23 18 19 8 21 13 4 6 1 24 11 20 
9 23 15 18 10 14 20 24 3 2 5 19 12 1 21 16 13 22 8 7 0 11 6 4 17 
17 4 6 11 0 7 8 22 13 16 21 1 12 19 5 2 3 24 20 14 10 18 15 23 9 
12 16 3 17 23 13 0 15 21 2 8 22 20 11 24 9 4 10 14 19 1 6 18 7 5 
5 7 18 6 1 19 14 10 4 9 24 11 20 22 8 2 21 15 0 13 23 17 3 16 12 
19 9 3 6 20 13 5 11 16 12 22 10 14 15 1 21 24 17 18 23 4 7 0 2 8 
8 2 0 7 4 23 18 17 24 21 1 15 14 10 22 12 16 11 5 13 20 6 3 9 19 
24 1 7 0 19 12 18 8 2 16 15 4 6 3 23 17 9 5 11 20 22 13 10 14 21 
21 14 10 13 22 20 11 5 9 17 23 3 6 4 15 16 2 8 18 12 19 0 7 1 24 
3 5 22 8 11 20 18 17 19 1 6 24 10 16 23 2 9 0 4 12 13 7 15 14 21 
21 14 15 7 13 12 4 0 9 2 23 16 10 24 6 1 19 17 18 20 11 8 22 5 3 
20 0 15 22 3 6 21 4 24 7 10 12 19 14 5 23 18 11 17 1 8 13 9 16 2 
2 16 9 13 8 1 17 11 18 23 5 14 19 12 10 7 24 4 21 6 3 22 15 0 20 
23 11 6 17 2 3 9 14 19 10 12 16 20 22 7 0 13 8 21 15 18 4 24 5 1 
1 5 24 4 18 15 21 8 13 0 7 22 20 16 12 10 19 14 9 3 2 17 6 11 23 
12 24 5 10 23 22 11 14 6 15 20 13 8 1 7 2 18 9 4 16 0 3 21 19 17 
17 19 21 3 0 16 4 9 18 2 7 1 8 13 20 15 6 14 11 22 23 10 5 24 12 
1 22 23 20 24 14 16 17 11 3 12 4 5 21 0 6 2 19 13 15 9 8 7 18 10 
10 18 7 8 9 15 13 19 2 6 0 21 5 4 12 3 11 17 16 14 24 20 23 22 1 
4 20 0 13 14 7 19 11 1 15 24 23 9 16 17 22 2 12 21 18 10 6 5 3 8 
8 3 5 6 10 18 21 12 2 22 17 16 9 23 24 15 1 11 19 7 14 13 0 20 4 
1 2 8 19 17 12 15 14 20 10 24 23 0 21 3 13 16 5 7 18 4 9 11 22 6 
6 22 11 9 4 18 7 5 16 13 3 21 0 23 24 10 20 14 15 12 17 19 8 2 1 
3 15 11 9 12 19 2 24 20 7 21 10 4 5 17 0 22 6 8 23 1 18 16 14 13 
13 14 16 18 1 23 8 6 22 0 17 5 4 10 21 7 20 24 2 19 12 9 11 15 3 
16 10 17 24 15 20 8 5 1 9 0 7 3 14 4 18 23 12 2 6 13 19 22 11 21 
21 11 22 19 13 6 2 12 23 18 4 14 3 7 0 9 1 5 8 20 15 24 17 10 16 
17 14 23 7 15 18 6 12 22 3 4 13 2 24 16 11 19 5 1 10 8 20 21 9 0 
0 9 21 20 8 10 1 5 19 11 16 24 2 13 4 3 22 12 6 18 15 7 23 14 17 
2 0 6 5 24 11 20 12 3 16 21 1 9 8 15 23 18 10 13 17 4 7 14 22 19 
19 22 14 7 4 17 13 10 18 23 15 8 9 1 21 16 3 12 20 11 24 5 6 0 2 
5 24 2 7 11 10 17 13 19 18 0 6 14 22 12 23 1 3 9 20 16 15 4 21 8 
8 21 4 15 16 20 9 3 1 23 12 22 14 6 0 18 19 13 17 10 11 7 2 24 5 
21 23 0 13 3 12 16 1 24 19 22 8 2 5 17 11 4 7 9 14 20 18 6 15 10 
10 15 6 18 20 14 9 7 4 11 17 5 2 8 22 19 24 1 16 12 3 13 0 23 21 
23 20 4 8 3 11 0 12 2 18 24 6 15 14 10 21 9 7 1 22 17 16 13 5 19 
19 5 13 16 17 22 1 7 9 21 10 14 15 6 24 18 2 12 0 11 3 8 4 20 23 
24 6 15 23 5 16 13 21 2 18 17 19 0 1 11 22 10 8 20 9 3 14 4 12 7 
7 12 4 14 3 9 20 8 10 22 11 1 0 19 17 18 2 21 13 16 5 23 15 6 24 
0 14 9 5 4 21 6 8 12 23 2 20 19 15 22 11 17 10 3 7 18 13 16 1 24 
24 1 16 13 18 7 3 10 17 11 22 15 19 20 2 23 12 8 6 21 4 5 9 14 0 
15 12 1 23 6 19 8 7 24 17 4 0 5 10 22 21 9 11 3 14 2 18 20 16 13 
13 16 20 18 2 14 3 11 9 21 22 10 5 0 4 17 24 7 8 19 6 23 1 12 15 
23 9 14 8 20 6 21 24 17 7 12 22 1 16 13 10 0 5 15 19 2 3 4 11 18 
18 11 4 3 2 19 15 5 0 10 13 16 1 22 12 7 17 24 21 6 20 8 14 9 23 
19 12 11 5 17 4 9 20 16 2 15 13 6 3 21 14 24 18 8 1 7 10 23 22 0 
0 22 23 10 7 1 8 18 24 14 21 3 6 13 15 2 16 20 9 4 17 5 11 12 19 
3 10 24 20 9 19 21 1 12 18 15 7 11 0 13 8 16 14 5 23 17 6 2 4 22 
22 4 2 6 17 23 5 14 16 8 13 0 11 7 15 18 12 1 21 19 9 20 24 10 3 
3 23 17 24 14 2 15 22 0 19 18 6 1 9 13 10 8 12 4 20 5 21 7 16 11 
11 16 7 21 5 20 4 12 8 10 13 9 1 6 18 19 0 22 15 2 14 24 17 23 3 
1 15 6 16 18 2 21 20 10 0 19 5 23 7 14 8 13 9 17 12 24 11 22 3 4 
4 3 22 11 24 12 17 9 13 8 14 7 23 5 19 0 10 20 21 2 18 16 6 15 1 
15 16 8 11 12 22 3 14 19 23 17 20 6 24 21 18 10 2 9 13 4 7 1 5 0 
0 5 1 7 4 13 9 2 10 18 21 24 6 20 17 23 19 14 3 22 12 11 8 16 15 
