132 4 40
35 39 31 33 37 36 23 27 38 30 16 28 21 18 29 34 32 25 12 19 13 26 20 6 24 10 17 22 5 4 8 1 11 15 14 7 2 0 3 9 
9 3 0 2 7 14 15 11 1 8 4 5 22 17 10 24 6 20 26 13 19 12 25 32 34 29 18 21 28 16 30 38 27 23 36 37 33 31 39 35 
27 23 16 25 37 18 12 20 10 17 8 11 14 31 21 26 7 0 9 3 6 35 2 22 39 34 15 1 13 4 24 33 19 29 28 30 5 32 36 38 
38 36 32 5 30 28 29 19 33 24 4 13 1 15 34 39 22 2 35 6 3 9 0 7 26 21 31 14 11 8 17 10 20 12 18 37 25 16 23 27 
8 13 21 10 14 12 20 25 15 4 3 1 30 23 27 29 33 35 9 38 32 39 31 37 36 5 2 28 19 16 0 24 22 18 7 34 6 11 26 17 
17 26 11 6 34 7 18 22 24 0 16 19 28 2 5 36 37 31 39 32 38 9 35 33 29 27 23 30 1 3 4 15 25 20 12 14 10 21 13 8 
31 35 24 5 2 34 1 25 28 7 26 30 15 20 9 38 37 13 17 16 8 14 39 27 33 18 10 12 36 3 23 11 0 21 32 4 29 6 22 19 
19 22 6 29 4 32 21 0 11 23 3 36 12 10 18 33 27 39 14 8 16 17 13 37 38 9 20 15 30 26 7 28 25 1 34 2 5 24 35 31 
9 39 20 15 28 12 13 18 34 37 5 6 11 3 35 32 4 8 24 36 23 31 17 7 19 21 0 27 2 25 10 38 33 26 14 1 30 22 16 29 
29 16 22 30 1 14 26 33 38 10 25 2 27 0 21 19 7 17 31 23 36 24 8 4 32 35 3 11 6 5 37 34 18 13 12 28 15 20 39 9 
11 27 4 7 32 20 2 14 13 19 24 30 38 18 35 31 8 9 29 26 23 16 34 28 25 22 21 0 12 5 1 10 39 33 15 37 17 6 3 36 
36 3 6 17 37 15 33 39 10 1 5 12 0 21 22 25 28 34 16 23 26 29 9 8 31 35 18 38 30 24 19 13 14 2 20 32 7 4 27 11 
8 18 23 1 15 13 2 0 32 7 33 16 26 35 20 6 30 36 22 25 28 11 3 29 14 39 37 5 10 27 17 19 4 31 38 24 21 9 12 34 
34 12 9 21 24 38 31 4 19 17 27 10 5 37 39 14 29 3 11 28 25 22 36 30 6 20 35 26 16 33 7 32 0 2 13 15 1 23 18 8 
28 33 30 5 0 17 3 31 20 32 18 27 22 25 34 39 21 14 9 1 8 11 2 7 36 19 23 15 13 6 12 35 29 24 4 16 37 26 38 10 
10 38 26 37 16 4 24 29 35 12 6 13 15 23 19 36 7 2 11 8 1 9 14 21 39 34 25 22 27 18 32 20 31 3 17 0 5 30 33 28 
36 24 35 14 21 22 32 0 37 13 1 18 17 30 4 16 12 2 9 11 28 27 6 8 33 31 15 23 20 34 10 5 25 38 29 3 7 26 19 39 
39 19 26 7 3 29 38 25 5 10 34 20 23 15 31 33 8 6 27 28 11 9 2 12 16 4 30 17 18 1 13 37 0 32 22 21 14 35 24 36 
2 23 8 37 22 34 20 3 19 30 5 7 21 4 16 39 12 35 0 18 38 10 36 24 28 1 27 32 29 9 25 13 17 14 26 6 15 11 31 33 
33 31 11 15 6 26 14 17 13 25 9 29 32 27 1 28 24 36 10 38 18 0 35 12 39 16 4 21 7 5 30 19 3 20 34 22 37 8 23 2 
9 25 14 30 16 34 13 23 36 31 39 17 4 7 0 6 38 20 12 33 2 26 32 37 29 8 19 21 11 3 24 18 10 15 5 35 22 1 27 28 
28 27 1 22 35 5 15 10 18 24 3 11 21 19 8 29 37 32 26 2 33 12 20 38 6 0 7 4 17 39 31 36 23 13 34 16 30 14 25 9 
20 7 1 4 11 37 0 34 10 27 30 25 33 6 39 24 36 9 26 28 8 22 19 14 38 15 23 13 3 35 17 31 18 5 29 32 16 12 2 21 
21 2 12 16 32 29 5 18 31 17 35 3 13 23 15 38 14 19 22 8 28 26 9 36 24 39 6 33 25 30 27 10 34 0 37 11 4 1 7 20 
0 29 39 9 6 18 4 30 25 21 13 35 5 22 37 27 26 31 15 2 12 10 7 24 3 14 23 1 11 38 16 32 28 34 20 19 33 36 17 8 
8 17 36 33 19 20 34 28 32 16 38 11 1 23 14 3 24 7 10 12 2 15 31 26 27 37 22 5 35 13 21 25 30 4 18 6 9 39 29 0 
23 26 32 4 31 14 18 10 28 34 1 6 39 5 19 13 27 16 0 8 3 36 30 2 24 7 12 17 29 22 20 35 33 9 21 11 38 25 37 15 
15 37 25 38 11 21 9 33 35 20 22 29 17 12 7 24 2 30 36 3 8 0 16 27 13 19 5 39 6 1 34 28 10 18 14 31 4 32 26 23 
19 12 39 30 32 24 22 15 16 10 18 20 9 33 36 2 25 31 1 29 11 37 34 7 4 5 23 14 17 26 28 3 38 6 21 0 13 27 35 8 
8 35 27 13 0 21 6 38 3 28 26 17 14 23 5 4 7 34 37 11 29 1 31 25 2 36 33 9 20 18 10 16 15 22 24 32 30 39 12 19 
12 29 11 28 37 2 36 4 26 19 25 31 0 14 20 5 23 35 8 18 30 15 6 33 34 1 27 39 21 17 22 32 7 38 10 9 24 16 13 3 
3 13 16 24 9 10 38 7 32 22 17 21 39 27 1 34 33 6 15 30 18 8 35 23 5 20 14 0 31 25 19 26 4 36 2 37 28 11 29 12 
5 6 1 31 30 32 12 36 26 23 21 38 20 9 11 22 16 13 19 15 0 10 4 35 17 39 8 29 7 28 27 37 18 3 14 33 24 2 25 34 
34 25 2 24 33 14 3 18 37 27 28 7 29 8 39 17 35 4 10 0 15 19 13 16 22 11 9 20 38 21 23 26 36 12 32 30 31 1 6 5 
38 0 8 18 15 14 24 27 12 34 33 4 26 2 36 30 5 11 16 39 29 3 31 32 37 21 20 1 9 10 25 35 6 23 28 13 17 19 7 22 
22 7 19 17 13 28 23 6 35 25 10 9 1 20 21 37 32 31 3 29 39 16 11 5 30 36 2 26 4 33 34 12 27 24 14 15 18 8 0 38 
26 39 35 11 12 1 17 14 23 30 5 8 38 25 19 37 13 24 32 0 22 33 9 34 18 15 27 6 21 28 2 3 20 16 29 4 31 7 10 36 
36 10 7 31 4 29 16 20 3 2 28 21 6 27 15 18 34 9 33 22 0 32 24 13 37 19 25 38 8 5 30 23 14 17 1 12 11 35 39 26 
22 4 8 18 38 9 1 16 27 32 37 19 25 6 39 12 28 7 30 3 31 15 17 26 11 29 33 35 14 34 13 0 36 24 23 10 21 2 5 20 
20 5 2 21 10 23 24 36 0 13 34 14 35 33 29 11 26 17 15 31 3 30 7 28 12 39 6 25 19 37 32 27 16 1 9 38 18 8 4 22 
3 20 25 19 26 1 34 32 17 35 18 36 6 16 8 4 21 31 5 22 9 10 38 12 2 14 29 13 24 23 37 0 27 7 33 39 11 30 28 15 
15 28 30 11 39 33 7 27 0 37 23 24 13 29 14 2 12 38 10 9 22 5 31 21 4 8 16 6 36 18 35 17 32 34 1 26 19 25 20 3 
37 17 14 29 32 7 18 24 23 5 26 21 6 20 38 8 39 36 31 28 15 3 16 0 4 25 1 33 11 19 13 34 35 27 12 22 30 10 9 2 
2 9 10 30 22 12 27 35 34 13 19 11 33 1 25 4 0 16 3 15 28 31 36 39 8 38 20 6 21 26 5 23 24 18 7 32 29 14 17 37 
0 22 31 13 36 8 29 11 35 24 25 34 10 12 32 7 38 28 6 20 4 26 39 33 18 3 2 17 27 1 23 37 14 19 15 9 30 5 16 21 
21 16 5 30 9 15 19 14 37 23 1 27 17 2 3 18 33 39 26 4 20 6 28 38 7 32 12 10 34 25 24 35 11 29 8 36 13 31 22 0 
26 13 27 32 3 36 15 17 25 29 30 8 20 37 9 6 23 24 5 4 22 16 35 11 34 28 14 39 21 38 2 19 18 10 7 1 0 12 33 31 
31 33 12 0 1 7 10 18 19 2 38 21 39 14 28 34 11 35 16 22 4 5 24 23 6 9 37 20 8 30 29 25 17 15 36 3 32 27 13 26 
35 28 16 39 1 14 9 36 34 8 26 20 29 15 0 27 19 10 37 30 11 32 18 17 2 22 6 12 13 3 25 7 21 23 24 33 38 4 5 31 
31 5 4 38 33 24 23 21 7 25 3 13 12 6 22 2 17 18 32 11 30 37 10 19 27 0 15 29 20 26 8 34 36 9 14 1 39 16 28 35 
3 11 16 38 13 18 4 22 5 33 34 26 14 12 35 10 7 36 30 1 37 32 31 20 15 29 28 23 24 0 25 9 27 2 8 19 6 21 17 39 
39 17 21 6 19 8 2 27 9 25 0 24 23 28 29 15 20 31 32 37 1 30 36 7 10 35 12 14 26 34 33 5 22 4 18 13 38 16 11 3 
15 35 32 7 34 23 29 27 0 4 17 9 36 31 11 21 26 16 33 39 22 5 2 8 38 24 12 28 10 14 20 30 13 3 1 37 19 25 6 18 
18 6 25 19 37 1 3 13 30 20 14 10 28 12 24 38 8 2 5 22 39 33 16 26 21 11 31 36 9 17 4 0 27 29 23 34 7 32 35 15 
23 28 2 24 25 31 19 18 4 11 36 38 10 17 30 20 15 32 3 0 16 39 35 26 13 21 9 1 37 22 14 34 7 29 8 5 33 27 6 12 
12 6 27 33 5 8 29 7 34 14 22 37 1 9 21 13 26 35 39 16 0 3 32 15 20 30 17 10 38 36 11 4 18 19 31 25 24 2 28 23 
37 34 32 10 14 0 15 19 26 36 9 7 33 12 28 3 21 8 23 18 11 25 22 35 27 31 5 13 24 17 16 29 1 4 39 6 30 38 20 2 
2 20 38 30 6 39 4 1 29 16 17 24 13 5 31 27 35 22 25 11 18 23 8 21 3 28 12 33 7 9 36 26 19 15 0 14 10 32 34 37 
24 33 9 16 11 36 25 13 23 5 3 27 19 26 21 2 32 20 39 12 14 6 7 22 31 8 38 37 28 34 1 0 29 15 18 10 35 4 30 17 
17 30 4 35 10 18 15 29 0 1 34 28 37 38 8 31 22 7 6 14 12 39 20 32 2 21 26 19 27 3 5 23 13 25 36 11 16 9 33 24 
3 23 9 34 35 12 30 22 26 2 29 21 28 17 19 38 14 31 0 4 33 15 20 6 24 16 18 1 25 11 37 32 39 13 27 36 5 7 10 8 
8 10 7 5 36 27 13 39 32 37 11 25 1 18 16 24 6 20 15 33 4 0 31 14 38 19 17 28 21 29 2 26 22 30 12 35 34 9 23 3 
32 7 11 8 33 39 30 6 34 35 2 15 38 21 1 19 18 36 9 5 31 13 10 37 27 4 3 29 24 16 0 23 12 22 26 25 17 20 14 28 
28 14 20 17 25 26 22 12 23 0 16 24 29 3 4 27 37 10 13 31 5 9 36 18 19 1 21 38 15 2 35 34 6 30 39 33 8 11 7 32 
27 22 38 36 0 23 14 6 32 2 1 11 31 29 19 9 3 34 37 5 17 10 8 39 20 33 35 28 25 12 18 26 7 24 13 4 30 21 16 15 
15 16 21 30 4 13 24 7 26 18 12 25 28 35 33 20 39 8 10 17 5 37 34 3 9 19 29 31 11 1 2 32 6 14 23 0 36 38 22 27 
18 11 29 20 39 32 12 26 34 13 25 10 21 36 19 30 8 38 27 23 35 0 2 17 4 28 24 9 3 33 7 6 16 5 15 22 1 37 14 31 
31 14 37 1 22 15 5 16 6 7 33 3 9 24 28 4 17 2 0 35 23 27 38 8 30 19 36 21 10 25 13 34 26 12 32 39 20 29 11 18 
6 22 20 9 14 8 36 18 7 31 35 30 10 11 37 19 2 17 16 23 29 13 27 38 32 33 39 15 12 0 4 5 1 25 24 3 34 21 28 26 
26 28 21 34 3 24 25 1 5 4 0 12 15 39 33 32 38 27 13 29 23 16 17 2 19 37 11 10 30 35 31 7 18 36 8 14 9 20 22 6 
16 31 8 17 1 29 12 28 39 25 2 22 6 38 3 32 10 24 9 14 4 13 23 33 26 18 20 35 36 15 7 34 5 21 11 27 37 30 0 19 
19 0 30 37 27 11 21 5 34 7 15 36 35 20 18 26 33 23 13 4 14 9 24 10 32 3 38 6 22 2 25 39 28 12 29 1 17 8 31 16 
29 36 13 17 1 7 19 9 27 8 12 22 30 34 24 31 15 39 0 23 18 3 20 16 6 38 11 37 28 21 25 14 35 4 5 2 32 33 26 10 
10 26 33 32 2 5 4 35 14 25 21 28 37 11 38 6 16 20 3 18 23 0 39 15 31 24 34 30 22 12 8 27 9 19 7 1 17 13 36 29 
39 0 10 1 17 3 13 33 19 4 36 9 29 5 32 14 35 23 25 7 24 34 31 8 16 15 30 2 28 37 11 18 12 27 26 21 6 22 20 38 
38 20 22 6 21 26 27 12 18 11 37 28 2 30 15 16 8 31 34 24 7 25 23 35 14 32 5 29 9 36 4 19 33 13 3 17 1 10 0 39 
37 4 34 17 2 12 3 23 13 16 20 19 11 29 32 1 39 33 28 0 5 21 6 14 30 22 36 7 8 27 25 18 31 26 15 10 24 9 35 38 
38 35 9 24 10 15 26 31 18 25 27 8 7 36 22 30 14 6 21 5 0 28 33 39 1 32 29 11 19 20 16 13 23 3 12 2 17 34 4 37 
24 6 31 34 8 14 16 11 21 36 13 0 22 2 39 26 1 37 5 19 25 17 4 3 35 38 30 15 33 29 32 7 23 20 9 27 10 18 12 28 
28 12 18 10 27 9 20 23 7 32 29 33 15 30 38 35 3 4 17 25 19 5 37 1 26 39 2 22 0 13 36 21 11 16 14 8 34 31 6 24 
13 16 15 21 38 37 0 34 18 39 7 3 31 1 20 26 23 22 17 10 27 12 30 9 24 8 32 28 11 36 2 29 4 5 33 6 19 35 25 14 
14 25 35 19 6 33 5 4 29 2 36 11 28 32 8 24 9 30 12 27 10 17 22 23 26 20 1 31 3 7 39 18 34 0 37 38 21 15 16 13 
5 30 10 23 12 3 34 6 0 25 18 17 36 38 29 35 39 7 16 26 31 14 13 28 27 15 19 11 22 8 1 32 21 33 37 4 2 9 20 24 
24 20 9 2 4 37 33 21 32 1 8 22 11 19 15 27 28 13 14 31 26 16 7 39 35 29 38 36 17 18 25 0 6 34 3 12 23 10 30 5 
23 11 5 28 17 33 36 18 13 22 15 38 34 19 16 8 31 2 4 12 29 10 30 25 14 9 21 6 7 39 35 24 27 37 3 1 20 0 26 32 
32 26 0 20 1 3 37 27 24 35 39 7 6 21 9 14 25 30 10 29 12 4 2 31 8 16 19 34 38 15 22 13 18 36 33 17 28 5 11 23 
22 11 29 31 37 0 8 28 33 30 26 23 13 9 32 39 3 20 1 18 4 19 21 24 10 34 17 35 16 14 27 5 12 15 6 25 2 36 38 7 
7 38 36 2 25 6 15 12 5 27 14 16 35 17 34 10 24 21 19 4 18 1 20 3 39 32 9 13 23 26 30 33 28 8 0 37 31 29 11 22 
4 1 20 21 29 7 18 0 34 36 24 17 14 33 27 5 12 13 38 6 8 32 9 10 28 2 37 23 3 35 22 30 15 11 16 26 25 31 39 19 
19 39 31 25 26 16 11 15 30 22 35 3 23 37 2 28 10 9 32 8 6 38 13 12 5 27 33 14 17 24 36 34 0 18 7 29 21 20 1 4 
4 26 19 12 9 38 39 18 8 33 24 0 17 35 22 25 20 32 13 14 11 31 5 1 28 30 37 36 2 10 6 21 29 7 15 3 27 34 23 16 
16 23 34 27 3 15 7 29 21 6 10 2 36 37 30 28 1 5 31 11 14 13 32 20 25 22 35 17 0 24 33 8 18 39 38 9 12 19 26 4 
27 23 4 15 24 30 8 3 2 26 6 0 18 36 19 1 33 12 37 29 25 16 13 32 34 22 31 9 11 7 5 38 28 20 17 35 39 10 21 14 
14 21 10 39 35 17 20 28 38 5 7 11 9 31 22 34 32 13 16 25 29 37 12 33 1 19 36 18 0 6 26 2 3 8 30 24 15 4 23 27 
34 22 30 10 37 2 35 5 9 8 29 18 25 4 1 23 32 33 20 31 26 24 15 21 12 0 16 17 7 19 27 11 28 6 14 3 36 39 13 38 
38 13 39 36 3 14 6 28 11 27 19 7 17 16 0 12 21 15 24 26 31 20 33 32 23 1 4 25 18 29 8 9 5 35 2 37 10 30 22 34 
8 5 20 0 15 16 32 12 6 19 31 14 4 35 33 10 39 27 11 34 23 25 26 22 7 13 2 36 21 18 37 28 17 30 1 38 24 3 29 9 
9 29 3 24 38 1 30 17 28 37 18 21 36 2 13 7 22 26 25 23 34 11 27 39 10 33 35 4 14 31 19 6 12 32 16 15 0 20 5 8 
29 31 16 7 36 25 32 11 5 18 2 0 9 39 28 12 21 1 27 17 4 15 22 3 20 35 30 26 13 23 8 37 38 34 6 14 24 33 19 10 
10 19 33 24 14 6 34 38 37 8 23 13 26 30 35 20 3 22 15 4 17 27 1 21 12 28 39 9 0 2 18 5 11 32 25 36 7 16 31 29 
15 23 35 25 22 7 18 32 14 39 13 27 4 2 30 19 5 8 20 29 34 38 24 11 16 6 10 17 37 26 28 33 36 21 0 9 31 1 12 3 
3 12 1 31 9 0 21 36 33 28 26 37 17 10 6 16 11 24 38 34 29 20 8 5 19 30 2 4 27 13 39 14 32 18 7 22 25 35 23 15 
18 32 19 7 34 13 21 29 6 33 17 12 39 26 1 37 2 20 16 35 11 15 27 31 38 0 36 25 28 9 14 5 23 8 3 24 22 10 4 30 
30 4 10 22 24 3 8 23 5 14 9 28 25 36 0 38 31 27 15 11 35 16 20 2 37 1 26 39 12 17 33 6 29 21 13 34 7 19 32 18 
16 35 0 20 19 23 33 21 8 30 37 36 6 15 25 14 12 24 29 31 2 13 17 9 18 26 3 4 11 5 28 22 10 34 27 32 7 38 1 39 
39 1 38 7 32 27 34 10 22 28 5 11 4 3 26 18 9 17 13 2 31 29 24 12 14 25 15 6 36 37 30 8 21 33 23 19 20 0 35 16 
9 15 6 30 13 21 34 8 29 5 28 19 33 26 7 3 39 18 32 16 24 10 36 35 22 38 25 17 12 23 0 2 1 27 4 31 14 11 20 37 
37 20 11 14 31 4 27 1 2 0 23 12 17 25 38 22 35 36 10 24 16 32 18 39 3 7 26 33 19 28 5 29 8 34 21 13 30 6 15 9 
33 21 9 25 18 23 8 2 13 39 22 36 1 0 10 15 26 34 28 29 20 38 12 11 14 5 7 19 4 24 3 16 17 30 37 6 35 31 32 27 
27 32 31 35 6 37 30 17 16 3 24 4 19 7 5 14 11 12 38 20 29 28 34 26 15 10 0 1 36 22 39 13 2 8 23 18 25 9 21 33 
32 25 33 21 9 31 34 11 4 26 16 27 36 22 6 23 30 35 18 3 20 5 24 37 7 0 17 1 15 28 2 8 10 13 19 39 29 12 38 14 
14 38 12 29 39 19 13 10 8 2 28 15 1 17 0 7 37 24 5 20 3 18 35 30 23 6 22 36 27 16 26 4 11 34 31 9 21 33 25 32 
26 25 38 15 29 28 35 1 3 39 36 8 31 4 21 9 14 11 7 37 23 17 32 12 18 34 6 2 30 13 16 10 24 22 19 20 33 27 5 0 
0 5 27 33 20 19 22 24 10 16 13 30 2 6 34 18 12 32 17 23 37 7 11 14 9 21 4 31 8 36 39 3 1 35 28 29 15 38 25 26 
18 37 17 9 24 27 31 1 29 19 14 23 7 35 32 2 15 10 25 4 33 20 30 21 0 39 5 34 12 22 6 26 11 3 38 13 36 28 8 16 
16 8 28 36 13 38 3 11 26 6 22 12 34 5 39 0 21 30 20 33 4 25 10 15 2 32 35 7 23 14 19 29 1 31 27 24 9 17 37 18 
17 26 4 20 34 30 24 3 11 21 8 9 37 15 13 32 2 5 36 10 33 39 38 18 14 22 31 1 12 27 0 19 7 25 6 16 35 23 28 29 
29 28 23 35 16 6 25 7 19 0 27 12 1 31 22 14 18 38 39 33 10 36 5 2 32 13 15 37 9 8 21 11 3 24 30 34 20 4 26 17 
5 33 1 37 13 6 23 31 15 35 10 32 0 28 18 9 16 29 3 39 21 17 34 22 38 20 27 11 19 30 26 25 4 8 36 2 24 7 12 14 
14 12 7 24 2 36 8 4 25 26 30 19 11 27 20 38 22 34 17 21 39 3 29 16 9 18 28 0 32 10 35 15 31 23 6 13 37 1 33 5 
9 3 39 38 19 5 21 23 0 24 16 8 11 29 32 33 10 4 1 31 37 22 13 20 18 26 28 35 15 12 17 14 25 7 2 34 6 27 36 30 
30 36 27 6 34 2 7 25 14 17 12 15 35 28 26 18 20 13 22 37 31 1 4 10 33 32 29 11 8 16 24 0 23 21 5 19 38 39 3 9 
13 8 15 24 17 7 32 3 33 37 19 35 1 11 14 25 28 39 20 26 34 38 0 2 5 21 22 27 9 16 31 29 18 12 30 10 6 23 36 4 
4 36 23 6 10 30 12 18 29 31 16 9 27 22 21 5 2 0 38 34 26 20 39 28 25 14 11 1 35 19 37 33 3 32 7 17 24 15 8 13 
29 0 11 10 25 21 15 20 31 3 12 36 35 17 5 18 39 37 4 22 19 30 7 33 16 8 1 34 6 2 9 14 32 28 24 38 26 27 23 13 
13 23 27 26 38 24 28 32 14 9 2 6 34 1 8 16 33 7 30 19 22 4 37 39 18 5 17 35 36 12 3 31 20 15 21 25 10 11 0 29 
20 34 4 37 23 18 11 14 33 31 30 38 1 25 29 15 22 19 16 17 10 8 27 26 12 24 39 6 13 35 21 3 32 36 5 7 0 2 9 28 
28 9 2 0 7 5 36 32 3 21 35 13 6 39 24 12 26 27 8 10 17 16 19 22 15 29 25 1 38 30 31 33 14 11 18 23 37 4 34 20 
22 2 16 4 15 11 33 13 0 38 31 19 8 36 12 17 5 24 34 28 23 6 20 29 27 37 35 32 39 14 25 9 10 30 18 1 21 26 3 7 
7 3 26 21 1 18 30 10 9 25 14 39 32 35 37 27 29 20 6 23 28 34 24 5 17 12 36 8 19 31 38 0 13 33 11 15 4 16 2 22 
32 19 2 33 27 17 39 38 12 30 6 25 15 34 37 26 21 36 31 16 22 28 24 35 1 20 9 8 29 10 23 0 4 13 14 18 11 7 3 5 
5 3 7 11 18 14 13 4 0 23 10 29 8 9 20 1 35 24 28 22 16 31 36 21 26 37 34 15 25 6 30 12 38 39 17 27 33 2 19 32 
