166 4 70
62 59 67 63 55 68 64 69 60 61 54 66 57 65 53 36 52 50 49 58 56 45 44 48 46 39 43 41 51 47 32 38 28 35 30 33 29 19 24 42 31 26 23 27 37 25 34 22 21 17 40 20 15 16 14 6 18 10 11 9 1 13 7 12 2 8 3 0 5 4 
4 5 0 3 8 2 12 7 13 1 9 11 10 18 6 14 16 15 20 40 17 21 22 34 25 37 27 23 26 31 42 24 19 29 33 30 35 28 38 32 47 51 41 43 39 46 48 44 45 56 58 49 50 52 36 53 65 57 66 54 61 60 69 64 68 55 63 67 59 62 
54 66 69 38 28 55 65 63 36 49 44 39 41 30 29 27 34 58 59 46 24 37 21 17 15 6 9 1 47 16 7 8 0 4 13 18 14 40 42 62 19 51 56 52 53 5 3 2 12 11 10 20 22 25 23 26 31 33 35 32 43 48 67 45 50 68 64 57 60 61 
61 60 57 64 68 50 45 67 48 43 32 35 33 31 26 23 25 22 20 10 11 12 2 3 5 53 52 56 51 19 62 42 40 14 18 13 4 0 8 7 16 47 1 9 6 15 17 21 37 24 46 59 58 34 27 29 30 41 39 44 49 36 63 65 55 28 38 69 66 54 
24 46 30 34 47 42 39 44 16 49 18 52 53 11 17 25 33 35 6 1 28 12 3 66 43 64 22 0 60 4 55 54 61 23 59 5 57 62 63 50 8 67 68 69 38 45 48 2 7 32 14 13 65 15 36 9 31 26 20 10 58 56 51 40 21 41 37 29 27 19 
19 27 29 37 41 21 40 51 56 58 10 20 26 31 9 36 15 65 13 14 32 7 2 48 45 38 69 68 67 8 50 63 62 57 5 59 23 61 54 55 4 60 0 22 64 43 66 3 12 28 1 6 35 33 25 17 11 53 52 18 49 16 44 39 42 47 34 30 46 24 
59 62 14 7 25 15 9 12 8 26 31 51 33 58 37 52 27 16 18 3 39 46 10 4 43 57 45 49 28 60 69 50 65 55 30 68 36 24 61 66 48 5 34 42 67 63 64 54 44 19 29 53 0 41 56 32 47 11 35 2 13 38 6 17 1 21 23 22 40 20 
20 40 22 23 21 1 17 6 38 13 2 35 11 47 32 56 41 0 53 29 19 44 54 64 63 67 42 34 5 48 66 61 24 36 68 30 55 65 50 69 60 28 49 45 57 43 4 10 46 39 3 18 16 27 52 37 58 33 51 31 26 8 12 9 15 25 7 14 62 59 
42 0 5 45 56 43 35 6 17 52 30 24 36 10 58 51 68 21 57 18 41 37 63 27 12 25 44 2 61 39 7 55 59 29 62 67 8 46 16 20 40 60 54 1 9 64 14 66 15 26 31 69 22 38 65 4 13 34 47 50 49 23 11 32 53 48 33 3 28 19 
19 28 3 33 48 53 32 11 23 49 50 47 34 13 4 65 38 22 69 31 26 15 66 14 64 9 1 54 60 40 20 16 46 8 67 62 29 59 55 7 39 61 2 44 25 12 27 63 37 41 18 57 21 68 51 58 10 36 24 30 52 17 6 35 43 56 45 5 0 42 
1 46 52 31 8 69 25 41 35 49 48 67 45 36 64 16 14 44 24 9 56 13 27 54 23 61 19 0 59 20 57 17 21 3 5 38 40 62 30 68 11 28 29 58 32 12 10 63 34 53 7 47 26 15 42 33 66 43 18 6 37 55 60 50 51 4 65 22 2 39 
39 2 22 65 4 51 50 60 55 37 6 18 43 66 33 42 15 26 47 7 53 34 63 10 12 32 58 29 28 11 68 30 62 40 38 5 3 21 17 57 20 59 0 19 61 23 54 27 13 56 9 24 44 14 16 64 36 45 67 48 49 35 41 25 69 8 31 52 46 1 
18 57 21 58 9 62 29 25 34 53 7 44 14 47 30 50 2 36 66 35 23 43 60 27 56 69 5 11 22 20 31 46 59 0 55 68 19 8 39 33 49 65 1 15 45 52 3 40 17 64 51 6 37 48 32 4 38 41 67 24 12 13 26 42 10 54 28 63 16 61 
61 16 63 28 54 10 42 26 13 12 24 67 41 38 4 32 48 37 6 51 64 17 40 3 52 45 15 1 65 49 33 39 8 19 68 55 0 59 46 31 20 22 11 5 69 56 27 60 43 23 35 66 36 2 50 30 47 14 44 7 53 34 25 29 62 9 58 21 57 18 
68 40 16 15 14 44 36 29 45 5 55 51 0 11 4 38 31 53 26 34 48 62 41 49 57 10 19 1 6 39 54 18 61 50 69 13 25 2 42 35 58 52 22 28 59 24 60 12 37 46 3 21 47 64 67 66 56 65 7 20 9 43 17 63 32 30 8 33 27 23 
23 27 33 8 30 32 63 17 43 9 20 7 65 56 66 67 64 47 21 3 46 37 12 60 24 59 28 22 52 58 35 42 2 25 13 69 50 61 18 54 39 6 1 19 10 57 49 41 62 48 34 26 53 31 38 4 11 0 51 55 5 45 29 36 44 14 15 16 40 68 
54 1 53 22 3 68 24 7 20 43 61 58 37 0 5 64 49 66 31 34 29 32 27 18 48 15 51 41 28 63 16 2 30 69 25 33 57 40 62 67 65 9 14 50 42 12 36 8 45 39 21 46 13 35 44 4 55 11 26 23 17 60 56 6 47 52 10 38 19 59 
59 19 38 10 52 47 6 56 60 17 23 26 11 55 4 44 35 13 46 21 39 45 8 36 12 42 50 14 9 65 67 62 40 57 33 25 69 30 2 16 63 28 41 51 15 48 18 27 32 29 34 31 66 49 64 5 0 37 58 61 43 20 7 24 68 3 22 53 1 54 
12 36 67 28 66 25 62 18 31 0 11 47 20 51 24 45 50 29 44 65 17 32 37 10 22 49 68 63 1 42 9 23 61 52 59 21 33 4 16 19 54 7 41 60 40 38 56 35 55 53 27 6 26 3 15 64 58 46 5 48 34 13 14 39 8 30 43 69 57 2 
2 57 69 43 30 8 39 14 13 34 48 5 46 58 64 15 3 26 6 27 53 55 35 56 38 40 60 41 7 54 19 16 4 33 21 59 52 61 23 9 42 1 63 68 49 22 10 37 32 17 65 44 29 50 45 24 51 20 47 11 0 31 18 62 25 66 28 67 36 12 
60 51 9 49 41 5 35 15 42 46 65 32 61 55 2 23 3 25 16 47 31 58 21 4 67 36 17 69 19 43 10 1 53 18 30 62 56 50 28 44 13 68 54 33 8 20 14 38 39 22 6 66 0 63 26 12 24 57 29 7 64 45 34 37 52 48 11 27 59 40 
40 59 27 11 48 52 37 34 45 64 7 29 57 24 12 26 63 0 66 6 22 39 38 14 20 8 33 54 68 13 44 28 50 56 62 30 18 53 1 10 43 19 69 17 36 67 4 21 58 31 47 16 25 3 23 2 55 61 32 65 46 42 15 35 5 41 49 9 51 60 
68 1 13 33 55 62 22 28 17 10 36 35 46 26 5 60 63 34 29 40 43 44 69 32 9 6 18 51 14 67 37 59 52 53 24 65 23 48 0 57 3 8 49 7 25 27 58 11 41 64 15 47 61 45 2 56 16 54 4 30 12 20 19 66 21 38 31 39 50 42 
42 50 39 31 38 21 66 19 20 12 30 4 54 16 56 2 45 61 47 15 64 41 11 58 27 25 7 49 8 3 57 0 48 23 65 24 53 52 59 37 67 14 51 18 6 9 32 69 44 43 40 29 34 63 60 5 26 46 35 36 10 17 28 22 62 55 33 13 1 68 
61 63 33 27 14 18 56 19 16 35 66 53 6 2 49 62 39 37 9 32 4 24 13 36 68 8 38 11 5 29 57 60 54 51 47 22 46 31 28 48 20 52 55 34 23 21 42 12 69 50 40 45 1 17 43 26 41 30 65 59 64 7 15 67 58 25 44 3 0 10 
10 0 3 44 25 58 67 15 7 64 59 65 30 41 26 43 17 1 45 40 50 69 12 42 21 23 34 55 52 20 48 28 31 46 22 47 51 54 60 57 29 5 11 38 8 68 36 13 24 4 32 9 37 39 62 49 2 6 53 66 35 16 19 56 18 14 27 33 63 61 
47 57 37 48 58 24 65 54 8 11 31 44 40 42 55 60 2 20 9 28 19 33 6 0 61 46 41 66 7 14 36 26 35 64 51 1 10 39 30 63 25 3 43 59 68 38 21 34 16 67 53 27 45 62 49 50 13 5 12 22 18 15 17 29 32 52 56 23 4 69 
69 4 23 56 52 32 29 17 15 18 22 12 5 13 50 49 62 45 27 53 67 16 34 21 38 68 59 43 3 25 63 30 39 10 1 51 64 35 26 36 14 7 66 41 46 61 0 6 33 19 28 9 20 2 60 55 42 40 44 31 11 8 54 65 24 58 48 37 57 47 
38 34 50 65 57 51 29 67 13 11 0 35 28 16 7 27 52 23 36 25 42 40 61 43 62 1 54 46 2 4 22 58 33 66 30 48 10 3 14 63 39 47 17 31 56 37 64 32 59 68 44 8 26 18 69 24 19 60 12 9 20 49 5 15 45 6 55 41 21 53 
53 21 41 55 6 45 15 5 49 20 9 12 60 19 24 69 18 26 8 44 68 59 32 64 37 56 31 17 47 39 63 14 3 10 48 30 66 33 58 22 4 2 46 54 1 62 43 61 40 42 25 36 23 52 27 7 16 28 35 0 11 13 67 29 51 57 65 50 34 38 
3 51 30 60 22 36 64 8 24 62 19 48 12 25 55 53 21 27 13 42 29 52 63 65 38 5 57 15 17 46 31 18 23 66 56 7 34 49 10 6 40 16 45 58 1 44 67 0 39 32 2 11 9 68 28 41 20 59 61 50 26 43 33 47 69 14 35 4 37 54 
54 37 4 35 14 69 47 33 43 26 50 61 59 20 41 28 68 9 11 2 32 39 0 67 44 1 58 45 16 40 6 10 49 34 7 56 66 23 18 31 46 17 15 57 5 38 65 63 52 29 42 13 27 21 53 55 25 12 48 19 62 24 8 64 36 22 60 30 51 3 
31 40 18 64 46 32 10 55 11 68 27 24 43 16 65 59 58 5 13 12 50 36 6 47 33 41 3 54 29 56 14 34 60 15 20 35 42 49 30 67 37 19 52 38 4 57 0 21 2 62 53 44 7 69 39 28 51 17 45 48 9 25 23 26 1 22 61 8 63 66 
66 63 8 61 22 1 26 23 25 9 48 45 17 51 28 39 69 7 44 53 62 2 21 0 57 4 38 52 19 37 67 30 49 42 35 20 15 60 34 14 56 29 54 3 41 33 47 6 36 50 12 13 5 58 59 65 16 43 24 27 68 11 55 10 32 46 64 18 40 31 
68 21 46 23 6 52 0 32 66 35 7 38 48 59 5 41 53 18 54 33 40 25 39 26 69 36 3 57 12 17 31 65 24 61 15 4 27 60 50 47 44 51 8 11 16 56 1 45 22 55 58 62 29 43 63 19 37 28 49 9 10 20 2 30 34 13 67 64 42 14 
14 42 64 67 13 34 30 2 20 10 9 49 28 37 19 63 43 29 62 58 55 22 45 1 56 16 11 8 51 44 47 50 60 27 4 15 61 24 65 31 17 12 57 3 36 69 26 39 25 40 33 54 18 53 41 5 59 48 38 7 35 66 32 0 52 6 23 46 21 68 
37 17 62 56 49 2 12 41 43 53 33 30 0 31 54 23 38 16 46 13 50 57 18 51 59 26 48 67 24 5 14 55 69 66 10 22 27 11 44 42 9 47 64 8 68 52 34 20 63 65 6 61 19 28 29 32 1 25 35 39 3 21 58 7 40 60 36 4 15 45 
45 15 4 36 60 40 7 58 21 3 39 35 25 1 32 29 28 19 61 6 65 63 20 34 52 68 8 64 47 9 42 44 11 27 22 10 66 69 55 14 5 24 67 48 26 59 51 18 57 50 13 46 16 38 23 54 31 0 30 33 53 43 41 12 2 49 56 62 17 37 
52 26 46 29 56 33 1 50 19 39 5 21 24 23 64 28 58 67 14 12 44 49 7 51 54 63 31 35 68 11 15 43 4 37 53 8 17 60 40 42 2 18 66 41 55 13 45 69 0 61 30 27 32 22 9 3 38 36 62 34 25 10 65 16 59 47 57 48 6 20 
20 6 48 57 47 59 16 65 10 25 34 62 36 38 3 9 22 32 27 30 61 0 69 45 13 55 41 66 18 2 42 40 60 17 8 53 37 4 43 15 11 68 35 31 63 54 51 7 49 44 12 14 67 58 28 64 23 24 21 5 39 19 50 1 33 56 29 46 26 52 
54 16 18 30 32 42 27 6 50 44 69 46 31 7 62 28 26 19 60 1 57 15 56 63 0 64 13 47 9 45 36 12 34 48 37 35 8 68 22 21 65 2 43 40 29 41 33 61 53 24 59 23 38 10 3 52 58 14 67 11 66 25 39 55 4 20 17 5 51 49 
49 51 5 17 20 4 55 39 25 66 11 67 14 58 52 3 10 38 23 59 24 53 61 33 41 29 40 43 2 65 21 22 68 8 35 37 48 34 12 36 45 9 47 13 64 0 63 56 15 57 1 60 19 26 28 62 7 31 46 69 44 50 6 27 42 32 30 18 16 54 
28 12 69 2 61 35 34 14 21 40 60 50 17 24 3 10 63 7 16 11 46 30 65 38 33 45 44 20 5 13 59 64 51 58 62 19 4 57 52 32 54 55 27 6 22 49 68 66 25 37 41 26 36 1 23 18 48 9 29 42 56 39 67 43 15 53 31 47 0 8 
8 0 47 31 53 15 43 67 39 56 42 29 9 48 18 23 1 36 26 41 37 25 66 68 49 22 6 27 55 54 32 52 57 4 19 62 58 51 64 59 13 5 20 44 45 33 38 65 30 46 11 16 7 63 10 3 24 17 50 60 40 21 14 34 35 61 2 69 12 28 
41 64 38 44 22 58 11 18 3 56 36 28 9 57 50 14 17 26 33 61 52 8 6 34 63 55 43 21 4 31 37 54 5 25 51 32 46 12 20 16 2 0 49 47 35 27 66 10 69 53 15 60 29 67 40 59 30 42 45 39 1 24 19 68 23 13 7 48 65 62 
62 65 48 7 13 23 68 19 24 1 39 45 42 30 59 40 67 29 60 15 53 69 10 66 27 35 47 49 0 2 16 20 12 46 32 51 25 5 54 37 31 4 21 43 55 63 34 6 8 52 61 33 26 17 14 50 57 9 28 36 56 3 18 11 58 22 44 38 64 41 
43 44 8 49 63 15 10 0 69 33 57 3 51 54 62 6 2 21 31 24 35 50 23 34 64 29 39 47 45 4 41 46 40 27 25 18 20 38 61 56 28 14 68 48 65 7 1 12 30 32 59 22 42 5 60 67 58 19 16 17 55 53 36 37 26 13 9 66 11 52 
52 11 66 9 13 26 37 36 53 55 17 16 19 58 67 60 5 42 22 59 32 30 12 1 7 65 48 68 14 28 56 61 38 20 18 25 27 40 46 41 4 45 47 39 29 64 34 23 50 35 24 31 21 2 6 62 54 51 3 57 33 69 0 10 15 63 49 8 44 43 
40 43 27 55 57 18 22 41 47 1 67 61 30 4 44 38 24 45 46 10 19 66 32 53 14 62 54 12 9 3 35 29 8 23 15 11 52 28 64 21 25 13 60 37 16 26 58 0 48 69 65 6 56 33 51 36 50 7 5 42 49 17 31 20 59 2 34 63 68 39 
39 68 63 34 2 59 20 31 17 49 42 5 7 50 36 51 33 56 6 65 69 48 0 58 26 16 37 60 13 25 21 64 28 52 11 15 23 8 29 35 3 9 12 54 62 14 53 32 66 19 10 46 45 24 38 44 4 30 61 67 1 47 41 22 18 57 55 27 43 40 
25 59 5 46 15 13 44 24 60 28 16 14 66 6 21 48 61 56 50 27 43 68 4 22 41 65 57 20 49 63 62 11 26 39 67 40 64 0 42 9 18 17 19 7 54 2 34 3 52 30 31 10 23 36 37 12 1 69 51 55 38 47 58 45 33 8 35 53 32 29 
29 32 53 35 8 33 45 58 47 38 55 51 69 1 12 37 36 23 10 31 30 52 3 34 2 54 7 19 17 18 9 42 0 64 40 67 39 26 11 62 63 49 20 57 65 41 22 4 68 43 27 50 56 61 48 21 6 66 14 16 28 60 24 44 13 15 46 5 59 25 
65 54 12 46 9 64 20 7 17 45 14 55 27 2 38 32 26 29 25 39 35 62 48 6 11 15 21 43 51 44 28 18 42 59 24 61 49 36 53 8 47 57 5 3 1 4 68 69 30 33 31 23 16 52 13 67 60 66 37 41 50 40 22 19 63 58 10 34 56 0 
0 56 34 10 58 63 19 22 40 50 41 37 66 60 67 13 52 16 23 31 33 30 69 68 4 1 3 5 57 47 8 53 36 49 61 24 59 42 18 28 44 51 43 21 15 11 6 48 62 35 39 25 29 26 32 38 2 27 55 14 45 17 7 20 64 9 46 12 54 65 
1 4 48 65 6 63 26 61 29 60 27 31 3 44 30 36 10 47 58 5 16 64 39 23 37 38 20 53 67 7 62 8 33 69 14 0 28 17 50 22 46 68 55 52 21 41 9 32 56 49 57 12 40 2 18 25 13 45 43 19 35 34 54 11 24 59 42 15 66 51 
51 66 15 42 59 24 11 54 34 35 19 43 45 13 25 18 2 40 12 57 49 56 32 9 41 21 52 55 68 46 22 50 17 28 0 14 69 33 8 62 7 67 53 20 38 37 23 39 64 16 5 58 47 10 36 30 44 3 31 27 60 29 61 26 63 6 65 48 4 1 
11 7 64 32 21 4 30 51 14 45 31 22 33 0 9 61 65 12 57 49 29 6 19 59 46 1 43 34 55 53 56 63 25 44 48 40 58 26 13 66 42 38 15 35 5 69 47 17 39 10 36 27 52 41 8 67 54 2 60 18 3 24 50 37 20 16 28 62 23 68 
68 23 62 28 16 20 37 50 24 3 18 60 2 54 67 8 41 52 27 36 10 39 17 47 69 5 35 15 38 42 66 13 26 58 40 48 44 25 63 56 53 55 34 43 1 46 59 19 6 29 49 57 12 65 61 9 0 33 22 31 45 14 51 30 4 21 32 64 7 11 
13 38 31 21 69 43 42 53 14 65 17 25 64 37 47 5 29 11 39 46 57 63 62 41 60 61 1 12 33 34 45 8 24 22 32 16 10 0 58 50 6 51 66 35 48 23 59 30 15 54 28 20 40 18 27 56 3 9 26 67 68 2 52 55 44 4 36 7 19 49 
49 19 7 36 4 44 55 52 2 68 67 26 9 3 56 27 18 40 20 28 54 15 30 59 23 48 35 66 51 6 50 58 0 10 16 32 22 24 8 45 34 33 12 1 61 60 41 62 63 57 46 39 11 29 5 47 37 64 25 17 65 14 53 42 43 69 21 31 38 13 
57 5 10 45 48 1 33 15 46 37 66 27 50 29 17 52 61 9 59 42 38 31 63 3 0 55 32 14 36 40 49 28 13 30 21 64 23 60 39 18 20 11 51 69 19 2 24 4 6 62 53 43 47 65 56 54 58 12 68 8 26 67 34 35 16 7 25 22 41 44 
44 41 22 25 7 16 35 34 67 26 8 68 12 58 54 56 65 47 43 53 62 6 4 24 2 19 69 51 11 20 18 39 60 23 64 21 30 13 28 49 40 36 14 32 55 0 3 63 31 38 42 59 9 61 52 17 29 50 27 66 37 46 15 33 1 48 45 10 5 57 
47 29 52 20 14 30 67 6 35 50 4 54 63 25 18 55 21 13 3 57 26 19 46 11 17 7 45 66 41 53 10 31 34 22 51 59 16 48 69 64 15 37 44 56 43 65 68 42 1 33 9 49 58 36 61 62 23 24 2 5 12 27 38 28 0 40 60 32 8 39 
39 8 32 60 40 0 28 38 27 12 5 2 24 23 62 61 36 58 49 9 33 1 42 68 65 43 56 44 37 15 64 69 48 16 59 51 22 34 31 10 53 41 66 45 7 17 11 46 19 26 57 3 13 21 55 18 25 63 54 4 50 35 6 67 30 14 20 52 29 47 
62 17 9 66 34 10 28 64 68 67 6 14 46 36 1 57 4 12 42 15 33 41 58 53 20 23 44 27 13 43 32 60 31 7 63 52 19 39 65 21 50 3 45 2 29 0 38 59 37 16 49 30 48 22 54 35 8 55 25 40 69 5 18 47 56 11 26 51 24 61 
61 24 51 26 11 56 47 18 5 69 40 25 55 8 35 54 22 48 30 49 16 37 59 38 0 29 2 45 3 50 21 65 39 19 52 63 7 31 60 32 43 13 27 44 23 20 53 58 41 33 15 42 12 4 57 1 36 46 14 6 67 68 64 28 10 34 66 9 17 62 
69 54 23 6 58 12 22 57 16 55 20 33 29 10 48 56 42 51 4 61 9 52 68 7 2 24 14 53 15 64 28 47 27 5 46 1 21 8 38 62 11 50 66 35 36 32 65 13 44 0 25 34 67 18 37 19 63 59 17 43 41 26 31 30 45 39 60 40 49 3 
3 49 40 60 39 45 30 31 26 41 43 17 59 63 19 37 18 67 34 25 0 44 13 65 32 36 35 66 50 11 62 38 8 21 1 46 5 27 47 28 64 15 53 14 24 2 7 68 52 9 61 4 51 42 56 48 10 29 33 20 55 16 57 22 12 58 6 23 54 69 
41 0 14 28 59 39 1 55 47 13 51 7 50 48 19 58 17 27 9 43 22 62 6 54 49 64 21 69 32 15 67 40 26 25 24 33 60 30 4 68 35 5 45 38 52 63 12 16 20 29 61 31 34 65 23 3 18 44 56 37 66 2 57 11 8 10 42 46 36 53 
53 36 46 42 10 8 11 57 2 66 37 56 44 18 3 23 65 34 31 61 29 20 16 12 63 52 38 45 5 35 68 4 30 60 33 24 25 26 40 67 15 32 69 21 64 49 54 6 62 22 43 9 27 17 58 19 48 50 7 51 13 47 55 1 39 59 28 14 0 41 
21 63 32 35 18 42 24 15 33 48 36 67 2 22 60 59 14 38 52 58 29 20 7 1 4 57 43 40 56 55 44 62 31 49 12 3 66 47 41 34 26 8 0 17 65 51 23 61 39 5 30 10 13 54 46 19 25 28 11 6 9 53 37 69 16 64 45 68 50 27 
27 50 68 45 64 16 69 37 53 9 6 11 28 25 19 46 54 13 10 30 5 39 61 23 51 65 17 0 8 26 34 41 47 66 3 12 49 31 62 44 55 56 40 43 57 4 1 7 20 29 58 52 38 14 59 60 22 2 67 36 48 33 15 24 42 18 35 32 63 21 
13 20 31 4 58 34 35 27 0 22 39 61 12 46 59 15 30 51 17 23 9 8 63 54 53 65 50 68 21 10 48 11 55 18 28 60 25 2 42 41 45 33 19 52 47 5 49 64 1 16 40 14 37 7 67 6 36 38 43 66 69 57 26 32 29 44 62 3 24 56 
56 24 3 62 44 29 32 26 57 69 66 43 38 36 6 67 7 37 14 40 16 1 64 49 5 47 52 19 33 45 41 42 2 25 60 28 18 55 11 48 10 21 68 50 65 53 54 63 8 9 23 17 51 30 15 59 46 12 61 39 22 0 27 35 34 58 4 31 20 13 
23 19 43 2 25 36 63 49 61 11 6 53 15 7 46 69 24 67 17 31 58 26 57 38 28 29 3 42 13 27 68 60 0 45 47 59 34 33 39 54 20 55 18 10 64 44 32 56 62 21 66 22 37 5 41 35 1 4 9 12 51 40 16 52 14 30 50 65 8 48 
48 8 65 50 30 14 52 16 40 51 12 9 4 1 35 41 5 37 22 66 21 62 56 32 44 64 10 18 55 20 54 39 33 34 59 47 45 0 60 68 27 13 42 3 29 28 38 57 26 58 31 17 67 24 69 46 7 15 53 6 11 61 49 63 36 25 2 43 19 23 
68 21 26 49 52 62 42 51 58 13 47 3 14 1 32 48 61 44 43 46 20 12 39 36 69 11 22 65 27 19 37 66 17 40 35 57 50 2 10 6 15 8 29 54 30 41 23 31 7 63 16 24 4 18 59 64 53 45 33 38 56 9 60 25 34 0 55 67 28 5 
5 28 67 55 0 34 25 60 9 56 38 33 45 53 64 59 18 4 24 16 63 7 31 23 41 30 54 29 8 15 6 10 2 50 57 35 40 17 66 37 19 27 65 22 11 69 36 39 12 20 46 43 44 61 48 32 1 14 3 47 13 58 51 42 62 52 49 26 21 68 
65 59 44 18 17 19 37 51 64 38 48 3 58 2 63 40 69 68 35 23 56 27 4 46 55 53 1 42 54 14 57 34 11 67 25 62 0 32 6 52 60 31 30 39 12 50 9 16 13 43 36 20 24 22 45 10 29 66 41 7 26 5 28 21 61 8 49 15 33 47 
47 33 15 49 8 61 21 28 5 26 7 41 66 29 10 45 22 24 20 36 43 13 16 9 50 12 39 30 31 60 52 6 32 0 62 25 67 11 34 57 14 54 42 1 53 55 46 4 27 56 23 35 68 69 40 63 2 58 3 48 38 64 51 37 19 17 18 44 59 65 
12 50 59 42 36 45 34 54 22 27 23 31 14 35 13 6 66 5 3 41 47 32 37 9 57 58 51 25 4 38 19 24 62 63 68 8 56 67 48 28 49 7 55 2 15 61 30 40 26 46 10 69 21 11 65 29 60 52 43 18 53 1 44 16 20 39 17 33 0 64 
64 0 33 17 39 20 16 44 1 53 18 43 52 60 29 65 11 21 69 10 46 26 40 30 61 15 2 55 7 49 28 48 67 56 8 68 63 62 24 19 38 4 25 51 58 57 9 37 32 47 41 3 5 66 6 13 35 14 31 23 27 22 54 34 45 36 42 59 50 12 
57 22 11 27 15 31 44 32 13 21 54 55 1 67 39 5 40 2 52 65 58 26 10 62 16 8 49 36 64 63 47 35 23 50 0 59 66 17 51 45 9 53 20 18 28 12 46 56 7 69 42 37 43 4 48 3 61 34 24 29 6 60 38 14 30 41 25 19 68 33 
33 68 19 25 41 30 14 38 60 6 29 24 34 61 3 48 4 43 37 42 69 7 56 46 12 28 18 20 53 9 45 51 17 66 59 0 50 23 35 47 63 64 36 49 8 16 62 10 26 58 65 52 2 40 5 39 67 1 55 54 21 13 32 44 31 15 27 11 22 57 
66 63 46 5 43 47 23 1 10 2 54 51 16 48 12 19 65 28 58 18 34 59 44 24 45 36 21 39 26 33 8 27 55 68 3 57 14 22 6 31 11 41 32 69 56 0 42 15 25 13 60 61 64 20 37 17 53 49 29 7 50 67 4 40 30 38 52 35 9 62 
62 9 35 52 38 30 40 4 67 50 7 29 49 53 17 37 20 64 61 60 13 25 15 42 0 56 69 32 41 11 31 6 22 14 57 3 68 55 27 8 33 26 39 21 36 45 24 44 59 34 18 58 28 65 19 12 48 16 51 54 2 10 1 23 47 43 5 46 63 66 
25 23 58 26 42 10 65 49 38 30 32 57 21 18 9 54 43 0 15 35 16 11 46 60 37 22 67 63 14 19 20 39 3 36 48 5 68 45 28 13 44 4 51 53 40 27 52 33 29 62 12 50 41 66 6 64 47 55 61 24 69 34 59 7 8 1 2 56 31 17 
17 31 56 2 1 8 7 59 34 69 24 61 55 47 64 6 66 41 50 12 62 29 33 52 27 40 53 51 4 44 13 28 45 68 5 48 36 3 39 20 19 14 63 67 22 37 60 46 11 16 35 15 0 43 54 9 18 21 57 32 30 38 49 65 10 42 26 58 23 25 
39 37 35 55 32 45 8 3 46 13 28 29 41 17 54 4 16 57 64 36 66 60 30 7 43 68 22 49 1 56 11 10 25 15 51 38 12 2 63 67 59 21 5 48 23 62 6 31 24 0 26 53 42 65 14 52 47 44 58 34 50 33 19 20 61 18 27 9 40 69 
69 40 9 27 18 61 20 19 33 50 34 58 44 47 52 14 65 42 53 26 0 24 31 6 62 23 48 5 21 59 67 63 2 12 38 51 15 25 10 11 56 1 49 22 68 43 7 30 60 66 36 64 57 16 4 54 17 41 29 28 13 46 3 8 45 32 55 35 37 39 
41 46 38 45 67 62 52 16 58 48 2 66 0 21 55 37 15 30 39 36 33 35 22 18 65 24 43 69 64 31 5 20 19 26 9 23 34 4 1 61 50 25 63 13 53 44 54 32 8 12 3 7 14 40 49 29 28 17 10 59 42 68 51 6 60 57 11 27 56 47 
47 56 27 11 57 60 6 51 68 42 59 10 17 28 29 49 40 14 7 3 12 8 32 54 44 53 13 63 25 50 61 1 4 34 23 9 26 19 20 5 31 64 69 43 24 65 18 22 35 33 36 39 30 15 37 55 21 0 66 2 48 58 16 52 62 67 45 38 46 41 
60 54 0 4 51 25 20 13 29 36 26 28 64 66 21 8 46 19 18 62 59 37 6 30 2 57 16 32 17 33 55 61 58 23 69 44 42 31 40 5 45 52 34 50 38 67 14 43 27 47 49 10 7 35 48 68 15 12 63 41 1 53 24 11 22 9 56 3 39 65 
65 39 3 56 9 22 11 24 53 1 41 63 12 15 68 48 35 7 10 49 47 27 43 14 67 38 50 34 52 45 5 40 31 42 44 69 23 58 61 55 33 17 32 16 57 2 30 6 37 59 62 18 19 46 8 21 66 64 28 26 36 29 13 20 25 51 4 0 54 60 
19 3 16 50 55 64 61 6 20 12 1 31 38 43 66 26 59 21 13 0 8 52 24 10 7 35 57 60 29 49 58 22 45 2 42 9 18 69 23 41 65 62 39 56 27 28 63 17 33 46 36 11 48 37 68 47 30 4 53 34 14 15 51 44 32 40 5 67 54 25 
25 54 67 5 40 32 44 51 15 14 34 53 4 30 47 68 37 48 11 36 46 33 17 63 28 27 56 39 62 65 41 23 69 18 9 42 2 45 22 58 49 29 60 57 35 7 10 24 52 8 0 13 21 59 26 66 43 38 31 1 12 20 6 61 64 55 50 16 3 19 
68 69 33 2 13 63 44 45 38 12 32 9 10 60 66 62 20 11 48 16 39 14 47 7 8 34 42 55 41 31 1 54 29 0 3 35 5 65 52 18 19 15 56 30 28 40 43 36 61 50 67 51 6 25 4 64 17 58 49 22 27 53 46 23 24 26 59 21 37 57 
57 37 21 59 26 24 23 46 53 27 22 49 58 17 64 4 25 6 51 67 50 61 36 43 40 28 30 56 15 19 18 52 65 5 35 3 0 29 54 1 31 41 55 42 34 8 7 47 14 39 16 48 11 20 62 66 60 10 9 32 12 38 45 44 63 13 2 33 69 68 
4 52 43 35 34 7 69 31 36 8 51 60 38 24 32 39 37 10 53 44 27 65 20 57 59 19 22 5 25 0 68 14 1 16 55 47 21 17 54 56 28 49 61 13 9 6 23 48 18 3 67 46 29 2 66 40 33 50 26 42 64 11 63 41 62 45 58 30 12 15 
15 12 30 58 45 62 41 63 11 64 42 26 50 33 40 66 2 29 46 67 3 18 48 23 6 9 13 61 49 28 56 54 17 21 47 55 16 1 14 68 0 25 5 22 19 59 57 20 65 27 44 53 10 37 39 32 24 38 60 51 8 36 31 69 7 34 35 43 52 4 
6 36 53 48 49 24 19 22 21 54 9 62 10 56 35 42 16 31 39 29 64 43 66 69 3 50 2 67 25 26 33 59 44 32 51 12 40 38 30 41 13 15 57 20 46 1 17 34 4 37 60 58 63 11 7 27 61 47 52 5 68 45 8 23 28 65 18 14 0 55 
55 0 14 18 65 28 23 8 45 68 5 52 47 61 27 7 11 63 58 60 37 4 34 17 1 46 20 57 15 13 41 30 38 40 12 51 32 44 59 33 26 25 67 2 50 3 69 66 43 64 29 39 31 16 42 35 56 10 62 9 54 21 22 19 24 49 48 53 36 6 
63 65 25 5 31 50 15 32 52 57 12 48 41 28 20 18 69 10 53 22 35 29 47 66 58 6 64 23 60 45 0 44 36 7 49 8 40 19 54 33 17 16 27 43 68 4 51 42 62 14 26 37 34 61 55 38 21 3 39 9 11 30 2 46 56 13 1 67 59 24 
24 59 67 1 13 56 46 2 30 11 9 39 3 21 38 55 61 34 37 26 14 62 42 51 4 68 43 27 16 17 33 54 19 40 8 49 7 36 44 0 45 60 23 64 6 58 66 47 29 35 22 53 10 69 18 20 28 41 48 12 57 52 32 15 50 31 5 25 65 63 
33 64 49 42 10 27 35 56 26 20 25 1 50 68 36 55 24 53 40 63 4 7 41 12 30 69 11 16 17 21 23 34 62 54 5 0 37 15 65 45 66 47 22 38 60 58 6 52 51 9 43 46 39 31 67 44 59 3 18 32 29 14 13 8 48 28 19 2 57 61 
61 57 2 19 28 48 8 13 14 29 32 18 3 59 44 67 31 39 46 43 9 51 52 6 58 60 38 22 47 66 45 65 15 37 0 5 54 62 34 23 21 17 16 11 69 30 12 41 7 4 63 40 53 24 55 36 68 50 1 25 20 26 56 35 27 10 42 49 64 33 
49 14 30 28 32 23 29 40 66 65 24 0 12 4 69 15 19 36 46 37 25 2 64 60 1 38 47 27 57 35 41 13 55 10 59 26 50 53 63 48 39 20 9 42 33 44 56 52 58 45 68 17 8 67 61 22 11 54 31 5 6 51 16 18 21 3 34 7 62 43 
43 62 7 34 3 21 18 16 51 6 5 31 54 11 22 61 67 8 17 68 45 58 52 56 44 33 42 9 20 39 48 63 53 50 26 59 10 55 13 41 35 57 27 47 38 1 60 64 2 25 37 46 36 19 15 69 4 12 0 24 65 66 40 29 23 32 28 30 14 49 
38 22 45 46 50 69 1 68 30 8 18 7 4 42 65 21 28 39 31 6 13 58 67 24 20 56 33 57 62 37 11 49 54 12 66 2 59 52 25 17 5 40 36 51 9 19 41 34 60 61 32 48 10 15 3 44 64 14 55 35 29 23 26 43 63 16 27 0 53 47 
47 53 0 27 16 63 43 26 23 29 35 55 14 64 44 3 15 10 48 32 61 60 34 41 19 9 51 36 40 5 17 25 52 59 2 66 12 54 49 11 37 62 57 33 56 20 24 67 58 13 6 31 39 28 21 65 42 4 7 18 8 30 68 1 69 50 46 45 22 38 
34 10 66 39 17 32 56 28 20 58 19 43 15 26 0 42 31 3 62 47 46 38 24 22 51 55 52 68 65 8 25 33 64 6 30 14 41 49 63 18 27 4 13 29 50 2 23 69 67 9 53 7 44 16 1 5 48 37 12 21 61 35 59 45 36 54 11 40 57 60 
60 57 40 11 54 36 45 59 35 61 21 12 37 48 5 1 16 44 7 53 9 67 69 23 2 50 29 13 4 27 18 63 49 41 14 30 6 64 33 25 8 65 68 52 55 51 22 24 38 46 47 62 3 31 42 0 26 15 43 19 58 20 28 56 32 17 39 66 10 34 
68 66 17 47 64 31 63 13 7 15 67 38 61 9 22 36 11 69 21 10 4 16 18 49 27 12 35 3 29 2 37 44 48 32 55 0 50 42 58 60 46 26 24 54 39 14 33 23 25 30 56 51 1 34 43 57 45 28 19 20 8 52 6 40 65 59 53 62 5 41 
41 5 62 53 59 65 40 6 52 8 20 19 28 45 57 43 34 1 51 56 30 25 23 33 14 39 54 24 26 46 60 58 42 50 0 55 32 48 44 37 2 29 3 35 12 27 49 18 16 4 10 21 69 11 36 22 9 61 38 67 15 7 13 63 31 64 47 17 66 68 
51 8 55 16 23 46 40 49 22 7 60 26 14 42 1 36 47 20 67 63 0 33 69 62 53 66 13 38 43 68 45 56 3 58 21 15 18 4 57 59 65 52 54 27 61 5 34 35 28 31 9 17 19 37 64 2 6 10 25 30 24 32 39 12 11 48 41 29 44 50 
50 44 29 41 48 11 12 39 32 24 30 25 10 6 2 64 37 19 17 9 31 28 35 34 5 61 27 54 52 65 59 57 4 18 15 21 58 3 56 45 68 43 38 13 66 53 62 69 33 0 63 67 20 47 36 1 42 14 26 60 7 22 49 40 46 23 16 55 8 51 
18 36 29 41 42 15 16 65 44 4 53 23 66 45 33 63 21 13 1 51 57 20 64 9 47 39 40 8 59 14 17 49 48 68 37 31 50 34 32 11 26 27 43 69 25 28 67 30 24 35 55 7 10 3 19 38 46 61 5 6 58 60 0 22 56 12 2 62 52 54 
54 52 62 2 12 56 22 0 60 58 6 5 61 46 38 19 3 10 7 55 35 24 30 67 28 25 69 43 27 26 11 32 34 50 31 37 68 48 49 17 14 59 8 40 39 47 9 64 20 57 51 1 13 21 63 33 45 66 23 53 4 44 65 16 15 42 41 29 36 18 
44 3 64 39 13 25 52 27 47 33 50 21 15 46 19 0 37 18 22 2 61 16 34 62 57 20 41 5 60 12 14 56 4 69 48 36 51 67 23 32 54 7 29 53 1 10 40 45 55 65 24 9 30 66 28 68 63 31 26 58 38 11 35 59 8 6 42 49 17 43 
43 17 49 42 6 8 59 35 11 38 58 26 31 63 68 28 66 30 9 24 65 55 45 40 10 1 53 29 7 54 32 23 67 51 36 48 69 4 56 14 12 60 5 41 20 57 62 34 16 61 2 22 18 37 0 19 46 15 21 50 33 47 27 52 25 13 39 64 3 44 
68 9 12 40 2 65 25 66 13 60 51 67 57 18 35 43 29 16 38 20 53 28 8 55 24 27 31 63 56 49 10 39 26 15 69 17 52 22 50 46 54 36 19 30 62 21 47 14 41 0 4 64 44 6 11 59 23 37 3 5 33 7 1 61 48 45 32 34 58 42 
42 58 34 32 45 48 61 1 7 33 5 3 37 23 59 11 6 44 64 4 0 41 14 47 21 62 30 19 36 54 46 50 22 52 17 69 15 26 39 10 49 56 63 31 27 24 55 8 28 53 20 38 16 29 43 35 18 57 67 51 60 13 66 25 65 2 40 12 9 68 
0 10 5 36 26 54 30 1 59 49 29 61 22 65 68 34 44 2 41 32 42 20 64 8 14 18 60 24 53 50 46 57 35 13 66 17 62 38 47 6 39 40 21 67 15 56 63 58 12 33 4 16 43 45 7 9 25 52 37 3 51 11 19 28 69 48 27 31 23 55 
55 23 31 27 48 69 28 19 11 51 3 37 52 25 9 7 45 43 16 4 33 12 58 63 56 15 67 21 40 39 6 47 38 62 17 66 13 35 57 46 50 53 24 60 18 14 8 64 20 42 32 41 2 44 34 68 65 22 61 29 49 59 1 30 54 26 36 5 10 0 
31 17 27 69 45 2 10 41 23 56 1 60 4 28 9 57 26 47 46 68 22 34 35 51 62 39 59 18 0 11 66 48 43 16 30 53 65 64 58 61 32 36 52 24 12 14 25 19 67 21 8 42 3 5 49 40 33 20 63 38 7 50 54 29 37 6 15 13 44 55 
55 44 13 15 6 37 29 54 50 7 38 63 20 33 40 49 5 3 42 8 21 67 19 25 14 12 24 52 36 32 61 58 64 65 53 30 16 43 48 66 11 0 18 59 39 62 51 35 34 22 68 46 47 26 57 9 28 4 60 1 56 23 41 10 2 45 69 27 17 31 
62 36 15 20 17 37 43 4 50 51 48 9 5 63 53 7 30 38 47 26 42 2 18 68 8 58 54 35 19 57 45 44 66 28 24 0 11 59 22 41 3 23 25 55 40 13 1 31 65 64 29 52 12 21 14 60 61 69 27 67 16 10 39 34 6 49 46 32 33 56 
56 33 32 46 49 6 34 39 10 16 67 27 69 61 60 14 21 12 52 29 64 65 31 1 13 40 55 25 23 3 41 22 59 11 0 24 28 66 44 45 57 19 35 54 58 8 68 18 2 42 26 47 38 30 7 53 63 5 9 48 51 50 4 43 37 17 20 15 36 62 
54 67 8 47 19 30 21 28 3 33 35 53 51 4 59 10 29 66 60 45 58 2 44 0 42 6 49 17 14 40 68 31 15 16 52 64 23 50 65 39 13 24 62 32 36 69 7 57 56 5 9 27 55 43 61 12 18 26 20 25 41 37 63 48 46 22 11 38 1 34 
34 1 38 11 22 46 48 63 37 41 25 20 26 18 12 61 43 55 27 9 5 56 57 7 69 36 32 62 24 13 39 65 50 23 64 52 16 15 31 68 40 14 17 49 6 42 0 44 2 58 45 60 66 29 10 59 4 51 53 35 33 3 28 21 30 19 47 8 67 54 
59 18 67 58 17 66 16 7 14 39 30 31 0 20 68 8 12 19 55 5 44 24 51 42 46 23 34 26 61 69 27 45 25 41 38 3 32 53 48 43 15 29 54 10 50 2 13 33 11 60 1 6 57 36 9 21 49 62 65 28 63 52 37 22 35 56 64 40 4 47 
47 4 40 64 56 35 22 37 52 63 28 65 62 49 21 9 36 57 6 1 60 11 33 13 2 50 10 54 29 15 43 48 53 32 3 38 41 25 45 27 69 61 26 34 23 46 42 51 24 44 5 55 19 12 8 68 20 0 31 30 39 14 7 16 66 17 58 67 18 59 
40 42 53 61 50 43 66 55 62 34 13 69 60 39 12 49 35 6 51 18 23 46 41 10 20 37 8 64 63 7 44 9 30 5 26 48 1 58 36 29 47 3 17 21 56 68 38 4 2 31 59 25 15 28 22 67 33 65 57 14 24 54 19 32 45 52 27 16 11 0 
0 11 16 27 52 45 32 19 54 24 14 57 65 33 67 22 28 15 25 59 31 2 4 38 68 56 21 17 3 47 29 36 58 1 48 26 5 30 9 44 7 63 64 8 37 20 10 41 46 23 18 51 6 35 49 12 39 60 69 13 34 62 55 66 43 50 61 53 42 40 
56 68 37 25 45 43 20 30 36 3 46 29 21 12 49 47 9 33 57 44 8 22 1 16 28 27 0 38 48 54 6 61 17 60 39 34 63 18 40 51 41 35 31 19 13 42 24 26 62 5 53 7 11 4 2 67 10 59 50 32 14 55 52 66 69 58 65 23 15 64 
64 15 23 65 58 69 66 52 55 14 32 50 59 10 67 2 4 11 7 53 5 62 26 24 42 13 19 31 35 41 51 40 18 63 34 39 60 17 61 6 54 48 38 0 27 28 16 1 22 8 44 57 33 9 47 49 12 21 29 46 3 36 30 20 43 45 25 37 68 56 
0 67 57 53 11 62 3 28 37 35 24 20 17 8 48 47 42 56 66 65 15 12 26 33 29 63 7 9 5 22 59 6 4 27 49 34 52 32 46 69 68 55 45 44 14 16 39 1 50 2 19 60 31 64 23 25 43 41 51 38 61 10 13 58 40 36 21 18 30 54 
54 30 18 21 36 40 58 13 10 61 38 51 41 43 25 23 64 31 60 19 2 50 1 39 16 14 44 45 55 68 69 46 32 52 34 49 27 4 6 59 22 5 9 7 63 29 33 26 12 15 65 66 56 42 47 48 8 17 20 24 35 37 28 3 62 11 53 57 67 0 
24 57 51 26 1 7 20 22 38 32 6 60 50 66 16 3 40 68 28 14 23 42 12 37 54 10 45 43 31 52 56 44 9 2 53 47 30 65 55 15 13 21 27 49 67 34 46 36 25 69 59 4 11 62 64 8 41 48 39 17 58 18 63 0 33 29 19 35 61 5 
5 61 35 19 29 33 0 63 18 58 17 39 48 41 8 64 62 11 4 59 69 25 36 46 34 67 49 27 21 13 15 55 65 30 47 53 2 9 44 56 52 31 43 45 10 54 37 12 42 23 14 28 68 40 3 16 66 50 60 6 32 38 22 20 7 1 26 51 57 24 
4 13 35 31 3 14 57 24 23 60 62 39 55 30 47 52 1 34 69 64 17 44 18 25 66 68 19 9 10 61 59 40 65 16 56 37 15 63 54 7 49 42 22 21 27 41 12 5 51 38 67 0 8 45 11 36 20 33 26 50 6 29 32 46 53 48 2 28 43 58 
58 43 28 2 48 53 46 32 29 6 50 26 33 20 36 11 45 8 0 67 38 51 5 12 41 27 21 22 42 49 7 54 63 15 37 56 16 65 40 59 61 10 9 19 68 66 25 18 44 17 64 69 34 1 52 47 30 55 39 62 60 23 24 57 14 3 31 35 13 4 
7 18 38 10 66 23 6 65 45 53 22 51 41 24 61 34 19 49 11 29 4 55 37 21 67 52 42 64 5 8 0 9 69 44 33 30 50 58 43 40 27 31 16 13 26 57 17 60 20 14 54 39 3 1 28 35 46 68 12 63 2 56 48 32 25 47 15 36 62 59 
59 62 36 15 47 25 32 48 56 2 63 12 68 46 35 28 1 3 39 54 14 20 60 17 57 26 13 16 31 27 40 43 58 50 30 33 44 69 9 0 8 5 64 42 52 67 21 37 55 4 29 11 49 19 34 61 24 41 51 22 53 45 65 6 23 66 10 38 18 7 
16 9 25 10 56 69 39 48 58 17 37 45 7 40 26 20 52 61 27 49 54 13 42 35 65 18 47 57 12 43 32 67 41 1 28 3 55 2 14 33 62 53 51 64 59 23 63 36 31 0 29 8 46 50 66 22 11 5 34 19 44 30 6 38 24 15 68 4 60 21 
21 60 4 68 15 24 38 6 30 44 19 34 5 11 22 66 50 46 8 29 0 31 36 63 23 59 64 51 53 62 33 14 2 55 3 28 1 41 67 32 43 12 57 47 18 65 35 42 13 54 49 27 61 52 20 26 40 7 45 37 17 58 48 39 69 56 10 25 9 16 
42 30 2 17 52 53 58 47 41 22 39 26 21 12 33 23 5 3 24 56 57 28 37 19 68 61 36 14 31 4 66 32 48 13 9 62 10 50 35 11 43 63 18 15 45 65 7 44 46 16 6 67 25 8 40 49 29 64 20 27 60 0 51 59 38 1 69 55 34 54 
54 34 55 69 1 38 59 51 0 60 27 20 64 29 49 40 8 25 67 6 16 46 44 7 65 45 15 18 63 43 11 35 50 10 62 9 13 48 32 66 4 31 14 36 61 68 19 37 28 57 56 24 3 5 23 33 12 21 26 39 22 41 47 58 53 52 17 2 30 42 
37 54 65 62 8 32 26 51 12 50 53 6 47 30 39 18 49 66 1 17 56 46 27 58 15 57 34 36 35 16 45 61 59 42 67 13 60 48 55 21 44 0 25 24 29 28 31 33 68 41 52 20 10 11 4 5 19 38 63 3 7 64 40 43 23 9 2 22 14 69 
69 14 22 2 9 23 43 40 64 7 3 63 38 19 5 4 11 10 20 52 41 68 33 31 28 29 24 25 0 44 21 55 48 60 13 67 42 59 61 45 16 35 36 34 57 15 58 27 46 56 17 1 66 49 18 39 30 47 6 53 50 12 51 26 32 8 62 65 54 37 
36 19 16 31 20 15 66 43 1 33 25 42 57 23 30 28 50 62 4 65 45 5 44 7 61 51 54 32 29 69 58 24 17 49 11 60 53 48 64 35 47 39 38 3 63 27 46 56 22 9 10 6 59 41 2 52 37 13 26 67 14 55 34 8 18 40 68 12 0 21 
21 0 12 68 40 18 8 34 55 14 67 26 13 37 52 2 41 59 6 10 9 22 56 46 27 63 3 38 39 47 35 64 48 53 60 11 49 17 24 58 69 29 32 54 51 61 7 44 5 45 65 4 62 50 28 30 23 57 42 25 33 1 43 66 15 20 31 16 19 36 
21 49 48 41 32 42 47 24 7 27 11 38 60 25 13 34 64 2 17 19 67 63 69 26 46 28 56 8 57 52 10 14 45 40 50 0 22 43 35 6 36 66 65 51 20 30 59 4 37 33 44 16 53 39 1 3 31 18 23 12 68 58 54 55 9 5 15 61 62 29 
29 62 61 15 5 9 55 54 58 68 12 23 18 31 3 1 39 53 16 44 33 37 4 59 30 20 51 65 66 36 6 35 43 22 0 50 40 45 14 10 52 57 8 56 28 46 26 69 63 67 19 17 2 64 34 13 25 60 38 11 27 7 24 47 42 32 41 48 49 21 
14 20 5 6 57 32 52 43 23 39 34 8 44 36 67 12 22 7 10 61 13 17 2 68 46 56 15 62 25 49 30 47 19 66 33 50 31 48 27 11 69 58 45 3 29 59 18 38 1 40 21 0 9 54 24 55 63 60 37 64 41 16 65 28 53 4 51 26 42 35 
35 42 26 51 4 53 28 65 16 41 64 37 60 63 55 24 54 9 0 21 40 1 38 18 59 29 3 45 58 69 11 27 48 31 50 33 66 19 47 30 49 25 62 15 56 46 68 2 17 13 61 10 7 22 12 67 36 44 8 34 39 23 43 52 32 57 6 5 20 14 
45 18 28 37 57 25 50 10 3 40 32 19 6 41 5 12 0 49 55 61 2 36 26 29 56 15 13 30 1 4 48 51 21 34 20 65 7 24 54 38 27 47 8 68 44 43 59 52 66 16 46 69 42 9 67 60 62 22 53 17 39 58 33 14 11 64 63 35 31 23 
23 31 35 63 64 11 14 33 58 39 17 53 22 62 60 67 9 42 69 46 16 66 52 59 43 44 68 8 47 27 38 54 24 7 65 20 34 21 51 48 4 1 30 13 15 56 29 26 36 2 61 55 49 0 12 5 41 6 19 32 40 3 10 50 25 57 37 28 18 45 
33 30 66 56 16 36 64 27 24 41 44 22 57 13 51 25 61 58 50 65 7 53 12 23 18 59 6 40 17 39 37 10 1 19 67 62 55 34 54 29 47 14 8 9 11 48 46 45 15 31 38 42 26 3 2 21 43 60 32 49 4 52 63 5 20 28 0 68 35 69 
69 35 68 0 28 20 5 63 52 4 49 32 60 43 21 2 3 26 42 38 31 15 45 46 48 11 9 8 14 47 29 54 34 55 62 67 19 1 10 37 39 17 40 6 59 18 23 12 53 7 65 50 58 61 25 51 13 57 22 44 41 24 27 64 36 16 56 66 30 33 
22 43 36 53 19 0 61 41 31 55 38 14 25 20 47 9 30 52 24 10 59 69 62 4 5 39 46 28 64 12 57 18 60 54 50 42 40 6 51 3 33 63 32 34 66 35 67 65 48 44 11 7 17 26 16 68 27 23 37 13 45 2 29 8 58 15 21 56 49 1 
1 49 56 21 15 58 8 29 2 45 13 37 23 27 68 16 26 17 7 11 44 48 65 67 35 66 34 32 63 33 3 51 6 40 42 50 54 60 18 57 12 64 28 46 39 5 4 62 69 59 10 24 52 30 9 47 20 25 14 38 55 31 41 61 0 19 53 36 43 22 
62 10 50 63 25 27 6 9 38 19 17 48 1 32 18 2 52 68 30 22 56 21 61 39 43 55 33 3 16 8 67 31 51 11 54 45 60 41 20 36 13 64 66 7 35 40 42 34 53 14 29 65 59 24 58 69 4 47 23 49 0 44 15 12 46 28 26 57 5 37 
37 5 57 26 28 46 12 15 44 0 49 23 47 4 69 58 24 59 65 29 14 53 34 42 40 35 7 66 64 13 36 20 41 60 45 54 11 51 31 67 8 16 3 33 55 43 39 61 21 56 22 30 68 52 2 18 32 1 48 17 19 38 9 6 27 25 63 50 10 62 
38 18 57 33 30 9 61 69 68 19 67 7 63 65 52 21 51 66 60 53 45 25 49 42 64 43 55 48 50 44 56 36 54 46 40 41 59 37 39 62 35 47 31 23 34 29 24 28 58 32 22 27 15 26 16 13 14 12 17 0 8 4 11 6 1 3 2 20 10 5 
5 10 20 2 3 1 6 11 4 8 0 17 12 14 13 16 26 15 27 22 32 58 28 24 29 34 23 31 47 35 62 39 37 59 41 40 46 54 36 56 44 50 48 55 43 64 42 49 25 45 53 60 66 51 21 52 65 63 7 67 19 68 69 61 9 30 33 57 18 38 
