15 3 16
11 7 15 10 12 1 5 8 6 9 14 0 3 13 4 2 
2 4 13 3 0 14 9 8 5 1 12 10 15 7 6 11 
9 14 6 1 10 15 7 11 2 4 13 3 0 12 8 5 
8 5 0 3 13 4 2 11 6 7 15 12 10 1 14 9 
6 14 5 12 2 11 13 9 8 7 4 15 0 10 3 1 
1 12 3 10 0 15 4 7 9 13 11 2 14 6 5 8 
15 0 6 8 9 11 2 1 3 5 14 10 12 4 13 7 
7 13 4 10 5 8 9 12 14 1 3 2 11 6 0 15 
0 12 5 15 14 4 10 6 3 1 8 11 2 9 7 13 
13 7 11 2 3 1 8 9 6 12 10 15 5 0 4 14 
9 8 1 4 7 14 0 15 5 2 12 6 13 11 3 10 
10 3 6 11 13 14 5 4 15 0 7 12 8 9 2 1 
2 11 14 15 0 7 10 4 8 13 6 5 1 12 9 3 
12 4 1 5 8 10 13 6 2 3 7 0 11 15 9 14 
5 9 0 13 15 1 3 14 6 7 2 4 10 12 11 8 
