18 3 26
21 22 14 23 25 24 19 20 4 6 15 10 17 18 8 11 12 5 16 13 7 9 1 0 3 2 
2 3 0 1 9 7 13 16 5 12 11 8 18 17 15 6 4 20 19 24 25 23 14 10 22 21 
11 5 7 10 19 4 6 25 16 23 14 0 21 2 3 22 1 9 13 8 18 17 15 24 12 20 
15 12 18 17 8 20 13 9 1 22 3 2 21 0 10 14 24 23 16 25 19 4 7 6 5 11 
16 6 10 20 7 24 8 13 22 3 21 2 11 25 0 12 14 1 5 4 19 17 18 15 9 23 
4 5 24 9 17 23 1 18 14 0 12 10 15 25 11 2 21 3 22 6 7 19 13 20 16 8 
15 19 14 0 13 23 11 24 9 8 3 7 20 6 18 17 5 16 21 22 2 25 10 4 1 12 
19 1 12 25 2 22 21 3 8 16 7 10 20 23 9 15 17 18 11 4 5 24 13 6 14 0 
22 13 17 6 23 9 4 16 5 20 19 2 11 12 18 8 7 25 24 15 3 0 1 10 21 14 
10 0 18 14 1 5 4 20 21 7 16 3 25 12 6 11 24 23 15 17 9 8 13 19 2 22 
8 2 12 6 24 11 19 15 4 21 5 1 14 0 25 18 22 13 10 9 23 16 17 20 3 7 
17 3 13 15 25 7 4 19 9 23 22 14 12 21 10 24 0 2 20 1 5 8 11 16 6 18 
16 21 18 11 20 2 23 0 19 9 22 14 13 10 15 5 1 6 24 7 12 4 8 17 3 25 
25 6 3 17 24 12 16 5 20 1 14 4 22 0 10 15 18 8 7 2 23 19 13 9 11 21 
24 7 5 13 18 6 8 23 14 1 20 10 9 21 19 3 0 4 22 15 25 2 17 16 11 12 
0 4 7 2 10 17 11 20 25 12 13 21 15 3 18 8 16 23 5 22 1 6 9 14 19 24 
9 16 19 14 25 8 2 5 3 21 20 13 11 17 1 23 24 18 6 12 4 10 15 7 22 0 
15 18 1 12 14 22 5 6 17 11 21 4 13 9 19 25 20 23 7 8 16 3 24 2 10 0 
