16 3 18
16 15 13 8 17 9 12 11 7 10 14 4 5 6 2 1 0 3 
3 0 1 2 6 5 14 10 7 11 12 9 17 8 13 15 4 16 
4 11 14 12 17 1 13 16 3 15 0 8 2 6 5 9 10 7 
7 10 9 5 6 2 0 3 16 1 4 15 13 8 17 12 14 11 
6 17 2 8 15 16 3 0 11 13 1 4 7 10 14 9 12 5 
5 12 14 4 9 10 7 8 13 15 3 1 11 0 16 2 17 6 
13 1 10 12 16 4 6 5 2 11 8 9 17 0 14 7 15 3 
0 15 9 7 14 17 11 3 2 5 4 6 16 12 10 8 1 13 
8 5 1 3 17 12 6 10 7 4 9 14 2 16 13 0 11 15 
2 14 11 7 9 15 0 13 1 8 10 16 12 6 5 4 3 17 
6 10 12 0 11 4 3 5 13 16 15 14 7 17 1 2 9 8 
3 9 16 10 13 8 15 2 17 4 1 5 14 6 0 12 7 11 
7 5 13 11 17 0 6 8 9 12 2 1 16 3 14 10 4 15 
4 16 2 12 1 0 17 14 9 3 5 7 6 15 10 8 11 13 
6 2 4 13 8 10 7 3 15 12 14 0 1 17 11 5 16 9 
15 1 6 0 13 4 17 11 12 14 10 8 3 16 9 5 2 7 
