19 3 30
29 26 16 28 27 23 20 22 14 21 15 5 18 17 11 12 24 19 25 9 13 8 7 3 2 0 6 1 10 4 
4 10 1 6 0 2 3 7 13 9 25 19 24 12 11 17 18 5 15 21 14 22 8 20 23 27 28 16 26 29 
8 11 18 5 17 9 14 13 23 28 2 6 1 26 4 29 10 7 16 0 27 3 20 22 25 21 19 15 24 12 
12 24 15 19 21 22 20 3 27 0 16 7 10 29 4 26 1 6 28 2 23 8 25 13 14 9 17 5 18 11 
25 6 13 3 1 27 16 26 29 17 5 8 15 19 12 4 2 28 11 9 23 24 22 14 21 20 10 0 18 7 
21 14 9 25 7 18 0 10 20 22 23 2 11 28 4 8 12 24 19 29 26 15 16 27 5 17 1 3 13 6 
15 12 17 5 8 26 7 27 1 3 0 20 18 24 11 25 23 2 29 28 10 6 22 9 14 21 13 16 4 19 
16 22 19 24 11 2 13 10 18 4 20 0 14 9 21 6 1 28 5 17 15 25 29 23 3 27 7 26 8 12 
23 6 10 28 4 29 18 8 20 7 3 0 1 17 12 15 26 5 19 16 13 21 9 14 24 25 22 27 11 2 
2 23 27 7 9 14 21 13 11 24 19 3 8 22 5 26 12 17 4 25 16 15 28 6 29 1 18 0 10 20 
19 5 12 14 29 28 6 25 0 20 18 4 22 26 10 11 13 24 2 1 16 8 3 7 27 21 23 9 15 17 
9 17 0 8 21 27 15 16 1 13 10 29 2 18 25 26 4 22 6 24 28 11 14 12 19 23 3 7 20 5 
3 25 20 29 13 7 6 10 14 19 15 24 17 23 11 9 21 5 16 12 1 28 4 2 26 27 18 22 0 8 
28 24 11 26 22 1 15 4 23 16 12 9 7 18 25 17 27 13 5 21 20 0 3 8 19 14 6 10 29 2 
22 26 8 6 2 18 15 7 16 29 21 23 20 0 5 19 12 17 14 9 10 25 3 1 11 27 24 4 13 28 
20 3 8 4 28 5 21 13 27 18 2 1 10 17 19 23 24 7 11 25 9 6 0 14 16 12 29 22 15 26 
14 28 19 16 29 15 3 6 27 12 23 1 10 7 8 24 13 0 2 11 20 26 4 25 22 18 21 5 9 17 
12 4 11 14 9 0 26 5 7 17 22 10 6 19 3 23 29 18 27 8 28 2 15 16 20 24 13 21 1 25 
26 16 9 13 25 21 20 11 12 23 10 24 29 28 18 22 5 27 6 17 2 8 14 15 19 3 4 1 7 0 
