18 3 24
19 16 20 22 12 23 15 9 18 17 8 21 14 3 5 11 0 13 4 2 7 10 1 6 
6 1 10 7 2 4 13 0 11 5 3 14 21 8 17 18 9 15 12 23 22 20 16 19 
9 8 5 22 23 18 11 2 7 21 1 6 19 10 13 14 16 4 0 17 20 3 12 15 
3 17 14 15 12 0 20 4 10 16 13 19 6 1 7 2 22 23 18 11 5 9 8 21 
1 13 21 4 11 18 23 15 12 20 22 19 6 2 3 8 17 9 0 16 5 14 10 7 
21 7 16 10 5 0 8 9 2 6 20 15 12 17 3 19 11 18 23 22 4 14 13 1 
14 11 17 23 5 13 3 2 16 7 22 6 10 19 8 1 15 20 0 4 12 21 9 18 
18 9 4 0 10 22 20 15 7 1 14 17 8 19 3 6 21 5 16 2 13 23 12 11 
12 8 3 2 19 1 7 18 20 13 5 15 10 16 14 9 21 4 23 0 11 6 22 17 
6 11 0 16 23 14 4 15 9 18 12 13 5 17 21 1 19 8 7 22 10 3 20 2 
19 2 21 22 13 20 10 17 14 8 18 11 9 12 6 4 7 16 0 23 1 15 5 3 
3 1 22 5 7 23 12 17 9 15 4 16 6 11 2 20 21 0 8 13 10 14 18 19 
0 12 6 11 10 20 21 13 9 14 2 19 22 5 15 3 1 23 18 16 7 17 8 4 
4 16 18 19 3 8 17 21 5 6 15 23 10 20 22 7 1 13 14 0 2 9 11 12 
14 20 17 8 0 7 1 15 10 18 23 12 11 4 2 22 16 9 5 3 13 21 19 6 
23 19 9 13 7 16 3 4 6 18 2 8 11 12 1 14 10 5 0 20 22 17 21 15 
21 17 15 5 2 0 3 11 12 8 13 14 20 6 4 23 10 9 7 22 1 19 16 18 
16 13 1 23 11 19 17 9 18 10 12 20 14 3 0 15 8 7 5 6 4 22 2 21 
