16 3 19
14 11 7 15 3 9 8 17 18 5 10 4 16 12 0 6 1 13 2 
2 13 1 6 0 12 16 4 10 5 18 8 9 3 15 7 11 17 14 
10 4 16 12 0 6 1 14 13 2 17 7 11 15 9 8 3 18 5 
5 18 17 8 9 3 15 7 11 2 14 13 1 6 0 12 16 4 10 
6 3 15 12 17 18 1 10 5 13 14 4 11 2 8 16 0 7 9 
0 9 16 8 13 2 11 7 4 14 5 10 18 1 17 15 12 3 6 
17 14 10 1 18 12 3 6 7 16 9 0 8 15 2 11 4 13 5 
5 4 11 7 6 2 13 16 3 17 8 9 12 15 0 1 18 10 14 
11 0 12 3 4 18 5 10 2 14 15 9 1 7 8 13 16 6 17 
13 15 8 16 9 6 1 14 10 5 18 4 7 0 12 17 11 2 3 
7 1 2 10 9 17 5 15 4 14 0 6 3 16 13 11 12 18 8 
8 0 15 12 13 3 11 17 6 7 14 2 5 18 1 4 9 10 16 
9 2 18 6 11 12 0 14 16 10 17 5 3 8 4 13 7 1 15 
4 1 8 17 5 16 7 18 13 3 14 10 2 11 0 6 12 15 9 
3 10 8 18 4 15 9 11 1 2 7 12 13 0 17 16 6 14 5 
5 1 15 16 11 6 17 12 14 8 10 3 9 4 18 13 0 2 7 
