15 3 15
12 7 11 10 6 3 14 5 13 1 4 0 8 2 9 
12 9 2 8 0 4 1 13 5 14 3 6 10 11 7 
5 3 14 0 1 11 2 7 9 8 4 13 10 6 12 
13 6 4 10 8 9 7 2 11 1 0 3 14 5 12 
0 8 14 3 6 9 11 12 7 10 4 2 13 5 1 
1 2 5 10 4 7 11 12 9 6 13 14 3 8 0 
10 1 3 8 6 0 5 13 2 12 14 7 9 11 4 
14 4 13 11 9 7 12 5 2 0 6 8 3 1 10 
7 0 9 13 3 5 10 4 12 11 8 14 1 6 2 
2 14 6 1 12 11 8 13 0 4 10 5 3 9 7 
8 11 1 9 6 4 12 3 2 7 5 14 10 0 13 
5 6 9 0 7 12 1 14 10 2 4 8 11 3 13 
8 2 3 10 12 13 4 1 9 0 7 6 14 5 11 
11 4 14 3 10 0 2 7 13 6 9 1 8 5 12 
9 10 5 13 6 12 3 11 0 8 4 1 7 14 2 
