17 3 21
20 14 19 8 13 18 12 9 16 11 15 17 10 2 5 7 0 4 3 1 6 
6 1 3 4 0 7 5 2 10 17 15 11 16 9 12 18 13 19 14 20 8 
11 15 12 10 13 5 3 8 19 14 6 1 0 20 4 7 2 18 16 17 9 
17 16 2 9 18 7 4 0 1 6 8 20 14 19 3 13 5 12 10 11 15 
19 4 7 8 10 3 9 12 16 17 15 11 20 6 1 14 18 5 13 2 0 
0 18 2 5 13 14 20 1 6 15 11 9 17 16 3 10 8 19 12 7 4 
1 16 10 14 5 15 17 20 0 7 4 13 18 12 8 19 6 11 9 3 2 
12 9 3 11 6 8 13 2 4 20 7 19 0 17 15 5 18 14 10 16 1 
5 9 19 14 10 2 11 16 6 12 1 18 4 0 13 7 3 8 15 17 20 
18 17 15 13 4 1 2 8 3 14 6 12 19 7 0 9 16 11 10 5 20 
0 7 6 20 12 17 10 2 8 11 14 5 3 9 1 16 15 19 13 18 4 
16 19 20 3 5 8 4 15 1 18 11 9 7 2 13 10 17 0 12 6 14 
12 7 4 6 13 9 18 15 5 20 16 11 0 14 2 19 17 8 1 10 3 
8 0 11 3 18 14 4 10 17 19 20 16 13 7 1 2 9 15 5 12 6 
15 3 13 16 10 9 1 6 19 12 17 0 20 4 14 5 8 2 11 7 18 
2 5 17 7 12 18 19 14 15 9 8 6 10 3 1 4 13 16 11 20 0 
0 8 10 7 6 15 18 11 20 1 5 14 2 4 12 13 17 9 3 19 16 
