18 3 28
23 26 27 25 20 21 16 17 24 12 22 10 3 19 11 13 8 6 0 4 7 15 18 9 1 2 14 5 
5 14 1 9 18 15 7 4 0 6 8 13 11 19 3 10 22 12 24 17 16 21 20 25 27 26 23 2 
2 16 10 11 21 22 19 8 4 7 15 18 1 14 5 23 9 26 27 25 6 20 0 13 12 24 3 17 
2 3 12 24 17 13 0 6 20 25 27 26 9 23 5 14 1 18 15 7 4 21 16 8 19 22 11 10 
20 6 19 15 0 22 23 14 8 21 10 27 11 2 17 3 26 24 12 16 5 1 9 13 25 18 7 4 
4 7 18 25 13 9 26 1 5 17 24 12 3 10 11 8 14 2 23 27 20 22 19 16 21 0 15 6 
18 22 11 24 1 21 0 5 16 12 27 26 15 13 2 23 19 20 25 14 8 4 17 10 7 3 9 6 
10 6 9 3 17 25 7 4 15 27 8 0 19 16 21 14 20 23 13 12 5 2 24 11 1 26 22 18 
14 23 8 13 12 22 18 6 4 15 16 3 5 26 2 0 21 9 7 17 27 10 25 1 11 24 20 19 
14 19 20 1 16 24 26 11 27 7 9 3 25 6 2 10 18 17 22 5 12 21 4 13 23 0 8 15 
15 5 12 7 17 21 0 11 24 4 22 19 6 9 23 20 18 2 10 1 26 3 8 13 14 25 16 27 
13 16 8 19 27 0 1 21 4 17 25 5 3 10 18 20 23 2 9 6 11 22 24 14 7 26 15 12 
8 9 10 12 26 16 15 6 25 18 22 20 14 1 2 19 7 23 13 24 11 17 0 5 27 3 4 21 
24 21 7 3 26 23 19 2 1 8 14 15 20 4 18 27 11 13 12 10 0 5 16 22 17 6 25 9 
22 12 11 10 20 17 9 2 5 4 27 13 14 25 15 26 1 0 21 6 19 8 7 16 18 3 24 23 
27 11 18 23 0 4 3 6 12 22 2 17 7 14 8 19 15 24 25 1 9 10 21 26 13 5 16 20 
23 7 5 25 0 6 13 19 11 10 24 18 20 16 1 15 9 21 12 27 22 8 17 26 2 4 14 3 
5 8 3 21 17 1 12 16 23 26 18 10 9 4 20 11 24 13 15 7 0 6 25 22 14 2 19 27 
