27 3 90
72 85 77 86 82 74 70 75 71 84 88 83 81 89 87 79 78 76 68 69 67 61 80 73 60 66 64 51 62 59 54 56 55 63 52 48 57 50 58 44 65 53 45 46 40 49 47 43 38 41 39 29 26 32 31 36 42 35 27 22 37 33 30 28 18 25 23 15 34 24 21 17 20 19 9 13 12 16 14 7 10 4 6 11 1 5 3 2 0 8 
8 0 2 5 1 11 6 4 10 7 14 16 12 13 9 19 20 17 21 24 34 15 23 25 18 28 30 33 37 22 27 35 42 36 31 32 26 29 39 41 38 43 47 49 40 46 45 53 65 44 58 50 57 48 52 63 55 56 54 59 62 51 64 66 60 73 80 61 67 69 68 76 78 79 3 87 89 81 83 88 84 71 75 70 74 82 86 77 85 72 
3 68 67 62 79 80 51 54 81 66 73 63 76 57 52 44 84 65 45 82 46 40 32 77 38 39 36 27 22 30 18 23 15 21 17 9 14 4 6 2 0 72 47 33 11 1 8 5 13 20 24 37 34 25 28 41 43 85 53 10 7 16 12 19 35 42 31 26 29 49 86 74 70 75 71 88 58 83 50 48 55 89 56 60 87 59 64 61 78 69 
3 49 29 26 31 42 35 58 50 48 55 28 56 59 25 37 64 60 61 69 78 87 89 83 88 71 75 70 74 86 19 12 16 7 10 53 85 43 41 34 24 20 13 5 8 1 11 33 47 72 0 2 6 4 14 9 21 77 82 84 81 79 76 68 17 67 80 15 23 73 66 51 62 63 52 57 18 30 54 65 45 22 27 44 36 46 40 39 38 32 
38 39 32 40 46 36 44 27 22 45 65 24 20 9 13 14 5 2 0 8 54 69 78 61 64 59 87 60 56 89 70 55 88 74 86 83 75 48 50 58 35 42 31 18 30 23 15 17 72 77 82 84 85 3 52 57 76 12 63 16 73 7 66 71 81 10 51 80 79 26 19 62 67 68 1 11 49 29 6 4 21 53 43 41 25 28 34 37 33 47 
33 47 34 21 41 43 53 10 4 6 11 1 19 71 30 18 57 52 63 51 66 12 7 73 72 17 15 23 81 77 78 80 67 68 79 69 61 64 75 83 87 16 59 85 86 74 88 70 89 3 60 37 56 28 25 55 48 50 58 32 54 8 0 29 49 26 31 42 35 38 39 40 46 36 44 27 22 45 62 82 84 76 2 5 65 14 13 9 20 24 
65 53 43 41 21 47 76 84 62 89 83 74 33 82 86 55 70 20 85 35 60 87 31 14 2 5 24 64 69 45 22 27 44 36 37 46 40 39 25 59 38 28 6 4 26 29 49 54 32 79 68 67 1 80 81 66 51 71 3 11 7 73 16 12 10 72 63 78 57 52 8 0 9 13 19 34 17 15 23 50 58 30 18 77 61 42 56 48 75 88 
25 62 56 48 50 58 88 16 75 42 61 28 34 13 29 37 49 23 15 36 39 38 67 68 19 9 26 77 0 32 80 17 79 78 81 72 73 7 12 18 57 11 51 71 1 4 6 24 14 10 20 5 2 27 76 85 40 84 82 70 86 74 3 59 45 22 44 46 69 66 31 8 87 47 33 64 35 54 41 60 43 55 83 53 21 65 30 89 52 63 
17 77 26 29 49 16 63 52 76 72 30 54 18 8 71 9 13 88 46 22 60 59 40 45 19 89 87 64 41 47 65 34 28 66 44 27 57 11 79 69 35 21 33 82 84 75 53 80 48 58 50 56 3 86 51 74 70 10 81 73 2 24 85 4 5 20 14 1 6 62 42 83 31 61 0 78 32 68 67 55 12 7 38 39 25 37 43 23 36 15 
7 44 64 63 67 68 85 12 15 23 71 39 37 30 52 55 83 76 43 78 42 31 10 0 3 61 66 54 69 14 6 1 5 24 20 32 4 2 38 73 36 51 82 62 84 58 48 75 56 50 11 89 53 21 27 77 34 65 81 60 35 33 47 41 88 9 87 13 8 46 28 22 25 45 86 70 74 40 49 29 26 57 18 79 19 16 72 80 59 17 
80 19 45 59 40 22 73 14 60 20 46 81 55 15 48 12 70 82 74 51 86 33 53 84 21 56 57 9 65 8 1 18 78 79 11 72 13 71 26 36 88 29 23 43 38 49 32 61 0 37 42 16 83 75 25 3 27 34 28 62 52 89 30 41 54 68 63 47 87 66 5 4 6 69 76 39 7 67 35 31 85 77 58 64 24 2 10 50 44 17 
50 4 25 2 24 58 35 66 10 6 5 44 79 57 87 31 46 85 67 74 86 80 47 41 17 34 27 89 76 75 36 82 0 61 83 28 65 42 43 23 18 9 49 22 88 30 8 77 7 52 3 72 13 38 1 54 78 39 37 68 63 29 62 16 70 81 21 12 32 51 53 48 69 15 55 64 59 40 33 60 20 14 73 11 19 56 71 26 45 84 
45 81 7 75 35 27 11 54 26 17 38 8 2 32 23 70 87 25 56 84 73 33 66 20 69 77 68 89 30 62 19 61 10 43 57 58 3 40 59 24 78 39 37 28 88 63 64 13 18 1 14 65 15 21 9 76 55 50 47 0 67 60 31 48 44 16 52 72 83 49 74 86 80 53 5 22 34 51 41 36 12 46 6 4 29 85 82 71 42 79 
41 5 84 42 72 32 29 16 79 6 36 78 48 56 53 51 52 82 12 60 55 22 0 74 67 50 21 14 3 40 15 64 17 44 59 24 77 31 58 4 19 39 69 45 62 71 63 49 1 54 43 85 68 18 25 70 38 7 28 30 83 80 87 47 88 23 86 9 13 33 65 2 34 76 61 26 8 46 10 35 27 89 11 20 75 37 57 73 81 66 
30 68 86 69 11 81 34 83 47 9 37 49 65 1 14 39 28 89 61 75 42 46 31 63 79 44 59 58 57 87 62 8 2 3 27 71 26 45 85 17 19 29 4 36 25 53 51 55 41 24 84 73 22 5 20 80 60 76 48 18 15 67 0 50 10 13 56 64 72 33 40 12 77 52 35 16 38 7 32 23 21 82 88 54 43 6 66 70 78 74 
38 37 13 66 88 18 82 20 80 4 78 10 83 24 70 52 61 34 64 40 62 43 33 76 77 3 23 25 50 26 71 35 53 8 69 12 48 29 65 54 30 7 36 85 45 31 74 67 6 21 59 16 72 84 0 56 5 73 11 55 15 17 19 39 63 41 22 27 87 75 79 42 51 57 44 81 89 46 9 2 86 49 60 47 68 1 14 58 32 28 
70 28 1 15 27 21 7 46 50 60 64 22 82 6 73 40 32 88 85 51 63 89 54 75 72 49 0 9 16 43 17 36 48 66 55 41 37 57 2 3 38 35 79 42 8 74 86 65 77 67 20 5 10 33 76 13 47 25 84 87 26 71 39 61 62 23 83 18 19 81 56 80 58 45 69 34 4 52 14 53 44 24 11 59 29 12 68 30 31 78 
76 47 9 13 55 89 85 68 39 74 73 57 56 45 54 51 12 22 53 58 78 19 59 75 31 6 52 10 30 29 16 25 77 33 23 2 14 35 36 34 80 87 32 20 7 4 5 71 3 49 86 83 44 42 11 72 79 65 48 66 28 43 84 40 0 64 46 67 88 60 37 70 81 17 21 38 18 63 1 82 50 24 41 27 62 26 15 69 8 61 
8 69 72 18 84 41 26 86 49 15 24 67 33 70 53 23 4 46 27 61 17 80 44 87 31 25 63 14 81 39 88 11 74 82 5 48 58 66 71 19 59 77 9 43 21 12 40 10 47 32 68 6 34 38 13 0 50 52 83 60 3 78 64 62 56 20 2 51 28 75 45 7 36 54 29 16 76 37 30 1 42 85 65 79 57 22 73 89 55 35 
67 60 2 35 3 16 18 57 55 62 0 32 21 1 40 11 65 29 88 52 43 56 12 85 14 47 20 10 78 44 45 71 58 89 46 73 39 76 61 8 83 26 36 70 4 33 28 79 37 86 15 77 24 81 64 51 7 69 66 87 68 17 84 42 41 50 75 34 6 80 30 19 54 13 59 38 48 22 9 82 5 49 27 63 72 31 53 74 23 25 
19 59 5 73 30 38 42 85 23 74 2 31 13 65 17 75 63 6 69 54 64 81 43 50 53 68 82 60 76 79 15 28 20 66 32 41 12 11 48 87 26 29 46 35 14 27 36 62 8 72 1 70 34 88 22 86 7 4 51 78 80 24 89 52 45 71 37 61 9 21 83 3 44 57 16 18 49 40 25 58 77 39 47 56 84 33 0 67 10 55 
44 7 64 29 83 35 10 77 14 51 61 68 13 49 78 0 80 27 41 34 36 56 81 6 58 72 52 26 25 54 47 24 57 50 84 1 19 55 18 33 53 37 8 22 82 28 60 45 39 62 75 21 48 4 9 69 89 79 38 67 71 85 20 66 63 59 74 86 15 65 3 23 17 40 32 46 5 73 30 2 70 76 42 88 87 16 43 31 11 12 
37 12 79 87 38 47 5 21 48 6 46 86 28 58 20 52 9 88 56 3 16 27 15 31 39 73 30 71 49 74 84 23 4 57 22 76 63 55 7 68 26 29 40 53 61 80 89 43 70 2 33 24 60 1 25 44 35 17 32 85 62 75 59 72 34 78 45 50 81 67 10 0 65 77 83 41 66 11 82 69 54 18 42 64 36 19 8 51 14 13 
24 79 66 60 71 89 50 15 8 83 11 69 10 65 38 18 34 13 16 31 82 68 88 14 30 23 78 42 67 84 33 48 54 2 17 77 49 22 41 55 20 73 28 51 32 85 47 64 5 58 74 0 45 52 59 27 43 81 80 75 25 12 62 46 53 61 1 39 3 87 35 40 76 4 57 44 19 56 21 29 9 70 6 7 37 86 63 36 72 26 
44 59 74 65 61 21 43 86 19 77 4 45 26 18 42 88 62 66 67 60 72 57 5 58 89 7 6 28 51 11 70 71 14 87 39 32 36 20 56 75 31 76 78 9 23 69 27 33 2 48 12 50 35 3 0 80 41 81 22 82 10 47 63 40 1 79 64 16 85 30 49 46 29 54 25 34 24 53 15 83 73 38 55 13 84 68 37 52 17 8 
87 40 25 36 64 1 55 63 82 13 44 62 29 52 58 5 54 11 12 61 65 53 42 37 17 80 2 74 16 32 86 85 7 22 56 81 27 48 83 30 72 23 20 21 19 66 38 14 50 73 0 70 46 77 41 84 4 35 31 43 49 15 78 69 75 28 67 60 47 6 45 57 26 76 71 68 34 18 59 89 8 10 9 79 24 39 33 3 51 88 
39 46 66 18 55 31 65 51 76 38 26 6 58 88 85 84 34 32 82 53 8 54 44 24 86 71 21 89 12 5 48 80 87 78 83 72 77 74 61 79 70 64 63 73 69 45 67 59 68 50 81 13 62 52 60 47 28 75 20 42 56 37 40 23 36 14 57 41 43 49 33 27 30 29 15 35 22 25 9 7 19 17 1 3 4 16 2 11 0 10 
