24 3 60
54 52 47 46 53 56 58 57 59 55 51 42 41 50 39 49 44 48 37 43 38 40 27 31 3 45 32 24 26 30 28 20 16 22 36 35 14 33 25 17 34 23 13 19 29 12 15 18 10 11 7 1 2 8 9 21 5 4 0 6 
6 0 4 5 21 9 8 2 1 7 11 10 18 15 12 29 19 13 23 34 17 25 33 14 35 36 22 20 28 30 26 24 32 45 3 31 27 40 38 43 37 48 44 49 39 50 41 42 51 55 59 57 58 56 53 46 16 47 52 54 
16 42 50 37 38 58 39 31 23 7 56 55 48 45 32 46 28 22 33 17 29 12 10 9 21 4 54 30 0 15 6 34 5 11 36 20 52 47 8 2 1 18 19 13 25 14 35 26 24 51 53 3 27 40 43 44 49 59 57 41 
25 14 35 19 16 24 13 26 18 3 27 40 43 44 49 41 51 59 57 1 53 2 8 47 52 20 36 11 5 34 6 15 0 30 54 4 21 9 46 56 58 55 42 39 48 10 50 37 31 45 32 12 29 38 17 28 33 22 7 23 
30 34 41 22 52 33 28 17 29 12 32 45 15 10 2 8 21 4 0 46 48 55 56 23 7 58 42 16 57 59 49 44 43 40 27 3 53 51 18 26 13 24 19 35 14 25 54 47 38 31 37 50 39 6 5 9 1 11 36 20 
20 36 23 12 17 11 1 9 31 39 5 6 38 37 50 57 59 53 41 49 51 44 43 40 27 47 3 10 54 24 26 13 18 35 19 7 14 25 22 33 29 52 16 28 46 32 45 48 55 42 56 58 0 4 21 8 2 15 30 34 
51 26 48 55 59 15 14 25 54 3 49 56 46 11 7 21 36 8 2 4 53 57 0 28 45 32 24 52 29 33 22 1 9 5 6 50 39 37 38 31 35 13 19 10 47 16 42 44 43 40 27 18 23 17 12 34 30 58 41 20 
20 34 30 18 27 40 43 44 19 35 13 10 58 47 33 28 38 37 50 42 6 5 39 9 53 1 2 8 46 29 24 0 57 4 21 56 54 15 52 22 41 36 11 16 49 25 14 7 3 59 26 51 12 17 23 55 48 45 32 31 
47 19 35 32 45 31 4 7 51 0 21 49 41 39 1 3 14 58 18 34 11 6 54 40 44 59 55 17 20 12 30 23 16 42 52 22 36 38 15 56 29 50 9 48 24 27 57 46 37 5 26 53 2 8 28 25 43 10 13 33 
13 43 27 25 26 22 5 31 57 24 23 8 2 10 48 9 29 58 32 53 17 12 52 7 37 50 36 11 46 34 3 56 14 15 20 16 55 41 30 47 38 54 59 44 6 39 21 18 40 0 1 51 42 45 49 4 33 28 19 35 
15 53 9 24 38 42 8 33 28 44 49 23 36 22 35 54 4 40 43 6 30 20 45 59 12 58 48 0 18 55 51 2 26 16 41 34 37 17 31 3 1 21 14 47 7 10 13 5 46 27 32 25 11 50 19 52 56 57 29 39 
57 56 29 39 2 50 5 1 21 33 25 28 26 27 42 51 19 18 13 0 46 38 47 10 45 59 30 55 12 52 20 40 6 44 11 32 14 3 17 34 16 7 31 37 48 41 58 43 35 23 49 15 4 36 24 8 54 53 9 22 
16 14 3 40 12 29 52 6 22 54 11 39 58 4 32 10 41 49 13 31 0 45 19 35 25 47 43 28 36 8 33 53 46 5 37 57 9 56 34 50 23 27 48 21 17 51 42 1 7 30 24 15 2 55 26 20 18 59 44 38 
37 59 46 18 36 21 1 17 16 48 30 20 51 33 8 41 24 7 19 5 31 26 43 45 50 2 23 22 4 28 53 39 56 49 42 44 9 11 25 54 15 58 35 38 32 29 57 27 14 34 12 13 6 52 47 55 10 3 0 40 
44 55 56 3 42 24 15 50 17 41 37 52 59 34 57 0 7 35 9 8 47 10 38 53 31 13 20 32 11 25 2 18 58 19 12 26 27 28 48 4 51 23 16 30 5 22 33 45 36 49 1 6 29 40 39 21 54 43 14 46 
32 30 11 20 55 53 46 45 54 10 6 14 26 40 33 27 38 15 51 1 23 34 57 9 16 50 17 29 35 39 56 43 4 8 36 49 0 44 52 24 19 21 5 58 48 47 13 37 28 31 3 12 59 25 2 22 7 18 42 41 
4 28 47 34 14 2 31 37 5 48 43 52 24 17 1 22 36 0 27 6 40 55 46 49 58 12 35 29 44 38 33 45 25 16 11 41 18 59 54 42 39 23 26 56 20 30 13 21 9 53 7 57 15 19 51 50 3 8 32 10 
7 42 23 53 5 47 13 25 49 48 4 18 50 15 56 10 43 19 44 32 28 8 3 39 17 21 46 41 59 16 37 29 31 40 38 14 26 20 12 55 0 54 6 34 2 9 57 36 52 58 30 27 22 11 24 35 1 33 45 51 
54 18 9 51 0 15 27 45 41 36 12 35 29 58 7 50 24 30 42 1 17 33 14 21 10 57 31 25 16 37 55 46 22 8 39 6 3 2 53 43 48 56 23 40 32 59 28 19 4 11 20 47 13 34 52 26 49 38 44 5 
12 22 8 13 11 9 40 59 50 48 38 57 34 19 6 52 2 45 26 20 42 3 21 43 54 16 55 29 4 23 39 51 28 44 56 1 5 30 25 35 32 7 37 47 24 31 15 46 49 33 36 14 17 10 41 0 18 27 53 58 
49 20 22 23 39 0 21 57 46 34 32 43 19 38 53 37 35 52 44 26 2 6 25 1 33 24 14 7 27 30 59 58 36 15 13 45 42 11 18 28 3 48 47 9 41 56 12 17 5 16 4 10 50 31 54 55 8 29 51 40 
36 55 38 5 40 14 21 35 24 51 12 10 25 59 27 31 0 56 54 28 45 1 7 20 58 3 26 41 44 4 34 32 2 13 50 53 22 18 49 9 52 29 19 48 11 37 42 57 15 43 17 46 30 23 33 39 47 8 6 16 
49 33 54 17 48 44 52 47 6 34 50 11 46 29 13 23 51 35 12 8 56 42 53 39 7 15 43 5 58 45 20 57 21 31 3 32 59 22 40 4 18 16 38 2 28 1 10 9 41 0 26 37 14 24 55 25 36 27 30 19 
15 43 40 30 3 8 34 56 57 53 35 33 55 37 44 58 54 50 52 41 59 49 51 23 46 47 29 32 45 39 31 38 42 48 36 26 28 14 24 27 22 21 13 18 25 20 19 12 17 2 16 10 11 7 9 6 4 5 1 0 
