23 3 50
46 47 36 49 41 44 43 48 37 45 42 32 39 25 38 35 18 31 30 21 33 40 26 34 27 28 23 29 9 17 16 12 3 22 13 11 8 10 20 14 15 7 19 5 24 2 4 6 1 0 
0 1 6 2 24 5 19 7 15 14 20 10 8 11 13 22 3 12 16 17 9 29 23 28 27 34 26 40 33 21 30 31 18 4 35 38 25 39 32 42 45 37 48 43 44 41 49 36 47 46 
35 38 45 4 26 40 27 34 9 28 16 12 3 22 8 43 13 10 20 7 36 19 2 1 0 46 6 47 24 5 49 15 41 14 44 37 29 23 11 48 42 17 32 39 25 18 31 30 21 33 
4 33 21 30 31 18 17 25 39 42 11 23 29 32 37 48 44 14 41 15 49 5 24 47 6 46 0 1 2 36 19 7 10 43 20 8 3 45 13 22 12 16 38 35 28 9 34 27 40 26 
0 6 24 7 20 43 47 46 22 12 30 16 28 21 14 40 26 25 32 9 42 34 39 48 37 41 49 44 4 11 29 13 27 45 38 33 31 18 17 35 23 3 10 15 8 19 36 5 2 1 
1 2 19 5 13 8 3 18 15 10 31 33 27 44 48 34 32 36 23 29 11 49 41 37 39 42 25 17 4 26 40 9 28 35 38 14 21 30 16 12 22 46 47 45 7 6 20 43 24 0 
41 9 32 16 2 10 23 25 26 30 22 40 5 43 24 6 35 17 36 31 15 18 27 45 47 38 42 37 3 19 0 33 1 46 4 20 7 12 21 39 14 11 29 49 34 44 28 13 8 48 
28 12 45 38 35 17 49 48 11 8 29 39 34 44 14 21 46 20 7 1 33 0 42 5 19 37 47 36 27 24 15 22 3 43 6 4 30 25 23 10 2 18 31 9 26 13 41 40 16 32 
23 27 14 39 15 48 31 18 13 21 28 9 43 19 3 37 7 24 40 42 20 46 1 16 36 33 0 6 47 8 38 45 30 35 32 4 17 41 26 2 25 22 5 29 10 44 34 49 11 12 
11 36 20 44 34 35 40 31 10 29 13 26 25 8 49 12 18 6 3 47 37 5 22 2 4 32 0 33 16 30 1 46 24 19 45 42 41 43 48 7 21 9 28 15 14 38 39 17 23 27 
42 7 22 19 21 49 17 38 13 43 15 26 14 23 29 10 44 27 2 45 16 41 39 4 34 32 12 30 8 33 28 9 1 0 46 3 24 11 47 5 20 36 35 37 40 18 31 48 25 6 
45 41 47 6 36 11 48 27 24 5 1 46 30 0 33 8 17 28 39 38 16 9 18 12 32 13 2 49 4 40 26 10 29 23 31 44 34 15 43 22 25 7 37 20 3 14 21 19 35 42 
25 33 3 1 40 20 14 24 2 37 35 28 9 23 4 34 15 49 32 27 44 10 17 38 41 7 13 6 46 48 19 18 43 29 5 45 22 8 47 39 0 21 12 30 36 16 42 31 11 26 
16 0 30 21 22 37 42 47 29 7 8 45 19 18 46 3 31 48 12 5 44 4 26 35 25 40 13 36 20 11 10 23 39 2 38 17 6 27 14 43 15 28 49 9 41 1 24 34 32 33 
37 26 43 49 46 9 15 13 39 38 12 6 36 17 11 5 7 1 41 19 28 33 21 31 34 45 25 29 10 0 48 35 32 4 2 47 42 24 16 14 20 40 30 22 3 18 8 23 27 44 
32 3 43 23 22 34 17 28 42 18 44 38 24 30 27 5 49 2 47 9 14 35 33 25 26 48 31 12 0 8 40 36 41 20 39 10 11 15 4 16 45 13 19 46 29 21 1 6 7 37 
29 10 32 16 6 13 41 14 20 1 45 25 11 15 31 7 9 44 40 39 12 26 8 27 42 35 23 24 47 28 30 43 46 19 2 4 36 21 48 37 0 3 22 33 18 49 5 34 38 17 
23 8 40 25 48 19 2 21 0 31 33 46 44 1 27 30 41 11 34 14 9 49 6 16 38 37 24 3 39 20 5 4 22 42 36 35 7 45 32 43 26 13 10 47 28 12 17 18 29 15 
39 18 47 3 29 10 17 45 24 42 33 12 32 6 27 34 36 19 9 22 48 37 21 20 15 35 28 7 41 43 38 11 44 1 49 31 46 26 16 40 0 2 5 23 8 13 4 30 14 25 
20 35 39 41 2 46 25 3 21 13 43 36 44 45 14 26 18 5 17 30 16 15 8 7 49 37 0 28 22 32 1 6 40 23 24 12 11 33 27 48 29 34 19 47 10 31 38 42 4 9 
26 16 42 27 7 5 12 19 38 20 13 48 31 15 14 10 30 47 6 23 18 24 40 11 49 3 0 35 8 36 37 44 25 28 41 34 9 1 43 21 46 29 2 17 22 39 33 45 4 32 
9 8 2 11 16 42 41 1 29 19 47 37 28 46 22 15 23 0 43 4 27 45 7 26 35 40 12 32 18 5 36 24 14 31 34 17 20 21 30 6 10 25 39 48 3 49 38 33 13 44 
25 7 31 46 5 42 0 29 45 2 41 19 34 1 18 16 28 49 37 12 44 13 47 33 9 40 43 36 15 38 30 48 22 17 32 35 14 26 39 23 8 24 20 4 3 10 6 21 27 11 
