18 3 25
17 23 19 18 21 3 22 20 12 13 16 15 14 2 24 10 11 9 7 1 0 4 5 6 8 
8 6 5 4 0 1 7 9 11 24 2 14 15 16 13 12 20 22 3 21 18 19 23 17 10 
10 16 15 2 22 3 21 18 4 19 5 17 8 1 6 11 23 0 7 9 24 12 20 14 13 
14 13 24 12 20 9 7 11 0 6 1 8 10 23 17 5 19 4 18 21 3 22 2 16 15 
7 9 21 0 5 3 19 17 15 4 10 13 14 20 23 6 8 12 16 24 2 18 22 1 11 
18 23 11 1 22 2 10 20 12 24 15 16 6 8 13 14 4 17 19 3 5 0 21 9 7 
14 1 6 3 16 17 0 11 9 21 22 8 18 20 12 5 4 10 13 15 2 24 7 23 19 
19 7 24 2 13 4 5 22 16 12 23 18 8 10 21 9 0 11 17 3 6 1 14 15 20 
8 20 15 3 22 0 23 5 17 13 1 7 2 19 11 18 14 9 21 24 6 16 10 4 12 
4 6 15 10 12 20 21 9 11 16 24 19 14 2 23 1 18 7 5 3 13 17 0 8 22 
12 2 17 0 8 16 13 24 14 19 6 23 10 7 15 22 3 5 20 4 1 9 21 18 11 
11 5 18 21 9 10 12 1 23 4 14 22 3 8 7 6 19 24 15 0 17 13 16 2 20 
24 22 21 9 7 8 1 10 4 18 13 16 2 20 15 17 6 0 3 14 23 5 11 19 12 
18 19 5 11 16 20 0 3 23 15 12 9 6 2 7 22 14 13 8 4 1 10 17 24 21 
20 4 7 13 19 17 1 21 8 22 12 11 5 10 14 15 0 6 18 2 24 9 23 3 16 
23 10 14 17 2 12 11 13 3 21 1 9 0 18 16 5 15 19 4 24 8 20 22 7 6 
16 3 6 22 20 24 18 7 11 17 23 12 14 4 8 0 21 1 2 9 15 19 5 13 10 
5 2 4 6 19 13 9 1 24 0 11 17 21 14 15 7 12 16 18 22 10 23 20 3 8 
