14 3 15
1 14 11 0 12 9 10 6 4 13 7 3 8 2 5 
3 2 5 8 7 6 10 13 14 9 1 4 12 0 11 
7 13 12 8 5 2 3 11 0 4 1 9 14 6 10 
4 6 10 0 11 9 5 2 14 8 3 7 12 13 1 
3 12 9 0 1 13 7 10 6 11 14 5 2 8 4 
4 8 11 14 2 13 10 6 12 1 5 3 7 9 0 
9 5 13 10 1 8 0 12 4 2 3 14 11 7 6 
14 6 7 4 0 1 5 2 9 11 12 3 8 13 10 
11 2 1 0 10 13 3 8 4 9 5 6 7 12 14 
5 12 10 6 8 9 7 14 3 4 11 1 2 0 13 
14 13 11 9 2 7 4 8 3 0 12 5 10 6 1 
5 1 6 4 7 12 13 14 10 2 0 8 11 3 9 
7 9 2 6 1 10 3 11 0 12 4 14 8 5 13 
0 3 14 8 1 13 6 10 2 4 7 5 9 11 12 
