25 3 70
67 60 68 63 64 66 56 61 65 52 69 54 62 57 51 55 58 37 53 49 59 48 43 44 38 33 47 45 50 46 36 26 32 40 30 34 29 39 42 41 24 22 31 23 11 35 14 17 25 15 7 18 28 16 8 13 6 12 21 27 20 5 19 0 2 4 10 9 3 1 
1 3 9 10 4 2 0 19 5 20 27 21 12 13 8 16 28 18 7 15 25 17 14 35 11 23 31 22 24 41 42 39 29 34 30 40 32 26 36 46 50 45 47 33 38 44 43 48 59 49 53 37 58 55 51 57 62 54 69 52 65 6 61 56 66 64 63 68 60 67 
6 43 51 57 62 37 49 48 33 47 52 65 56 26 40 30 34 39 11 14 68 42 35 7 0 41 31 8 10 9 18 13 20 19 1 21 27 67 3 4 5 12 16 28 22 15 60 2 25 24 63 46 17 29 64 66 23 32 36 50 61 45 59 53 69 54 38 44 58 55 
6 25 17 23 32 38 44 58 55 2 16 15 22 28 24 29 36 46 50 45 59 53 54 69 61 66 64 63 60 12 5 4 3 67 27 21 1 19 20 13 18 9 10 68 56 65 52 37 33 47 30 39 42 41 31 8 0 62 57 51 49 48 43 26 40 34 11 35 14 7 
34 40 26 18 12 21 27 20 19 10 9 1 54 69 53 59 45 61 50 36 66 64 29 46 63 24 60 67 2 28 15 22 16 6 55 58 44 38 7 35 14 32 23 17 11 48 49 62 57 25 43 51 0 8 31 41 42 39 68 30 56 65 52 47 33 37 3 4 5 13 
8 13 31 5 41 0 7 35 4 3 42 68 14 11 39 30 52 65 56 47 33 48 49 37 55 51 43 58 44 62 38 57 61 6 69 54 53 59 32 45 50 36 23 64 66 17 60 63 46 29 24 1 22 9 10 2 19 20 12 25 15 16 67 34 40 26 28 27 21 18 
46 39 43 66 64 28 15 16 47 69 54 23 17 25 11 14 35 7 2 67 26 9 10 19 59 40 34 37 33 13 65 20 50 5 56 57 38 3 52 51 62 55 58 4 0 18 68 49 21 44 29 27 60 22 1 12 63 6 8 48 53 31 41 42 30 36 45 61 32 24 
24 36 45 22 32 41 31 48 61 30 42 63 60 53 8 1 27 29 21 12 44 68 18 40 26 34 4 0 25 49 62 51 57 58 55 13 52 3 38 5 33 37 56 50 65 59 28 2 67 16 9 10 20 19 17 23 35 66 64 6 7 14 11 39 54 69 43 47 15 46 
53 24 38 62 47 58 56 51 15 20 67 12 0 65 4 8 63 2 1 60 42 10 30 50 9 32 14 11 23 69 3 7 54 64 66 6 35 13 61 21 45 28 5 55 34 36 59 26 33 40 37 43 16 31 41 27 29 52 25 48 19 22 49 68 18 46 39 17 57 44 
57 46 44 49 18 19 29 17 52 63 27 48 41 22 43 20 37 33 59 5 61 3 31 13 45 36 54 68 55 21 69 11 32 14 9 4 7 0 6 58 35 40 15 47 39 16 28 67 64 66 50 34 10 26 2 65 51 25 24 30 42 53 8 12 1 23 60 56 62 38 
57 11 23 5 49 25 35 66 10 60 69 16 28 1 50 34 42 32 30 65 12 15 44 39 33 21 8 4 67 61 56 58 26 47 46 24 53 17 68 31 22 19 43 36 6 51 18 48 41 52 64 0 55 45 27 38 40 54 3 29 7 9 2 14 20 13 37 59 63 62 
14 16 2 38 39 55 68 31 13 59 62 37 25 7 40 54 27 64 9 26 48 45 3 41 52 29 17 18 46 36 43 19 56 23 8 6 44 12 53 34 30 60 42 67 24 50 33 15 1 63 51 47 66 35 0 58 69 5 28 61 11 49 4 21 20 65 10 57 32 22 
7 22 28 40 55 21 0 19 61 67 29 33 35 54 15 42 12 23 30 2 47 52 60 64 18 3 57 4 9 51 36 62 68 31 32 20 43 38 17 53 24 41 10 56 48 6 44 39 46 26 65 49 11 69 1 58 50 8 25 27 16 5 66 63 59 34 37 45 13 14 
30 28 45 27 50 37 59 14 65 58 34 41 13 32 1 69 10 66 5 11 8 63 20 17 49 3 38 57 64 62 0 51 53 24 25 40 43 39 46 48 6 36 18 2 22 60 26 4 47 44 56 9 68 52 16 21 61 15 35 54 31 33 23 67 12 7 42 19 29 55 
58 68 4 20 33 29 23 26 21 42 51 54 13 63 67 61 8 15 19 22 7 34 69 45 46 1 56 44 48 39 38 16 10 49 24 59 52 12 37 66 3 25 14 2 11 5 6 41 65 50 35 62 9 31 18 60 27 55 40 0 47 43 36 53 17 64 32 57 28 30 
53 0 26 44 56 36 43 48 64 17 39 3 32 9 31 35 47 22 37 46 57 15 27 55 63 50 42 20 60 18 62 61 5 65 12 6 52 25 59 2 14 10 66 7 38 67 34 8 16 40 1 21 4 69 13 49 11 23 24 30 29 54 41 68 28 45 51 19 58 33 
51 11 66 41 14 24 18 17 52 60 34 59 42 9 30 12 54 55 16 35 49 5 50 45 48 56 67 39 28 44 1 19 23 36 13 6 57 29 40 4 7 63 8 65 68 27 46 38 25 26 31 62 32 2 20 64 58 15 37 22 43 53 3 10 61 0 21 47 33 69 
25 24 40 69 10 51 47 53 31 49 33 64 8 21 6 65 13 29 27 54 68 16 39 61 32 43 60 20 37 30 4 57 36 23 0 62 19 59 2 1 55 58 18 14 46 28 41 45 7 22 34 17 5 63 15 66 3 11 38 12 42 50 67 35 9 52 26 44 56 48 
12 38 55 52 5 34 43 11 45 62 14 66 2 46 61 4 20 29 3 8 22 58 27 65 15 31 33 50 67 44 36 57 56 47 18 1 53 37 25 64 19 26 28 30 7 49 10 41 23 32 68 13 60 6 35 63 39 9 54 40 16 48 59 51 21 17 0 24 69 42 
6 32 9 3 69 11 41 37 59 38 48 19 56 54 49 10 22 44 7 42 4 35 16 52 24 15 63 26 0 57 17 68 34 1 67 13 20 53 18 47 14 58 45 21 61 46 51 43 62 33 23 50 30 64 2 36 28 31 29 40 66 5 60 27 65 12 39 8 25 55 
7 18 25 65 5 50 1 62 68 23 57 60 20 35 29 40 41 64 39 45 17 59 30 13 42 2 43 47 0 31 55 33 28 27 24 16 54 10 36 51 67 21 48 46 14 49 69 6 3 9 22 26 66 52 58 53 32 63 12 56 19 37 44 15 11 4 61 8 38 34 
37 61 35 46 21 66 51 15 0 48 58 17 19 53 26 28 49 3 34 8 9 13 39 30 67 40 10 27 63 47 56 55 25 45 68 41 11 23 52 5 7 69 14 57 64 50 4 12 43 38 1 36 31 22 62 16 33 59 65 54 44 60 6 18 32 20 42 2 24 29 
16 4 56 66 21 18 59 31 50 15 64 41 65 32 22 43 19 38 12 37 27 47 42 36 14 63 13 44 69 39 20 58 10 49 24 55 5 9 61 48 30 54 8 2 35 57 7 60 26 23 3 11 17 28 33 51 68 53 45 34 67 1 29 46 62 6 25 52 0 40 
2 57 36 39 67 62 11 44 17 54 55 8 40 69 66 1 43 63 65 52 25 14 0 68 3 38 33 10 20 45 9 60 29 7 21 59 5 22 19 32 18 53 31 23 35 37 58 4 24 64 51 61 42 12 27 56 50 41 46 13 30 28 47 49 15 16 34 6 48 26 
28 13 7 56 51 38 45 12 68 15 48 26 24 29 22 53 10 39 9 65 23 0 17 19 25 49 62 50 4 66 21 1 40 36 27 60 63 35 2 34 47 52 46 11 42 32 67 16 43 3 54 5 30 64 18 14 41 44 59 57 37 58 69 8 55 31 6 61 20 33 
