15 3 17
10 15 16 8 14 13 9 0 11 7 12 5 4 6 2 3 1 
1 3 2 6 4 5 10 12 7 11 0 9 13 14 8 16 15 
9 0 14 8 5 16 3 6 1 15 2 4 12 7 11 13 10 
11 7 12 4 13 2 15 1 6 3 16 8 14 9 0 10 5 
12 7 5 14 8 15 10 1 2 3 13 0 9 11 4 16 6 
6 13 16 4 11 5 0 9 10 1 3 2 15 8 14 7 12 
2 3 14 0 1 16 13 12 10 15 5 7 6 8 4 11 9 
1 9 10 4 8 13 6 7 15 12 14 16 3 11 2 5 0 
0 11 6 3 15 10 9 5 7 16 13 14 2 4 8 12 1 
2 5 11 8 12 4 16 10 14 7 9 3 6 1 15 0 13 
16 15 3 6 12 11 8 1 0 4 2 9 7 5 10 14 13 
13 14 4 7 10 9 1 5 0 2 11 15 3 6 12 8 16 
8 10 5 12 2 6 0 9 11 13 3 7 15 1 14 16 4 
10 15 7 3 5 11 13 4 0 8 16 1 12 14 9 2 6 
10 14 6 1 13 2 16 9 8 12 11 0 5 4 15 7 3 
