17 3 24
3 2 0 8 11 6 9 5 13 15 17 20 23 22 16 14 19 18 21 12 7 4 10 1 
12 21 4 1 10 7 18 14 16 22 23 20 13 15 9 8 19 6 2 17 5 11 3 0 
22 14 18 19 17 15 7 10 1 4 12 0 3 11 5 21 2 6 8 9 13 16 20 23 
16 13 23 5 6 19 20 11 9 8 0 2 3 10 1 4 7 12 21 18 14 17 22 15 
7 21 11 0 3 4 12 15 20 17 19 23 13 18 14 16 8 5 6 22 2 1 9 10 
8 1 10 17 2 9 14 23 11 22 20 6 16 15 4 21 18 13 5 0 12 7 3 19 
21 9 19 5 15 16 22 18 6 23 1 12 3 0 10 17 2 11 7 14 8 20 13 4 
13 20 6 12 14 22 5 2 10 4 3 8 18 21 7 11 1 0 19 23 16 15 17 9 
23 16 7 17 15 4 2 3 0 9 10 1 5 6 19 18 13 22 21 8 20 14 11 12 
17 8 19 12 14 18 20 0 13 9 1 15 16 4 11 21 10 7 3 2 22 23 6 5 
11 10 2 15 3 7 22 5 13 16 14 12 9 17 1 19 8 0 18 23 6 4 20 21 
0 1 20 18 23 8 22 5 4 17 21 9 2 10 3 12 6 19 15 16 14 7 11 13 
6 9 4 15 22 20 11 1 19 23 14 21 13 17 7 3 18 10 0 16 8 12 2 5 
17 16 5 13 18 14 3 7 10 2 4 23 11 12 21 19 20 6 8 22 9 15 0 1 
1 21 15 2 19 4 12 22 5 0 8 6 14 23 11 7 3 10 20 17 13 16 18 9 
10 23 3 4 12 1 9 13 11 6 17 2 8 0 19 16 7 14 21 20 5 15 22 18 
13 10 0 21 16 15 14 20 9 8 11 7 17 12 4 19 23 22 2 5 1 18 6 3 
