17 3 23
21 17 18 22 20 4 16 19 10 7 15 13 2 9 3 0 8 11 14 6 12 1 5 
5 1 12 6 14 11 8 0 9 2 13 15 7 10 19 16 4 20 22 18 17 3 21 
3 19 16 13 2 8 20 11 6 17 1 5 21 12 14 18 9 22 0 4 15 7 10 
3 15 7 10 4 0 14 22 9 18 12 21 5 1 17 6 11 20 8 16 19 2 13 
11 18 8 9 13 0 4 2 16 22 1 12 5 14 21 6 3 17 20 19 10 7 15 
10 6 7 15 20 17 21 12 1 5 3 22 2 4 13 19 16 0 9 18 14 8 11 
14 16 0 19 21 4 8 13 5 15 17 12 7 11 3 10 20 6 18 22 1 2 9 
9 1 22 20 2 10 11 19 12 17 15 7 8 18 6 21 14 0 3 16 5 13 4 
18 14 7 11 17 12 4 15 13 19 9 2 5 1 20 3 16 6 10 0 21 8 22 
6 10 22 5 8 4 21 16 14 2 9 0 3 1 18 20 15 11 13 7 19 17 12 
5 19 0 2 7 22 20 3 9 13 18 15 1 4 8 21 6 10 12 17 11 14 16 
12 1 17 13 22 21 11 15 0 6 18 16 8 10 20 9 19 3 14 2 4 7 5 
9 4 12 20 7 14 0 16 18 10 17 6 19 11 2 21 22 1 3 13 8 15 5 
15 11 18 14 21 2 20 8 19 22 5 17 1 10 3 7 9 16 6 4 0 12 13 
6 10 1 16 13 7 4 9 5 15 3 2 17 14 12 21 8 22 19 11 18 20 0 
19 9 12 8 6 21 20 15 0 11 5 13 7 14 2 17 16 18 4 10 1 22 3 
10 17 2 5 11 18 22 7 0 16 13 15 19 14 12 21 6 20 1 4 3 8 9 
