17 3 22
17 21 19 18 6 12 20 16 11 2 14 5 1 8 10 0 15 13 9 3 7 4 
4 7 3 9 13 15 0 10 8 1 14 2 11 16 20 12 6 18 19 21 5 17 
1 5 16 12 18 2 15 21 9 17 4 7 13 3 14 19 0 10 6 8 11 20 
8 10 0 5 20 11 6 19 14 3 7 13 4 17 9 21 15 18 12 16 2 1 
13 19 7 21 9 14 11 1 20 17 15 8 4 3 5 6 2 16 12 10 18 0 
6 0 2 3 4 15 18 16 17 5 11 20 10 12 8 1 21 19 14 9 13 7 
14 12 20 1 11 9 7 0 19 18 10 21 2 16 6 4 3 13 8 15 17 5 
10 8 17 16 15 13 2 18 3 6 0 7 9 21 19 1 12 5 4 20 11 14 
11 12 13 16 3 17 14 4 21 6 10 5 20 19 0 2 7 1 8 18 9 15 
21 18 8 15 4 7 2 5 1 20 19 0 12 6 14 17 3 13 9 10 16 11 
10 9 6 20 18 17 5 3 1 2 14 8 13 19 12 15 4 21 7 11 0 16 
4 16 11 0 7 12 19 5 15 8 9 21 10 3 17 18 6 13 14 1 2 20 
2 14 21 0 13 17 5 3 9 16 8 1 11 18 7 15 20 10 4 12 19 6 
15 19 16 1 20 13 2 6 21 7 18 10 11 4 9 12 8 14 17 0 5 3 
18 19 17 9 12 5 10 0 7 20 16 1 15 14 3 11 6 8 2 13 21 4 
6 4 3 1 13 12 11 8 2 14 5 7 20 16 15 9 17 21 0 19 18 10 
16 9 14 4 1 18 11 3 0 12 21 19 8 15 10 20 17 5 7 6 2 13 
