18 3 27
11 18 26 24 21 23 25 19 22 10 5 8 17 20 12 16 15 13 2 4 7 6 0 9 14 1 3 
3 1 14 9 0 7 4 2 13 15 16 12 20 17 8 5 10 22 19 25 23 21 24 26 18 11 6 
6 10 8 22 25 23 12 26 0 14 16 18 4 3 7 11 1 9 2 13 15 24 21 20 17 19 5 
6 17 20 13 5 15 19 2 21 24 9 1 11 7 3 4 18 26 16 14 0 23 25 22 10 12 8 
16 12 8 5 10 19 21 7 9 18 0 1 14 3 6 26 24 25 2 15 13 11 22 23 17 20 4 
4 24 2 15 20 17 12 23 22 25 3 11 14 1 0 26 9 6 18 19 21 8 10 5 13 7 16 
13 4 7 14 26 18 9 1 11 10 3 6 19 5 20 8 21 12 17 23 22 15 25 24 0 2 16 
16 0 25 22 7 23 17 21 2 19 24 6 4 15 5 13 8 20 10 11 18 9 26 3 1 12 14 
21 11 1 15 3 23 18 12 16 9 20 13 2 25 5 6 17 10 0 14 26 7 8 4 24 22 19 
19 26 14 13 22 0 8 12 3 10 20 24 5 17 6 9 16 23 1 11 18 4 25 15 7 21 2 
2 25 1 9 24 8 19 18 22 11 14 4 6 17 23 7 16 26 0 5 12 10 20 13 21 3 15 
20 15 24 21 7 10 5 4 6 11 22 8 13 16 26 23 14 2 12 19 25 3 18 1 9 0 17 
23 5 26 17 3 9 12 8 15 2 7 4 13 0 18 6 21 19 25 22 14 20 16 11 1 24 10 
25 20 16 18 1 3 22 6 10 5 24 0 14 11 21 13 19 2 7 17 12 15 26 4 23 8 9 
12 11 9 17 23 14 22 24 13 21 6 0 26 5 10 7 15 1 18 25 2 3 16 4 20 19 8 
19 1 25 21 0 18 8 2 13 15 26 10 20 4 23 16 9 7 24 17 12 3 11 14 22 6 5 
4 21 14 8 24 9 3 10 17 0 11 20 22 18 16 26 1 7 15 6 2 25 5 12 23 13 19 
15 17 2 3 12 10 24 14 23 25 4 26 5 9 8 1 16 22 21 7 18 11 6 20 19 0 13 
