19 3 29
8 26 19 14 27 22 25 23 24 18 28 21 17 12 7 13 16 4 20 9 3 5 11 6 1 0 15 2 10 
10 2 15 0 1 6 11 5 3 9 20 4 16 13 7 17 21 28 18 24 23 25 22 27 12 14 19 26 8 
13 4 12 24 23 22 21 9 1 17 11 19 26 8 10 2 15 0 14 5 27 6 3 20 16 25 7 28 18 
7 16 20 3 12 28 18 25 6 27 5 14 0 15 2 10 8 26 19 11 17 1 22 21 9 23 24 4 13 
5 11 6 0 18 23 14 19 9 1 15 2 26 10 8 12 24 28 13 21 22 7 25 3 4 17 20 16 27 
4 25 27 28 3 20 16 17 9 7 21 22 24 13 8 10 26 2 15 1 19 14 23 0 6 11 5 12 18 
21 19 13 17 25 1 18 22 28 5 27 2 15 0 16 11 8 20 4 12 23 3 6 26 14 24 10 7 9 
10 24 26 7 9 18 17 14 6 11 12 16 3 23 20 4 8 15 0 2 27 5 22 25 13 19 21 28 1 
15 8 2 23 6 16 22 27 12 4 18 1 7 13 9 28 19 25 10 24 26 20 21 5 0 14 17 3 11 
0 20 3 11 5 1 21 14 25 13 7 26 24 10 28 19 12 27 4 22 6 23 2 8 9 18 16 15 17 
28 4 14 19 5 21 23 20 8 15 9 18 6 11 27 17 7 10 24 26 1 16 3 13 12 25 2 0 22 
22 16 2 26 3 0 24 10 25 12 13 14 7 1 8 11 17 15 18 21 9 27 6 5 20 23 19 4 28 
13 9 3 0 26 2 20 23 27 16 5 17 18 28 19 4 12 6 22 21 10 25 1 24 7 15 8 11 14 
8 17 24 7 6 1 27 15 23 11 14 10 21 22 20 28 5 4 12 19 2 0 25 13 3 16 26 18 9 
11 1 12 20 9 16 15 22 14 17 24 25 18 26 2 4 6 0 19 7 8 13 3 28 5 10 23 27 21 
10 27 18 23 2 17 21 26 5 14 3 12 15 13 8 7 4 22 16 28 11 9 0 1 24 25 19 6 20 
19 7 9 6 25 13 11 24 16 23 28 0 17 4 5 15 3 14 8 2 18 20 1 22 26 27 21 10 12 
10 20 27 8 6 0 28 1 17 26 22 4 21 9 3 16 12 15 19 2 11 23 25 13 5 14 18 24 7 
2 15 13 18 10 19 26 25 4 11 14 16 6 27 22 28 21 7 23 20 5 24 9 0 17 1 3 8 12 
