16 3 20
17 10 15 14 18 12 8 13 16 19 9 6 11 5 7 4 1 0 3 2 
2 3 0 1 4 7 5 11 6 9 19 16 13 8 12 15 18 14 10 17 
13 16 9 11 4 14 5 1 0 17 2 3 10 7 18 15 6 12 19 8 
19 6 8 12 18 1 15 7 10 3 2 17 0 5 14 4 11 13 16 9 
4 11 18 10 0 3 9 8 12 6 16 19 13 2 17 14 15 5 7 1 
7 5 14 15 19 17 9 2 16 13 12 8 3 0 10 1 6 18 11 4 
18 17 11 7 1 16 12 6 13 3 14 2 8 9 19 4 10 0 5 15 
5 4 13 8 2 15 6 0 10 1 17 19 14 18 12 9 3 16 7 11 
16 9 19 10 3 15 12 0 11 7 4 1 5 8 14 17 13 18 2 6 
2 14 1 6 8 16 5 11 15 4 7 3 10 12 9 18 13 17 0 19 
0 9 6 14 13 12 7 11 17 15 18 1 5 10 2 4 19 16 8 3 
0 3 19 10 15 16 2 17 18 1 8 13 4 11 5 7 12 6 9 14 
8 1 9 18 14 4 3 5 7 15 16 11 19 6 2 0 13 12 17 10 
10 5 7 12 11 17 2 19 6 4 14 16 18 0 9 15 3 1 13 8 
13 6 19 3 9 17 2 5 11 14 18 1 0 8 12 16 4 10 7 15 
2 7 8 9 16 4 12 10 1 18 15 6 5 19 3 17 14 11 13 0 
