26 3 80
70 77 79 64 73 76 78 74 72 71 59 69 50 63 62 66 75 58 60 46 68 67 65 57 54 55 52 53 56 61 51 49 42 45 47 43 48 36 35 39 44 38 40 41 28 34 32 33 26 27 30 17 37 25 31 24 10 22 7 21 29 20 12 8 15 19 23 13 18 0 16 14 6 5 11 4 9 3 2 1 
1 2 3 9 4 11 5 6 14 16 0 18 13 23 19 15 12 20 29 21 7 22 10 24 31 25 37 17 30 27 26 33 32 34 28 41 40 38 44 39 35 36 48 43 47 45 42 49 51 61 56 53 52 55 54 57 65 67 68 46 60 58 75 66 62 63 50 69 59 71 72 74 78 76 73 8 64 79 77 70 
8 50 66 74 58 65 54 78 69 53 75 68 67 43 41 64 51 49 35 42 44 38 32 27 30 17 25 24 7 29 20 18 0 14 5 4 3 2 1 70 47 16 9 11 12 21 31 37 40 45 77 6 13 23 19 15 22 10 26 33 34 28 39 36 48 79 73 61 56 76 52 57 46 60 59 62 55 63 71 72 
8 33 26 34 28 10 22 39 36 48 55 15 19 23 13 6 45 61 56 52 57 46 60 62 63 59 72 77 37 40 31 21 12 11 71 76 73 79 9 16 47 70 1 2 3 4 5 64 78 74 69 75 14 50 58 68 67 65 54 53 51 0 49 18 66 42 43 35 20 29 44 7 38 24 41 17 25 30 27 32 
47 21 57 52 56 61 32 27 30 25 17 24 38 7 16 14 5 9 3 2 1 71 72 44 63 62 59 60 46 76 73 79 77 23 19 29 20 42 35 6 13 15 66 70 18 49 0 51 64 11 8 41 67 43 68 75 53 69 78 54 65 58 74 50 55 48 36 39 4 28 12 34 22 10 26 33 31 45 40 37 
73 79 40 37 31 45 12 4 55 48 36 39 22 10 28 34 26 33 41 0 18 70 8 20 29 7 24 17 30 25 42 35 49 51 43 67 68 75 64 53 69 54 65 78 58 74 66 50 72 71 76 11 63 62 59 60 46 1 2 3 9 5 14 16 57 52 56 61 15 13 6 19 23 77 32 27 38 44 21 47 
40 46 60 34 44 38 27 32 43 53 54 67 65 58 50 11 66 18 51 76 71 31 37 49 61 70 6 13 15 35 42 55 4 77 14 78 74 69 75 79 73 23 19 3 68 5 1 16 2 72 9 8 59 21 12 62 63 56 52 57 33 26 10 45 22 28 39 36 48 25 30 17 41 0 47 24 20 7 29 64 
47 41 68 75 29 20 0 59 62 63 19 23 36 44 72 26 14 69 74 78 64 4 77 15 13 6 2 16 5 35 3 8 42 76 71 46 60 25 24 7 17 30 52 57 39 48 45 33 12 28 55 70 79 73 21 27 32 56 61 10 22 38 1 43 9 40 11 49 37 31 50 34 66 51 58 65 54 53 18 67 
65 49 31 19 71 76 51 63 62 29 37 18 11 58 67 53 9 72 1 7 38 60 46 40 64 17 24 25 20 30 56 61 22 10 12 47 48 50 54 43 0 41 79 28 39 8 73 21 32 33 77 45 27 44 57 52 2 36 66 5 3 16 26 59 34 69 74 78 68 14 75 4 55 23 6 13 15 70 35 42 
59 56 70 52 57 15 39 28 26 41 66 45 33 21 13 54 50 43 22 10 12 9 48 42 35 6 23 1 55 16 5 77 38 14 32 27 64 7 24 25 4 74 78 8 76 69 44 29 20 47 0 72 71 36 67 18 53 58 19 63 62 75 68 37 51 34 2 3 79 31 61 49 73 11 40 60 30 46 65 17 
3 35 22 2 17 30 69 13 72 61 24 36 45 68 53 67 58 74 4 37 23 11 63 51 55 70 18 71 31 27 33 6 66 34 32 64 57 52 8 0 29 73 21 28 79 47 48 14 76 26 44 16 12 77 59 65 5 54 50 40 75 20 41 9 43 60 46 25 39 38 56 49 62 19 1 7 10 42 15 78 
10 7 49 39 78 20 25 5 75 77 12 18 1 62 65 42 16 73 79 6 4 27 14 32 55 50 43 54 48 21 15 59 66 17 60 57 31 46 41 61 56 34 28 64 33 30 40 26 52 11 51 70 2 3 53 37 63 68 19 58 36 47 44 0 9 8 24 72 38 13 29 71 23 76 74 69 45 35 67 22 
76 23 14 38 44 28 67 0 45 56 46 17 40 48 42 9 68 15 65 69 30 3 60 36 2 78 59 54 75 29 52 34 41 50 47 66 10 73 11 58 7 16 8 64 63 22 37 62 33 19 53 1 61 25 35 71 26 49 21 31 70 72 32 27 55 57 39 51 4 77 74 43 5 79 6 18 12 13 20 24 
2 43 79 77 0 32 47 12 5 51 25 40 57 21 64 6 63 34 45 20 1 39 49 71 74 11 24 72 22 35 78 42 10 9 13 38 26 19 53 29 70 23 33 8 55 41 37 30 60 31 4 59 16 58 3 62 44 66 15 27 50 61 17 46 7 75 68 67 69 76 36 54 56 65 73 48 52 28 14 18 
7 52 36 3 26 67 37 27 61 19 16 50 29 28 33 73 69 30 41 15 62 78 65 34 68 9 24 42 13 56 46 20 8 18 4 38 40 5 12 74 77 72 66 79 39 57 1 58 6 49 75 47 22 11 45 76 0 31 55 35 70 25 44 63 21 23 59 53 10 2 54 60 51 43 32 14 64 48 17 71 
55 54 44 21 53 64 58 60 48 19 14 22 75 9 74 73 13 59 70 71 8 11 6 10 20 34 24 47 28 17 18 3 51 31 35 4 72 78 15 49 38 39 25 5 36 32 1 52 2 65 40 69 0 56 76 27 68 77 61 41 79 46 33 62 43 7 63 50 16 67 23 37 29 26 66 45 57 12 30 42 
27 60 74 29 48 12 45 63 56 57 25 75 41 69 16 67 76 26 51 5 31 13 14 66 59 79 17 8 37 36 32 53 43 22 73 30 2 0 18 7 10 38 21 52 72 19 65 15 44 55 11 42 54 68 23 24 62 33 49 77 35 61 78 1 70 39 46 3 20 9 71 40 47 34 28 50 6 58 4 64 
11 57 4 47 32 46 6 62 58 50 1 64 23 68 18 70 61 7 22 35 10 71 66 63 77 36 2 15 59 30 42 40 44 38 43 56 20 9 79 65 76 5 39 51 34 73 28 19 8 14 12 29 27 37 52 48 53 67 24 13 3 33 17 55 41 54 25 31 74 78 60 26 21 45 75 72 16 69 49 0 
78 35 49 46 16 0 52 31 72 47 54 55 20 1 73 69 23 53 76 34 33 66 3 24 15 43 17 10 14 75 12 7 21 48 42 8 37 45 79 62 38 18 13 60 44 29 6 5 74 51 27 64 22 58 26 57 77 19 67 63 4 61 50 41 71 11 39 56 25 9 40 28 65 2 59 36 32 70 30 68 
73 25 50 39 40 77 49 5 58 72 78 28 42 33 9 15 29 70 61 68 32 17 21 44 67 37 2 56 62 36 13 71 14 24 64 41 51 4 69 60 3 19 18 20 57 26 54 23 79 63 7 6 55 43 0 16 59 53 65 8 46 10 11 45 31 74 48 76 47 30 27 1 22 35 75 38 34 12 66 52 
68 24 62 28 41 52 71 76 27 31 11 59 65 22 3 10 74 64 6 55 54 9 57 43 26 32 2 75 13 12 38 45 21 1 34 30 0 67 70 40 14 77 25 61 49 48 23 69 39 35 8 7 63 51 44 4 50 47 16 72 60 37 20 46 33 15 53 56 17 79 58 78 19 42 5 18 66 73 36 29 
42 44 66 79 56 20 50 34 48 43 63 47 4 33 59 18 75 67 53 16 60 8 30 0 21 6 12 36 17 69 40 9 1 77 61 27 71 78 35 19 23 70 49 45 55 22 68 46 38 65 11 57 29 13 7 2 64 37 72 26 3 14 52 73 41 51 15 62 31 32 5 25 76 58 10 39 28 74 24 54 
72 35 13 23 25 34 32 14 51 54 5 29 33 39 38 61 68 2 56 75 66 31 57 63 58 49 12 52 60 30 27 74 55 19 42 10 64 46 18 7 47 26 45 0 22 78 69 28 41 24 77 65 37 15 43 36 48 1 59 17 62 9 20 67 76 79 4 16 53 40 70 50 3 73 44 11 6 21 8 71 
36 10 47 21 46 51 35 45 17 5 7 68 41 74 48 57 20 39 3 78 37 73 71 22 44 42 77 66 2 72 0 6 30 14 70 65 61 69 28 23 25 55 67 1 26 56 4 34 15 49 19 58 16 43 29 75 40 50 52 63 62 9 12 54 79 76 38 33 32 13 64 59 11 53 24 60 18 8 27 31 
19 4 73 77 64 26 3 63 68 59 35 31 50 78 16 52 51 30 12 76 46 22 70 62 7 32 47 61 58 15 11 74 55 29 1 67 41 25 45 10 66 71 42 17 56 65 60 24 34 39 9 36 44 6 79 72 53 48 5 57 0 69 18 33 54 75 13 28 14 49 38 23 37 8 27 40 21 20 2 43 
24 20 9 69 43 56 46 28 6 62 29 11 49 35 36 58 12 51 52 4 79 25 66 72 64 76 48 74 77 75 73 71 78 55 63 65 68 45 67 61 60 59 54 57 39 53 34 70 47 37 42 23 38 44 40 50 10 22 31 26 27 8 19 41 30 17 18 21 32 33 14 13 15 16 2 7 3 1 0 5 
