21 3 40
32 38 39 26 36 37 29 30 27 14 33 31 17 24 25 22 13 35 28 23 34 20 10 18 21 11 4 15 0 12 1 16 19 9 6 5 7 8 2 3 
3 2 8 7 5 6 9 19 16 1 12 0 15 4 11 21 18 20 34 23 28 35 13 22 25 24 17 31 33 14 27 30 29 37 36 26 39 38 32 10 
4 10 29 33 24 36 22 15 27 31 35 18 1 38 16 5 7 2 32 19 34 3 8 9 21 20 23 39 6 12 28 25 26 0 11 13 17 14 37 30 
11 10 13 28 23 25 17 14 0 12 20 30 37 26 6 39 21 9 8 3 34 19 32 2 7 5 16 38 36 29 1 27 33 35 18 31 15 24 4 22 
21 34 18 35 9 5 7 31 27 15 30 37 0 26 12 1 36 6 8 3 2 10 32 38 14 39 22 4 24 33 29 17 13 11 20 25 23 28 19 16 
16 19 39 6 37 20 0 14 17 25 23 28 13 11 22 24 15 4 38 32 31 18 35 33 29 2 3 8 10 26 27 1 36 30 12 7 5 9 34 21 
33 12 28 1 13 27 9 21 22 11 36 29 8 4 17 39 19 32 5 16 7 2 10 3 38 30 26 24 37 14 15 25 31 18 6 35 0 23 20 34 
26 18 34 23 24 4 30 25 20 14 38 2 3 32 8 1 15 31 37 7 16 5 35 19 11 17 29 22 9 10 36 13 33 0 28 6 39 21 12 27 
29 38 22 12 3 0 7 35 31 14 25 24 6 19 16 5 30 34 26 27 21 28 23 33 10 32 2 17 4 39 13 36 9 8 20 15 18 37 11 1 
32 15 17 8 20 4 6 39 36 21 9 30 11 27 13 1 24 2 26 28 12 33 34 23 0 10 35 37 18 16 31 25 22 5 19 29 38 14 7 3 
15 33 30 5 14 19 31 3 25 29 36 0 11 7 22 38 1 37 20 12 18 39 9 23 21 13 34 10 26 17 35 2 16 4 8 32 27 6 28 24 
35 2 23 18 37 28 27 24 13 39 16 9 33 6 20 30 17 7 38 10 36 29 19 11 8 4 21 3 14 34 5 32 26 25 12 22 31 0 1 15 
17 5 34 22 10 11 16 1 27 26 25 6 37 31 4 12 20 33 15 24 8 0 13 32 3 23 2 14 18 21 38 36 7 29 9 19 30 39 28 35 
26 9 28 7 32 25 23 35 0 34 39 21 19 24 1 3 8 36 10 38 30 6 15 20 27 22 29 16 18 13 31 14 37 2 33 5 12 4 11 17 
29 4 37 7 18 26 11 19 14 2 13 12 10 22 21 36 0 5 30 8 27 35 25 15 33 28 20 6 9 32 31 16 3 17 34 24 38 39 23 1 
30 16 36 8 31 34 17 3 24 14 33 39 12 6 38 1 27 35 28 2 32 0 19 23 26 11 9 18 25 21 4 5 7 37 13 29 20 15 10 22 
29 21 39 3 13 31 38 18 1 20 16 15 27 32 22 34 5 30 19 24 12 6 36 25 7 4 10 0 11 37 9 28 17 33 2 35 14 26 8 23 
36 19 35 24 22 26 4 11 38 6 9 28 14 12 15 5 39 37 10 34 7 17 18 29 23 33 2 1 25 27 3 32 31 21 16 20 30 0 8 13 
8 32 33 14 16 25 10 0 13 29 31 37 7 28 27 23 1 30 2 15 9 38 3 6 22 17 26 35 5 11 18 19 39 4 12 34 24 36 21 20 
2 20 18 29 1 11 34 23 31 5 30 15 21 28 25 33 13 6 32 36 12 26 24 39 14 9 3 35 37 4 17 38 27 22 10 7 16 0 8 19 
21 37 3 33 38 4 30 28 34 39 17 8 12 31 16 26 23 14 36 35 29 24 20 11 15 25 2 32 19 22 13 18 9 5 1 7 0 27 10 6 
