20 3 26
23 24 25 18 20 21 17 12 9 3 19 16 15 13 7 22 11 5 2 14 8 10 6 4 1 0 
0 1 4 6 10 8 14 2 5 11 22 7 13 15 16 19 3 9 12 17 21 20 18 25 24 23 
3 15 13 12 7 5 21 2 14 25 1 10 0 6 4 23 8 24 18 20 11 22 17 9 16 19 
19 16 9 17 22 11 20 18 24 8 23 4 6 0 10 1 25 14 2 21 5 7 12 13 15 3 
10 4 14 20 25 11 13 9 0 24 15 16 3 17 19 12 5 23 7 22 18 21 2 8 1 6 
6 1 8 2 21 18 22 7 23 5 12 19 17 3 16 15 24 0 9 13 11 25 20 14 4 10 
5 11 12 17 18 25 10 1 2 13 20 19 15 22 0 3 16 4 7 8 6 23 14 24 21 9 
9 21 24 14 23 6 8 7 4 16 3 0 22 15 19 20 13 2 1 10 25 18 17 12 11 5 
22 15 0 17 19 2 25 10 23 6 9 12 5 21 14 24 11 1 4 18 8 20 16 13 7 3 
3 7 13 16 20 8 18 4 1 11 24 14 21 5 12 9 6 23 10 25 2 19 17 0 15 22 
16 17 5 7 0 21 11 15 9 4 23 25 6 18 22 3 1 24 10 14 2 20 8 12 13 19 
19 13 12 8 20 2 14 10 24 1 3 22 18 6 25 23 4 9 15 11 21 0 7 5 17 16 
4 18 15 3 23 20 22 10 8 9 7 17 2 16 11 5 19 13 21 24 0 12 1 14 25 6 
6 25 14 1 12 0 24 21 13 19 5 11 16 2 17 7 9 8 10 22 20 23 3 15 18 4 
16 23 10 0 7 2 15 14 12 22 24 17 13 8 4 6 18 25 20 21 11 3 1 19 9 5 
5 9 19 1 3 11 21 20 25 18 6 4 8 13 17 24 22 12 14 15 2 7 0 10 23 16 
22 18 5 21 8 14 6 9 10 20 12 0 16 19 3 17 23 1 4 11 24 15 7 2 25 13 
13 25 2 7 15 24 11 4 1 23 17 3 19 16 0 12 20 10 9 6 14 8 21 5 18 22 
0 8 14 23 18 12 9 4 1 10 3 20 15 7 21 6 19 13 5 24 22 16 17 11 25 2 
2 25 11 17 16 22 24 5 13 19 6 21 7 15 20 3 10 1 4 9 12 18 23 14 8 0 
