20 3 27
22 14 20 26 23 25 21 24 15 18 12 17 5 16 19 8 11 7 6 2 13 4 10 9 0 3 1 
1 3 0 9 10 4 13 2 6 7 11 8 19 16 5 17 12 18 15 24 21 25 23 26 20 14 22 
12 5 24 21 25 19 2 8 4 20 10 14 1 0 22 3 9 13 7 11 26 23 6 16 17 18 15 
15 18 17 16 6 23 26 11 7 13 9 3 22 0 1 14 10 20 4 8 2 19 25 21 24 5 12 
9 4 3 7 23 6 2 14 17 5 1 21 26 15 24 12 22 20 18 16 25 19 8 11 10 13 0 
0 13 10 11 8 19 25 16 18 20 22 12 24 15 26 21 1 5 17 14 2 6 23 7 3 4 9 
24 26 22 2 7 10 8 16 17 1 12 9 0 23 25 21 15 18 4 3 5 19 6 11 13 14 20 
20 14 13 11 6 19 5 3 4 18 15 21 25 23 0 9 12 1 17 16 8 10 7 2 22 26 24 
15 12 1 21 23 11 10 17 20 22 9 2 19 3 0 14 24 26 13 4 7 6 8 5 25 16 18 
18 16 25 5 8 6 7 4 13 26 24 14 0 3 19 2 9 22 20 17 10 11 23 21 1 12 15 
0 17 21 3 8 7 18 15 24 20 13 4 14 5 22 16 1 12 6 11 26 10 9 23 19 25 2 
2 25 19 23 9 10 26 11 6 12 1 16 22 5 14 4 13 20 24 15 18 7 8 3 21 17 0 
13 4 26 20 17 12 25 8 2 21 3 6 22 11 0 9 10 14 15 18 16 1 23 5 7 24 19 
19 24 7 5 23 1 16 18 15 14 10 9 0 11 22 6 3 21 2 8 25 12 17 20 26 4 13 
6 12 15 0 20 16 23 10 9 25 24 7 26 4 19 13 11 17 5 8 1 3 21 22 18 2 14 
14 2 18 22 21 3 1 8 5 17 11 13 19 4 26 7 24 25 9 10 23 16 20 0 15 12 6 
5 9 17 8 11 1 24 12 6 18 2 25 15 21 7 26 0 20 13 19 4 23 10 3 16 14 22 
22 14 16 3 10 23 4 19 13 20 0 26 7 21 15 25 2 18 6 12 24 1 11 8 17 9 5 
9 22 18 4 6 16 21 12 26 17 5 20 14 19 11 23 13 10 8 3 15 1 24 25 2 0 7 
7 0 2 25 24 1 15 3 8 10 13 23 11 19 14 20 5 17 26 12 21 16 6 4 18 22 9 
