16 3 15
1 8 6 12 9 11 5 10 3 13 4 0 7 14 2 
2 14 7 0 4 13 3 10 5 11 9 12 6 8 1 
10 5 11 9 12 8 1 2 14 6 7 0 4 13 3 
3 13 4 0 7 6 14 2 1 8 12 9 11 5 10 
8 9 4 5 7 3 2 6 13 10 1 14 0 11 12 
12 11 0 14 1 10 13 6 2 3 7 5 4 9 8 
6 13 5 14 0 12 8 7 11 9 4 1 3 10 2 
2 10 3 1 4 9 11 7 8 12 0 14 5 13 6 
0 4 9 12 13 10 3 8 1 2 6 5 14 11 7 
7 11 14 5 6 2 1 8 3 10 13 12 9 4 0 
7 12 5 9 4 8 0 11 10 6 2 14 3 13 1 
1 13 3 14 2 6 10 11 0 8 4 9 5 12 7 
3 9 14 11 1 12 4 0 5 7 13 2 10 8 6 
6 8 10 2 13 7 5 0 4 12 1 11 14 9 3 
2 12 13 9 8 6 1 3 7 11 4 5 14 10 0 
0 10 14 5 4 11 7 3 1 6 8 9 13 12 2 
