20 3 23
19 20 18 14 15 16 9 22 17 13 7 3 2 21 12 8 10 0 5 4 11 1 6 
6 1 11 4 5 0 10 8 12 21 2 3 7 13 17 22 9 16 15 14 18 20 19 
7 13 17 21 9 16 15 14 20 4 11 19 6 1 5 18 0 10 8 12 22 2 3 
3 2 22 12 8 10 0 18 5 1 6 19 11 4 20 14 15 16 9 21 17 13 7 
10 16 1 9 18 4 0 21 13 2 20 7 3 19 22 17 5 6 14 12 15 8 11 
11 8 15 12 14 6 5 17 22 19 3 7 20 2 13 21 0 4 18 9 1 16 10 
21 22 2 9 17 6 13 18 19 1 10 8 15 12 14 11 5 16 4 0 7 20 3 
3 20 7 0 4 16 5 11 14 12 15 8 10 1 19 18 13 6 17 9 2 22 21 
14 18 8 2 4 6 9 16 17 3 11 1 20 10 7 21 0 15 22 5 13 12 19 
19 12 13 5 22 15 0 21 7 10 20 1 11 3 17 16 9 6 4 2 8 18 14 
17 16 5 10 15 2 21 8 7 22 3 11 19 14 18 6 12 9 1 20 13 0 4 
4 0 13 20 1 9 12 6 18 14 19 11 3 22 7 8 21 2 15 10 5 16 17 
19 8 11 7 9 10 0 17 2 18 12 20 14 13 5 16 4 22 6 15 21 3 1 
1 3 21 15 6 22 4 16 5 13 14 20 12 18 2 17 0 10 9 7 11 8 19 
22 11 20 21 3 13 0 15 8 16 19 4 18 5 6 2 7 9 10 1 12 14 17 
17 14 12 1 10 9 7 2 6 5 18 4 19 16 8 15 0 13 3 21 20 11 22 
12 19 7 3 18 0 17 1 20 16 2 14 22 8 21 11 4 15 6 9 5 10 13 
13 10 5 9 6 15 4 11 21 8 22 14 2 16 20 1 17 0 18 3 7 19 12 
16 13 6 18 3 11 19 4 14 9 22 20 12 21 10 0 15 17 8 2 5 1 7 
7 1 5 2 8 17 15 0 10 21 12 20 22 9 14 4 19 11 3 18 6 13 16 
