20 3 22
16 20 15 19 5 17 18 7 12 14 6 4 3 0 9 11 13 2 8 21 10 1 
1 10 21 8 2 13 11 9 0 3 4 6 14 12 7 18 17 5 19 15 20 16 
6 3 0 12 11 13 8 19 21 1 20 16 10 15 5 2 17 18 7 9 14 4 
4 14 9 7 18 17 2 5 15 10 16 20 1 21 19 8 13 11 12 0 3 6 
5 11 2 21 20 19 14 3 7 4 12 1 8 9 6 15 0 18 17 16 10 13 
13 10 16 17 18 0 15 6 9 8 1 12 4 7 3 14 19 20 21 2 11 5 
12 7 0 17 19 15 8 2 11 10 20 4 13 5 21 14 16 9 6 3 18 1 
1 18 3 6 9 16 14 21 5 13 4 20 10 11 2 8 15 19 17 0 7 12 
4 13 12 20 2 11 6 15 17 18 1 19 10 16 0 14 3 5 21 9 7 8 
8 7 9 21 5 3 14 0 16 10 19 1 18 17 15 6 11 2 20 12 13 4 
19 18 1 2 0 17 7 21 12 6 9 5 4 13 3 10 11 16 20 15 8 14 
14 8 15 20 16 11 10 3 13 4 5 9 6 12 21 7 17 0 2 1 18 19 
6 4 21 15 7 18 8 12 16 13 5 11 1 0 20 9 2 17 14 19 10 3 
3 10 19 14 17 2 9 20 0 1 11 5 13 16 12 8 18 7 15 21 4 6 
10 20 21 17 11 7 13 1 12 16 3 14 18 2 19 4 9 6 8 0 15 5 
5 15 0 8 6 9 4 19 2 18 14 3 16 12 1 13 7 11 17 21 20 10 
11 0 18 2 5 12 14 21 7 6 16 10 4 13 8 3 19 20 15 17 9 1 
1 9 17 15 20 19 3 8 13 4 10 16 6 7 21 14 12 5 2 18 0 11 
8 18 6 13 17 0 9 2 16 15 20 4 11 1 19 7 21 3 10 14 12 5 
5 12 14 10 3 21 7 19 1 11 4 20 15 16 2 9 0 17 13 6 18 8 
