16 3 16
12 7 8 11 13 5 15 6 14 0 1 4 10 9 2 3 
3 2 9 10 4 1 0 14 6 15 5 13 11 8 7 12 
15 5 4 10 11 8 2 7 3 12 13 9 1 0 14 6 
6 14 0 1 9 13 12 3 7 2 8 11 10 4 5 15 
13 9 11 2 0 3 5 12 6 15 7 4 14 10 8 1 
1 8 10 14 4 7 15 6 12 5 3 0 2 11 9 13 
6 4 2 8 5 11 1 13 9 12 3 7 10 14 0 15 
15 0 14 10 7 3 12 9 13 1 11 5 8 2 4 6 
12 9 6 10 3 11 8 15 0 14 4 2 1 7 13 5 
5 13 7 1 2 4 14 0 15 8 11 3 10 6 9 12 
3 7 14 8 2 13 6 12 15 5 9 1 10 11 0 4 
4 0 11 10 1 9 5 15 12 6 13 2 8 14 7 3 
1 15 12 2 5 14 3 4 0 13 9 7 6 10 8 11 
11 8 10 6 7 9 13 0 4 3 14 5 2 12 15 1 
7 0 4 3 15 6 10 2 1 11 12 8 5 14 9 13 
13 9 14 5 8 12 11 1 2 10 6 15 3 4 0 7 
