30 3 80
73 75 77 68 76 79 72 69 74 67 59 71 78 56 66 60 62 70 54 65 64 61 53 63 52 47 58 50 57 49 48 46 39 44 55 51 45 41 36 37 43 35 42 38 40 21 30 29 34 27 22 26 25 24 31 32 19 28 16 23 15 6 33 7 17 12 0 20 10 13 18 8 4 3 14 2 1 11 5 9 
9 5 11 1 2 14 3 4 8 18 13 10 20 0 12 17 7 33 6 15 23 16 28 19 32 31 24 25 26 22 27 34 29 30 21 40 38 42 35 43 37 36 41 45 51 55 44 39 46 48 49 57 50 58 47 52 63 53 61 64 65 54 70 62 60 66 56 78 71 59 67 74 69 72 79 76 68 77 75 73 
58 27 26 72 79 74 59 60 71 70 54 63 47 57 49 48 51 45 41 43 42 38 29 34 32 19 15 6 12 0 73 65 33 10 8 3 1 78 11 9 14 18 5 20 2 13 40 36 46 64 75 69 4 77 17 7 23 16 28 31 24 25 22 30 21 35 37 55 44 39 50 52 53 62 68 61 66 67 76 56 
56 76 67 66 61 68 62 53 52 50 39 44 55 37 35 21 30 22 25 24 31 28 16 23 7 17 77 4 69 75 64 46 36 40 13 2 20 5 18 14 9 11 78 1 3 8 10 33 65 73 0 12 6 15 19 32 34 29 38 42 43 41 45 51 48 49 57 47 63 54 70 71 60 59 74 79 72 26 27 58 
32 19 46 25 23 16 28 6 0 20 13 64 35 4 37 44 39 50 52 63 70 54 71 48 51 11 9 62 79 41 38 29 27 8 5 69 75 76 56 43 77 73 68 58 26 45 42 72 74 67 59 66 61 1 2 14 78 3 18 10 33 34 49 60 65 53 12 15 57 47 55 21 30 22 24 31 17 7 36 40 
40 36 7 17 31 24 22 30 21 55 47 57 15 12 53 65 60 49 34 33 10 18 3 78 14 2 1 61 66 59 67 74 72 42 45 26 58 68 73 77 43 56 76 75 69 5 8 27 29 38 41 79 62 9 11 51 48 71 54 70 63 52 50 39 44 37 4 35 64 13 20 0 6 28 16 23 25 46 19 32 
38 45 14 51 34 69 77 1 33 10 5 65 37 28 46 47 9 54 60 48 26 44 30 53 24 40 0 25 63 8 62 55 67 56 79 4 74 7 76 32 19 68 17 27 13 72 73 66 20 31 61 23 16 52 58 50 71 70 6 36 22 21 39 57 59 35 11 15 3 12 75 78 64 49 2 18 42 29 41 43 
43 41 29 42 18 2 49 64 78 75 12 3 15 11 35 59 57 39 21 22 36 6 70 71 50 58 52 16 23 61 31 20 66 73 72 13 27 17 68 19 32 76 7 74 4 79 56 67 55 62 8 63 25 0 40 24 53 30 44 26 48 60 54 9 47 46 28 37 65 5 10 33 1 77 69 34 51 14 45 38 
27 4 20 78 55 24 6 19 30 17 44 42 43 48 36 9 63 61 26 28 50 56 10 33 69 12 79 70 35 14 64 2 68 54 37 3 47 21 74 76 60 38 75 77 46 41 18 72 67 5 1 59 57 22 71 66 62 15 32 52 53 49 45 51 34 11 65 39 8 25 23 29 16 40 0 7 58 31 13 73 
73 13 31 58 7 0 40 16 29 23 25 8 39 65 11 34 51 45 49 53 52 32 15 62 66 71 22 57 59 1 5 67 72 18 41 46 77 75 38 60 76 74 21 47 3 37 54 68 2 64 14 35 70 79 12 69 33 10 56 50 28 26 61 63 9 36 48 43 42 44 17 30 19 6 24 55 78 20 4 27 
72 54 68 21 35 26 46 2 18 1 5 56 61 62 71 33 45 57 70 77 23 12 42 30 50 11 40 34 28 19 29 0 27 53 60 7 75 13 31 4 59 78 55 6 73 25 65 44 20 58 24 39 49 74 17 15 48 51 52 9 16 67 43 36 63 79 32 66 22 14 69 64 47 41 3 38 8 10 76 37 
37 76 10 8 38 3 41 47 64 69 14 22 66 32 79 63 36 43 67 16 9 52 51 48 15 17 74 49 39 24 58 20 44 65 25 73 6 55 78 59 4 31 13 75 7 60 53 27 0 29 19 28 34 40 11 50 30 42 12 23 77 70 57 45 33 71 62 61 56 5 1 18 2 46 26 35 21 68 54 72 
65 33 38 50 6 39 53 59 12 31 13 36 44 62 49 79 11 73 42 60 17 56 20 18 8 26 9 45 78 46 47 76 72 27 16 30 22 0 63 77 35 1 68 71 10 37 7 69 41 24 2 58 54 3 5 64 32 67 55 43 14 21 34 52 19 48 40 15 66 25 74 57 70 23 61 51 28 4 29 75 
75 29 4 28 51 61 23 70 57 74 25 66 15 40 48 19 52 34 21 14 43 55 67 32 64 5 3 54 58 2 24 41 69 7 37 10 71 68 1 35 77 63 0 22 30 16 27 72 76 47 46 78 45 9 26 8 18 20 56 17 60 42 73 11 79 49 62 44 36 13 31 12 59 53 39 6 50 38 33 65 
26 58 67 18 5 9 16 46 19 55 21 68 15 8 78 79 44 48 52 40 60 72 29 13 17 53 6 10 47 75 31 12 54 39 41 64 4 59 25 51 61 50 33 57 34 76 43 65 23 38 28 69 36 49 11 1 3 35 73 56 20 14 62 70 45 37 22 74 71 30 66 42 32 2 27 77 0 63 7 24 
24 7 63 0 77 27 2 32 42 66 30 71 74 22 37 45 70 62 14 20 56 73 35 3 1 11 49 36 69 28 38 23 65 43 76 34 57 33 50 61 51 25 59 4 64 41 39 54 12 31 75 47 10 6 53 17 13 29 72 60 40 52 48 44 79 78 8 15 68 21 55 19 46 16 9 5 18 67 58 26 
22 59 11 73 35 40 43 45 53 24 54 74 79 27 39 23 44 61 6 15 12 5 38 32 47 28 77 57 52 51 18 37 55 42 7 33 19 76 41 72 66 70 16 56 14 3 58 26 78 67 1 9 31 46 63 0 68 30 21 20 50 29 65 2 8 75 4 48 36 25 13 17 34 62 10 49 64 69 71 60 
60 71 69 64 49 10 62 34 17 13 25 36 48 4 75 8 2 65 29 50 20 21 30 68 0 63 46 31 9 1 67 78 26 58 3 14 56 16 70 66 72 41 76 19 33 7 42 55 37 18 51 52 57 77 28 47 32 38 5 12 15 6 61 44 23 39 27 79 74 54 24 53 45 43 40 35 73 11 59 22 
72 1 76 77 15 31 3 75 52 9 50 36 63 13 55 0 38 46 48 18 14 70 25 60 61 53 43 73 11 66 30 6 74 2 64 19 40 17 35 27 16 79 49 4 7 62 51 59 24 21 32 54 39 45 29 26 23 44 57 42 69 58 8 22 12 20 71 10 28 67 34 68 5 56 65 41 78 33 37 47 
47 37 33 78 41 65 56 5 68 34 67 28 10 71 20 12 22 8 58 69 42 57 44 23 26 29 45 39 54 32 21 24 59 51 62 7 4 49 79 16 27 35 17 40 19 64 2 74 6 30 66 11 73 43 53 61 60 25 70 14 18 48 46 38 0 55 13 63 36 50 9 52 75 3 31 15 77 76 1 72 
17 38 66 62 7 63 78 64 2 25 55 42 13 54 32 34 58 40 73 10 19 18 57 16 60 33 35 67 47 56 43 14 9 22 65 70 24 21 50 77 53 71 4 31 37 72 46 79 76 23 1 8 11 75 69 49 36 68 15 59 5 26 45 28 48 52 0 20 74 3 27 44 29 6 12 39 51 61 41 30 
30 41 61 51 39 12 6 29 44 27 3 74 20 0 52 48 28 45 26 5 59 15 68 36 49 69 75 11 8 1 23 76 79 46 72 37 31 4 71 53 77 50 21 24 70 65 22 9 14 43 56 47 67 35 33 60 16 57 18 19 10 73 40 58 34 32 54 13 42 55 25 2 64 78 63 7 62 66 38 17 
1 54 76 6 28 49 58 47 51 46 66 35 16 14 11 73 4 42 72 75 31 24 21 43 33 44 69 78 61 8 17 63 29 12 23 34 22 5 27 59 70 77 41 71 40 48 13 3 30 56 53 62 45 52 0 7 64 39 38 57 36 18 60 20 10 55 74 67 19 2 65 26 9 68 15 79 32 37 50 25 
25 50 37 32 79 15 68 9 26 65 2 19 67 74 55 10 20 60 18 36 57 38 39 64 7 0 52 45 62 53 56 30 3 13 48 40 71 41 77 70 59 27 5 22 34 23 12 29 63 17 8 61 78 69 44 33 43 21 24 31 75 72 42 4 73 11 14 16 35 66 46 51 47 58 49 28 6 76 54 1 
30 7 75 32 39 4 56 8 59 46 25 22 10 18 60 73 15 74 23 49 35 37 58 20 50 11 53 33 55 65 2 36 0 9 78 28 45 19 77 54 66 41 63 12 21 1 26 61 51 71 64 24 13 3 6 44 67 72 52 76 48 42 47 5 70 68 62 34 31 16 17 27 43 79 38 57 69 40 29 14 
14 29 40 69 57 38 79 43 27 17 16 31 34 62 68 70 5 47 42 48 76 52 72 67 44 6 3 13 24 64 71 51 61 26 1 21 12 63 41 66 54 77 19 45 28 78 9 0 36 2 65 55 33 53 11 50 20 58 37 35 49 23 74 15 73 60 18 10 22 25 46 59 8 56 4 39 32 75 7 30 
59 35 24 13 76 29 26 37 2 70 60 44 42 72 33 12 21 79 25 41 62 10 38 30 40 28 15 74 58 52 39 75 49 19 27 61 56 50 55 71 4 51 17 47 18 11 3 22 69 64 45 8 1 68 32 48 43 7 16 31 63 53 77 57 65 23 34 20 67 6 54 14 66 0 9 46 5 36 73 78 
78 73 36 5 46 9 0 66 14 54 6 67 20 34 23 65 57 77 53 63 31 16 7 43 48 32 68 1 8 45 64 69 22 3 11 18 47 17 51 4 71 55 50 56 61 27 19 49 75 39 52 58 74 15 28 40 30 38 10 62 41 25 79 21 12 33 72 42 44 60 70 2 37 26 29 76 13 24 35 59 
11 52 9 56 37 0 43 62 77 65 67 57 6 44 28 18 25 39 17 61 42 19 13 14 24 8 73 2 79 30 75 1 76 78 54 74 71 58 70 63 46 55 64 68 69 59 66 41 60 51 45 38 72 49 53 50 47 31 36 21 35 48 40 33 23 16 34 15 32 20 3 7 12 4 29 22 10 5 26 27 
27 26 5 10 22 29 4 12 7 3 20 32 15 34 16 23 33 40 48 35 21 36 31 47 50 53 49 72 38 45 51 60 41 66 59 69 68 64 55 46 63 70 58 71 74 54 78 76 1 75 30 79 2 73 8 24 14 13 19 42 61 17 39 25 18 28 44 6 57 67 65 77 62 43 0 37 56 9 52 11 
