18 3 18
12 17 16 4 7 6 3 15 2 13 14 8 1 5 9 10 0 11 
11 0 10 9 5 1 8 14 13 2 15 3 6 7 4 16 17 12 
14 15 3 1 5 16 10 0 12 11 17 9 4 7 6 8 2 13 
13 2 8 6 7 4 9 17 11 12 0 10 16 5 1 3 15 14 
6 4 5 9 10 12 0 15 16 14 13 2 17 11 3 1 8 7 
7 8 1 3 11 17 2 13 14 16 15 0 12 10 9 5 4 6 
0 13 12 14 5 1 4 3 8 6 7 17 11 9 15 16 10 2 
2 10 16 15 9 11 17 7 6 8 3 4 1 5 14 12 13 0 
17 9 4 8 15 1 0 7 10 13 12 2 16 14 6 3 11 5 
5 11 3 6 14 16 2 12 13 10 7 0 1 15 8 4 9 17 
3 7 12 9 0 13 6 16 11 17 8 14 4 5 1 2 10 15 
15 10 2 1 5 4 14 8 17 11 16 6 13 0 9 12 7 3 
14 13 7 10 17 0 11 6 15 5 4 12 9 8 3 2 1 16 
16 1 2 3 8 9 12 4 5 15 6 11 0 17 10 7 13 14 
11 15 0 8 7 16 13 14 4 2 10 3 9 1 5 17 12 6 
6 12 17 5 1 9 3 10 2 4 14 13 16 7 8 0 15 11 
13 16 11 17 9 5 1 3 14 4 15 6 7 0 8 2 12 10 
10 12 2 8 0 7 6 15 4 14 3 1 5 9 17 11 16 13 
