30 3 90
83 88 89 82 87 78 81 86 77 79 70 76 84 80 73 75 57 65 66 85 74 68 72 67 61 53 71 58 48 69 52 63 64 56 54 59 55 44 47 40 50 45 42 62 60 49 51 31 25 41 39 43 35 46 36 38 28 34 32 27 20 24 26 23 16 30 29 13 37 19 15 33 18 21 8 22 17 7 11 14 12 9 6 3 1 10 2 5 4 0 
0 4 5 2 10 1 3 6 9 12 14 11 7 17 22 8 21 18 33 15 19 37 13 29 30 16 23 26 24 20 27 32 34 28 38 36 46 35 43 39 41 25 31 51 49 60 62 42 45 50 40 47 44 55 59 54 56 64 63 52 69 48 58 71 53 61 67 72 68 74 85 66 65 57 75 73 80 84 76 70 79 77 86 81 78 87 82 89 88 83 
82 78 79 70 73 57 66 68 53 58 69 59 88 84 63 55 45 42 25 41 36 28 32 24 16 15 17 9 75 74 60 39 43 46 23 13 33 8 7 11 12 10 2 0 64 37 4 1 14 83 5 3 22 21 62 6 18 29 30 26 27 34 38 35 56 52 48 72 85 86 19 20 31 65 80 76 87 89 51 49 50 40 47 44 54 71 61 67 77 81 
81 77 67 61 71 54 44 47 40 50 49 51 89 87 76 80 65 31 20 19 86 85 72 48 52 56 35 38 34 27 26 30 29 18 6 62 21 22 3 5 83 14 1 4 37 64 0 2 10 12 11 7 8 33 13 23 46 43 39 60 74 75 9 17 15 16 24 32 28 36 41 25 42 45 55 63 84 88 59 69 58 53 68 66 57 73 70 79 78 82 
46 43 60 39 64 15 18 30 41 17 26 27 10 38 72 74 19 20 31 40 44 54 73 66 63 45 42 13 8 7 11 14 65 84 80 12 76 71 88 87 2 81 5 89 0 82 77 83 79 55 4 57 70 78 75 48 6 67 61 47 86 35 1 33 85 23 53 58 68 50 51 52 56 3 59 9 34 22 21 37 25 69 49 29 62 28 36 16 24 32 
32 24 16 36 28 62 29 49 69 25 37 21 22 34 9 59 3 56 52 51 50 68 58 53 23 85 33 1 35 86 47 61 67 6 48 75 78 70 57 4 55 79 83 77 82 0 89 5 81 2 87 88 71 76 12 80 84 65 14 11 7 8 13 42 45 63 66 73 54 44 40 31 20 19 74 72 38 10 27 26 17 41 30 18 15 64 39 60 43 46 
13 33 23 62 42 11 12 2 5 47 4 64 60 59 53 52 72 68 85 66 38 65 80 76 70 26 34 30 39 86 22 25 40 87 36 21 18 16 32 77 82 81 88 43 29 78 49 89 41 10 69 15 31 67 1 3 79 73 57 17 84 71 24 28 27 9 61 74 54 19 37 58 44 50 51 83 75 46 20 48 56 35 63 55 45 0 6 14 7 8 
8 7 14 6 0 45 55 63 35 56 48 20 46 75 83 51 50 44 58 37 19 54 74 61 9 27 28 24 71 84 17 57 73 79 3 1 67 31 15 69 10 41 89 49 78 29 43 88 81 82 77 32 16 18 21 36 87 40 25 22 86 39 30 34 26 70 76 80 65 38 66 85 68 72 52 53 59 60 64 4 47 5 2 12 11 42 62 23 33 13 
15 43 9 22 52 3 10 69 48 85 49 57 71 36 84 58 76 5 77 24 32 42 27 45 87 40 44 82 61 37 83 2 0 38 66 30 53 29 72 88 11 62 14 46 78 73 47 8 13 7 6 54 33 4 59 60 70 81 26 55 20 12 51 50 89 68 64 80 18 19 65 25 34 63 56 35 16 28 17 23 86 79 39 41 75 74 1 67 21 31 
31 21 67 1 74 75 41 39 79 86 23 17 28 16 35 56 63 34 25 65 19 18 80 64 68 89 50 51 12 20 55 26 81 70 60 59 4 33 54 6 7 13 8 47 73 78 46 14 62 11 88 72 29 53 30 66 38 0 2 83 37 61 82 44 40 87 45 27 42 32 24 77 5 76 58 84 36 71 57 49 85 48 69 10 3 52 22 9 43 15 
88 30 29 83 7 11 54 55 6 4 53 12 80 42 65 34 31 45 40 62 32 61 57 73 51 10 77 38 19 43 35 16 24 17 85 68 75 3 63 39 21 69 15 82 79 81 23 76 0 74 49 2 9 86 56 52 28 60 48 20 25 64 46 22 44 70 66 84 67 71 58 36 18 5 37 1 41 59 50 26 13 8 27 33 47 89 87 78 72 14 
14 72 78 87 89 47 33 27 8 13 26 50 59 41 1 37 5 18 36 58 71 67 84 66 70 44 22 46 64 25 20 48 60 28 52 56 86 9 2 49 74 0 76 23 81 79 82 15 69 21 39 63 3 75 68 85 17 24 16 35 43 19 38 77 10 51 73 57 61 32 62 40 45 31 34 65 42 80 12 53 4 6 55 54 11 7 83 29 30 88 
25 19 44 64 39 46 85 3 50 75 34 21 24 66 65 38 37 57 48 62 79 36 31 6 8 77 26 53 5 76 43 4 55 35 33 10 89 29 54 88 78 41 67 87 11 52 69 72 68 9 74 59 30 73 42 1 7 14 15 13 22 83 71 23 80 58 27 86 84 12 63 47 18 70 45 40 20 32 61 2 0 17 16 28 49 82 56 60 81 51 
51 81 60 56 82 49 28 16 17 0 2 61 32 20 40 45 70 18 47 63 12 84 86 27 58 80 23 71 83 22 13 15 14 7 1 42 73 30 59 74 9 68 72 69 52 11 87 67 41 78 88 54 29 89 10 33 35 55 4 43 76 5 53 26 77 8 6 31 36 79 62 48 57 37 38 65 66 24 21 34 75 50 3 85 46 39 64 44 19 25 
23 74 84 36 77 86 38 52 59 11 73 37 18 1 40 34 32 87 31 53 42 46 83 13 44 9 15 63 49 55 56 5 89 6 16 60 78 51 14 64 7 20 25 3 19 57 79 65 39 10 21 50 81 48 82 28 0 45 12 61 47 26 24 17 27 85 75 70 80 58 22 66 43 30 62 72 8 67 41 29 68 71 69 33 88 54 76 35 4 2 
2 4 35 76 54 88 33 69 71 68 29 41 67 8 72 62 30 43 66 22 58 80 70 75 85 27 17 24 26 47 61 12 45 0 28 82 48 81 50 21 10 39 65 79 57 19 3 25 20 7 64 14 51 78 60 16 6 89 5 56 55 49 63 15 9 44 13 83 46 42 53 31 87 32 34 40 1 18 37 73 11 59 52 38 86 77 36 84 74 23 
38 12 68 57 89 21 19 45 7 81 59 27 29 64 83 52 58 14 2 42 10 76 18 9 74 80 50 56 60 24 84 77 5 54 66 39 71 23 35 44 63 32 85 33 28 41 49 25 37 40 6 88 11 87 34 8 86 70 46 79 26 36 82 13 67 31 69 0 30 17 62 73 16 61 3 75 53 47 55 51 4 72 1 15 78 65 43 22 20 48 
48 20 22 43 65 78 15 1 72 4 51 55 47 53 75 3 61 16 73 62 17 30 0 69 31 67 13 82 36 26 79 46 70 86 8 34 87 11 88 6 40 37 25 49 41 28 33 85 32 63 44 35 23 71 39 66 54 5 77 84 24 60 56 50 80 74 9 18 76 10 42 2 14 58 52 83 64 29 27 59 81 7 45 19 21 89 57 68 12 38 
70 5 6 56 25 49 8 76 52 13 46 42 86 31 37 72 79 61 62 35 84 24 38 74 45 10 80 27 17 53 1 89 22 85 20 2 41 58 68 67 65 83 19 59 16 81 21 43 18 34 7 15 29 47 55 4 9 69 3 64 14 88 48 63 30 11 51 39 78 57 54 12 77 33 75 82 23 50 26 73 87 60 66 71 32 36 44 28 40 0 
0 40 28 44 36 32 71 66 60 87 73 26 50 23 82 75 33 77 12 54 57 78 39 51 11 30 63 48 88 14 64 3 69 9 4 55 47 29 15 7 34 18 43 21 81 16 59 19 83 65 67 68 58 41 2 20 85 22 89 1 53 17 27 80 10 45 74 38 24 84 35 62 61 79 72 37 31 86 42 46 13 52 76 8 49 25 56 6 5 70 
3 21 46 9 64 20 55 11 84 69 67 63 70 82 26 71 2 61 13 45 37 56 77 14 52 85 25 81 1 18 43 57 30 12 41 31 72 54 28 59 29 32 75 62 87 23 86 22 38 6 66 36 8 78 51 58 4 76 83 42 65 0 19 40 53 88 5 39 15 48 35 80 47 10 44 49 74 16 17 34 89 27 73 50 24 33 79 68 60 7 
7 60 68 79 33 24 50 73 27 89 34 17 16 74 49 44 10 47 80 35 48 15 39 5 88 53 40 19 0 65 42 83 76 4 58 51 78 8 36 66 6 38 22 86 23 87 62 75 32 29 59 28 54 72 31 41 12 30 57 43 18 1 81 25 85 52 14 77 56 37 45 13 61 2 71 26 82 70 63 67 69 84 11 55 20 64 9 46 21 3 
87 66 43 75 80 62 83 14 23 57 20 39 82 49 17 31 71 30 10 55 85 89 46 9 40 18 61 5 25 16 53 56 24 59 48 70 50 68 72 45 52 64 19 12 65 78 1 73 2 7 8 47 81 0 38 44 76 51 58 4 36 74 69 6 21 60 13 15 54 41 3 32 84 22 27 29 33 26 86 28 77 42 88 67 11 63 37 79 34 35 
35 34 79 37 63 11 67 88 42 77 28 86 26 33 29 27 22 84 32 3 41 54 15 13 60 21 6 69 74 36 4 58 51 76 44 38 0 81 47 8 7 2 73 1 78 65 12 19 64 52 45 72 68 50 70 48 59 24 56 53 16 25 5 61 18 40 9 46 89 85 55 10 30 71 31 17 49 82 39 20 57 23 14 83 62 80 75 43 66 87 
48 27 38 56 55 76 14 6 78 36 11 0 85 22 74 66 15 19 63 65 80 47 2 37 24 21 40 23 54 18 67 34 53 41 30 5 44 71 83 25 32 68 3 46 51 42 57 29 20 28 77 49 82 4 8 72 84 89 33 1 79 87 75 13 17 64 62 60 45 69 9 50 61 70 59 86 88 12 73 31 16 7 35 26 81 43 10 58 52 39 
39 52 58 10 43 81 26 35 7 16 31 73 12 88 86 59 70 61 50 9 69 45 60 62 64 17 13 75 87 79 1 33 89 84 72 8 4 82 49 77 28 20 29 57 42 51 46 3 68 32 25 83 71 44 5 30 41 53 34 67 18 54 23 40 21 24 37 2 47 80 65 63 19 15 66 74 22 85 0 11 36 78 6 14 76 55 56 38 27 48 
54 25 64 0 72 68 61 18 9 36 76 19 86 70 84 12 71 37 24 62 49 63 7 31 67 82 28 60 23 8 6 4 39 74 80 59 43 48 30 35 13 55 41 79 51 52 11 66 88 57 10 14 77 27 16 42 85 46 50 33 32 38 83 26 45 20 3 56 34 17 58 1 29 2 89 47 22 44 73 81 15 87 40 53 21 65 78 75 69 5 
5 69 75 78 65 21 53 40 87 15 81 73 44 22 47 89 2 29 1 58 17 34 56 3 20 45 26 83 38 32 33 50 46 85 42 16 27 77 14 10 57 88 66 11 52 51 79 41 55 13 35 30 48 43 59 80 74 39 4 6 8 23 60 28 82 67 31 7 63 49 62 24 37 71 12 84 70 86 19 76 36 9 18 61 68 72 0 64 25 54 
47 11 65 69 79 21 15 84 62 50 6 10 30 86 31 56 43 68 44 40 35 87 19 78 13 59 75 33 54 53 73 8 85 60 5 37 28 46 88 23 22 16 80 26 45 9 48 7 89 77 52 66 12 58 38 70 76 36 17 61 57 64 27 82 39 42 55 32 14 51 25 3 74 2 81 24 72 1 71 67 0 20 41 18 49 4 83 34 63 29 
29 63 34 83 4 49 18 41 20 0 67 71 1 72 24 81 2 74 3 25 51 14 32 55 42 39 82 27 64 57 61 17 36 76 70 38 58 12 66 52 77 89 7 48 9 45 26 80 16 22 23 88 46 28 37 5 60 85 8 73 53 54 33 75 59 13 78 19 87 35 40 44 68 43 56 31 86 30 10 6 50 62 84 15 21 79 69 65 11 47 
