26 3 50
39 47 41 34 40 46 49 48 42 43 45 36 44 33 31 32 35 30 14 24 27 38 28 37 20 13 8 12 19 26 21 22 23 16 15 9 10 25 18 29 5 7 0 4 17 2 11 1 3 6 
6 3 1 11 2 17 4 0 7 5 29 18 25 10 9 15 16 23 22 21 26 19 12 8 13 20 37 28 38 27 24 14 30 35 32 31 33 44 36 45 43 42 48 49 46 40 34 41 47 39 
42 43 32 20 13 19 46 36 35 30 24 21 22 15 34 29 5 41 28 25 4 2 39 11 6 18 3 37 1 17 47 0 7 10 9 16 23 38 27 14 44 45 40 26 12 8 31 49 33 48 
48 33 49 31 8 12 26 40 45 44 14 27 38 23 16 9 10 7 0 47 17 1 37 3 18 6 11 39 2 4 25 28 41 5 29 34 15 22 21 24 30 35 36 46 19 13 20 32 43 42 
37 7 18 5 1 29 11 9 22 17 27 24 35 36 45 12 47 20 19 31 43 49 2 34 48 40 23 41 42 46 32 33 26 39 8 13 44 30 14 15 38 21 16 25 4 10 6 3 28 0 
0 28 3 6 10 4 25 16 21 38 15 14 30 44 13 8 39 26 33 32 46 42 41 23 40 48 34 2 49 43 31 19 20 47 12 45 36 35 24 27 17 22 9 11 29 1 5 18 7 37 
41 26 19 15 47 12 39 13 20 4 27 17 9 6 21 32 31 33 28 29 7 0 48 43 1 25 40 49 18 46 42 36 14 16 3 37 5 11 45 44 35 22 30 8 24 34 38 2 23 10 
10 23 2 38 34 24 8 30 22 35 44 45 11 5 37 3 16 14 36 42 46 18 49 40 25 1 43 48 0 7 29 28 33 31 32 21 6 9 17 27 4 20 13 39 12 47 15 19 26 41 
28 31 14 18 37 30 32 48 21 38 9 36 2 19 45 43 47 11 10 4 17 26 3 34 39 49 6 22 24 41 12 0 42 7 8 1 35 44 16 15 13 20 27 5 29 25 33 40 46 23 
23 46 40 33 25 29 5 27 20 13 15 16 44 35 1 8 7 42 0 12 41 24 22 6 49 39 34 3 26 17 4 10 11 47 43 45 19 2 36 9 38 21 48 32 30 37 18 14 31 28 
36 49 25 0 17 11 45 13 34 7 38 26 41 24 29 14 44 6 19 27 46 23 18 32 4 30 33 47 20 37 28 31 40 15 35 3 9 5 10 21 16 39 1 48 2 8 42 12 43 22 
22 43 12 42 8 2 48 1 39 16 21 10 5 9 3 35 15 40 31 28 37 20 47 33 30 4 32 18 23 46 27 19 6 44 14 29 24 41 26 38 7 34 13 45 11 17 0 25 49 36 
44 47 35 15 7 46 3 19 37 38 21 4 45 28 42 9 33 48 12 27 5 8 13 10 40 36 2 49 25 11 30 41 17 43 23 34 1 26 24 0 29 22 39 31 16 14 6 18 32 20 
20 32 18 6 14 16 31 39 22 29 0 24 26 1 34 23 43 17 41 30 11 25 49 2 36 40 10 13 8 5 27 12 48 33 9 42 28 45 4 21 38 37 19 3 46 7 15 35 47 44 
27 25 42 40 4 24 19 11 26 1 38 37 12 15 16 28 2 10 44 31 34 18 46 32 20 39 45 35 7 14 21 0 47 13 6 43 48 23 33 22 41 3 29 5 30 9 36 49 17 8 
8 17 49 36 9 30 5 29 3 41 22 33 23 48 43 6 13 47 0 21 14 7 35 45 39 20 32 46 18 34 31 44 10 2 28 16 15 12 37 38 1 26 11 19 24 4 40 42 25 27 
39 45 21 34 13 16 0 4 11 35 23 47 1 30 9 27 8 32 25 44 29 31 46 3 18 26 19 22 33 48 37 5 38 15 36 6 7 40 24 41 12 49 42 2 43 17 20 28 10 14 
14 10 28 20 17 43 2 42 49 12 41 24 40 7 6 36 15 38 5 37 48 33 22 19 26 18 3 46 31 29 44 25 32 8 27 9 30 1 47 23 35 11 4 0 16 13 34 21 45 39 
37 7 44 35 18 34 40 26 43 9 25 23 22 4 6 36 13 10 48 39 1 3 42 12 28 30 49 31 21 2 15 20 11 47 0 14 19 38 5 16 8 17 41 27 45 24 33 46 32 29 
29 32 46 33 24 45 27 41 17 8 16 5 38 19 14 0 47 11 20 15 2 21 31 49 30 28 12 42 3 1 39 48 10 13 36 6 4 22 23 25 9 43 26 40 34 18 35 44 7 37 
11 5 42 32 44 4 37 23 21 17 0 40 18 7 14 8 28 46 39 41 47 10 19 24 25 13 35 9 49 20 12 34 27 22 2 45 29 43 48 1 6 16 3 38 33 36 31 30 26 15 
15 26 30 31 36 33 38 3 16 6 1 48 43 29 45 2 22 27 34 12 20 49 9 35 13 25 24 19 10 47 41 39 46 28 8 14 7 18 40 0 17 21 23 37 4 44 32 42 5 11 
20 3 1 47 34 33 18 13 41 16 27 37 14 24 43 48 4 26 17 28 42 25 44 23 36 0 15 39 32 6 49 5 30 8 11 7 9 38 19 22 46 45 21 12 31 10 35 40 2 29 
29 2 40 35 10 31 12 21 45 46 22 19 38 9 7 11 8 30 5 49 6 32 39 15 0 36 23 44 25 42 28 17 26 4 48 43 24 14 37 27 16 41 13 18 33 34 47 1 3 20 
47 12 11 29 32 40 28 13 34 4 5 43 3 42 0 33 14 1 18 27 25 46 20 49 41 45 48 9 37 16 35 7 31 39 44 10 23 22 38 36 21 17 30 15 2 26 19 6 24 8 
8 24 6 19 26 2 15 30 17 21 36 38 22 23 10 44 39 31 7 35 16 37 9 48 45 41 49 20 46 25 27 18 1 14 33 0 42 3 43 5 4 34 13 28 40 32 29 11 12 47 
