20 3 28
20 14 27 25 18 22 15 23 11 24 26 21 10 19 13 7 9 17 6 1 16 3 12 5 4 0 2 8 
8 2 0 4 5 12 3 16 1 6 17 9 7 13 19 10 21 26 24 11 23 15 22 18 25 27 14 20 
7 13 10 21 1 24 16 15 22 12 5 0 2 20 8 4 14 27 25 18 3 23 11 6 26 17 19 9 
9 19 17 26 6 11 23 3 18 25 27 14 4 8 20 2 0 5 12 22 15 16 24 1 21 10 13 7 
12 11 24 22 10 18 6 2 8 25 13 9 17 16 1 20 14 7 19 0 27 21 26 4 23 15 5 3 
3 5 15 23 4 26 21 27 0 19 7 14 20 1 16 17 9 13 25 8 2 6 18 10 22 24 11 12 
1 20 6 19 21 26 22 2 5 18 24 3 9 13 8 27 12 11 15 0 23 25 4 16 7 10 17 14 
14 17 10 7 16 4 25 23 0 15 11 12 27 8 13 9 3 24 18 5 2 22 26 21 19 6 20 1 
13 9 0 2 27 23 24 6 10 11 7 19 20 4 1 14 12 22 3 5 17 26 21 16 18 25 15 8 
8 15 25 18 16 21 26 17 5 3 22 12 14 1 4 20 19 7 11 10 6 24 23 27 2 0 9 13 
3 22 21 0 19 16 23 25 6 24 13 14 8 9 20 18 10 15 2 1 17 5 27 26 7 4 12 11 
11 12 4 7 26 27 5 17 1 2 15 10 18 20 9 8 14 13 24 6 25 23 16 19 0 21 22 3 
13 6 20 25 1 7 23 11 4 16 5 22 3 27 12 21 9 8 15 0 26 24 18 19 2 14 17 10 
10 17 14 2 19 18 24 26 0 15 8 9 21 12 27 3 22 5 16 4 11 23 7 1 25 20 6 13 
24 23 16 5 0 26 21 11 7 6 18 14 19 8 10 20 22 17 25 4 15 2 9 3 13 12 27 1 
1 27 12 13 3 9 2 15 4 25 17 22 20 10 8 19 14 18 6 7 11 21 26 0 5 16 23 24 
20 2 12 19 14 5 8 27 0 11 25 24 1 17 13 21 3 23 26 10 6 7 15 4 18 16 22 9 
9 22 16 18 4 15 7 6 10 26 23 3 21 13 17 1 24 25 11 0 27 8 5 14 19 12 2 20 
14 22 4 17 8 23 27 3 21 24 15 20 10 1 19 7 2 11 5 25 16 0 6 18 12 26 13 9 
9 13 26 12 18 6 0 16 25 5 11 2 7 19 1 10 20 15 24 21 3 27 23 8 17 4 22 14 
