18 3 17
10 7 15 9 13 14 3 16 12 8 11 2 4 6 0 1 5 
5 1 0 6 4 2 11 8 12 16 3 14 13 9 15 7 10 
12 8 3 2 4 1 15 5 10 7 0 6 9 13 14 11 16 
16 11 14 13 9 6 0 7 10 5 15 1 4 2 3 8 12 
6 15 4 3 8 14 11 10 12 16 9 5 13 1 2 0 7 
7 0 2 1 13 5 9 16 12 10 11 14 8 3 4 15 6 
13 11 3 10 1 4 5 14 15 6 7 0 8 2 9 16 12 
12 16 9 2 8 0 7 6 15 14 5 4 1 10 3 11 13 
14 4 15 1 2 9 7 6 16 12 13 3 0 8 11 10 5 
5 10 11 8 0 3 13 12 16 6 7 9 2 1 15 4 14 
6 9 3 12 15 0 11 1 10 14 2 7 4 8 13 5 16 
16 5 13 8 4 7 2 14 10 1 11 0 15 12 3 9 6 
1 7 4 10 8 6 5 15 13 12 16 9 3 2 11 14 0 
0 14 11 2 3 9 16 12 13 15 5 6 8 10 4 7 1 
2 4 13 16 12 5 6 15 7 0 8 11 3 1 10 9 14 
14 9 10 1 3 11 8 0 7 15 6 5 12 16 13 4 2 
14 5 11 9 12 4 13 3 6 0 10 15 8 7 16 1 2 
2 1 16 7 8 15 10 0 6 3 13 4 12 9 11 5 14 
