24 3 40
34 38 32 31 33 39 37 35 30 29 28 23 20 36 25 27 26 21 19 22 24 10 14 16 13 18 9 15 11 8 17 7 6 5 12 3 0 4 2 1 
1 2 4 0 3 12 5 6 7 17 8 11 15 9 18 13 16 14 10 24 22 19 21 26 27 25 36 20 23 28 29 30 35 37 39 33 31 32 38 34 
29 23 25 27 37 39 9 26 31 10 15 7 3 0 19 38 16 18 12 17 34 1 2 4 5 6 8 13 24 32 11 14 22 21 33 36 20 35 30 28 
28 30 35 20 36 33 21 22 14 11 32 24 13 8 6 5 4 2 1 34 17 12 18 16 38 19 0 3 7 15 10 31 26 9 39 37 27 25 23 29 
11 15 14 6 22 13 19 17 10 9 0 2 20 39 31 23 1 35 34 33 29 30 37 4 28 25 38 32 26 12 36 27 3 5 8 21 7 24 16 18 
18 16 24 7 21 8 5 3 27 36 12 26 32 38 25 28 4 37 30 29 33 34 35 1 23 31 39 20 2 0 9 10 17 19 13 22 6 14 15 11 
34 16 9 14 19 4 2 8 15 7 25 35 32 11 36 37 10 27 29 30 21 31 1 33 24 22 28 39 3 23 20 0 5 12 26 6 17 13 18 38 
38 18 13 17 6 26 12 5 0 20 23 3 39 28 22 24 33 1 31 21 30 29 27 10 37 36 11 32 35 25 7 15 8 2 4 19 14 9 16 34 
24 20 29 30 12 0 4 26 9 37 11 35 31 39 8 13 2 21 18 34 38 32 16 14 19 23 5 6 15 7 22 3 17 36 25 10 28 33 27 1 
1 27 33 28 10 25 36 17 3 22 7 15 6 5 23 19 14 16 32 38 34 18 21 2 13 8 39 31 35 11 37 9 26 4 0 12 30 29 20 24 
37 32 8 15 3 2 31 22 26 11 27 36 0 20 24 19 16 6 28 12 30 23 34 1 38 18 14 13 25 4 33 17 39 29 21 9 10 7 35 5 
5 35 7 10 9 21 29 39 17 33 4 25 13 14 18 38 1 34 23 30 12 28 6 16 19 24 20 0 36 27 11 26 22 31 2 3 15 8 32 37 
19 39 6 21 16 0 26 10 11 33 27 32 1 8 37 4 38 34 17 7 12 22 14 29 5 28 3 35 24 20 9 23 2 25 31 30 15 36 18 13 
13 18 36 15 30 31 25 2 23 9 20 24 35 3 28 5 29 14 22 12 7 17 34 38 4 37 8 1 32 27 33 11 10 26 0 16 21 6 39 19 
38 34 14 3 4 33 21 20 31 26 7 6 10 2 36 0 16 13 11 37 30 9 29 5 27 28 18 39 1 25 8 15 19 35 17 12 32 22 23 24 
24 23 22 32 12 17 35 19 15 8 25 1 39 18 28 27 5 29 9 30 37 11 13 16 0 36 2 10 6 7 26 31 20 21 33 4 3 14 34 38 
36 1 11 25 16 31 8 30 18 17 0 32 29 33 19 13 21 5 15 14 20 27 9 39 4 24 38 6 3 37 2 28 26 22 12 34 23 35 7 10 
10 7 35 23 34 12 22 26 28 2 37 3 6 38 24 4 39 9 27 20 14 15 5 21 13 19 33 29 32 0 17 18 30 8 31 16 25 11 1 36 
26 9 32 18 4 6 2 22 38 30 19 16 25 3 28 31 34 0 35 23 7 17 24 11 33 10 36 29 21 8 15 39 20 13 12 14 1 27 37 5 
5 37 27 1 14 12 13 20 39 15 8 21 29 36 10 33 11 24 17 7 23 35 0 34 31 28 3 25 16 19 30 38 22 2 6 4 18 32 9 26 
29 33 17 19 2 26 36 8 9 34 6 5 24 25 18 21 32 1 13 10 3 39 15 22 35 11 30 27 4 16 23 38 14 7 0 20 28 31 12 37 
37 12 31 28 20 0 7 14 38 23 16 4 27 30 11 35 22 15 39 3 10 13 1 32 21 18 25 24 5 6 34 9 8 36 26 2 19 17 33 29 
6 31 9 7 37 12 5 16 23 15 25 33 22 19 39 1 26 27 17 8 28 20 10 13 29 34 36 30 38 35 11 24 21 3 4 32 0 2 14 18 
18 14 2 0 32 4 3 21 24 11 35 38 30 36 34 29 13 10 20 28 8 17 27 26 1 39 19 22 33 25 15 23 16 5 12 37 7 9 31 6 
