18 3 21
13 20 17 16 19 14 18 11 12 2 15 9 10 7 0 6 8 1 3 5 4 
4 5 3 1 8 6 0 7 10 9 15 2 12 11 18 14 19 16 17 20 13 
11 9 7 14 19 15 1 17 20 5 4 13 3 16 8 6 0 2 10 12 18 
18 12 10 2 0 6 8 16 3 13 4 5 20 17 1 15 19 14 7 9 11 
0 3 15 14 17 7 9 12 2 16 18 11 4 13 5 19 8 6 10 1 20 
20 1 10 6 8 19 5 13 4 11 18 16 2 12 9 7 17 14 15 3 0 
12 16 7 5 17 6 14 10 1 20 3 0 19 9 8 15 13 4 18 11 2 
2 11 18 4 13 15 8 9 19 0 3 20 1 10 14 6 17 5 7 16 12 
6 9 0 1 13 16 2 14 20 7 4 11 18 5 12 3 15 17 8 10 19 
19 10 8 17 15 3 12 5 18 11 4 7 20 14 2 16 13 1 0 9 6 
4 14 18 11 12 17 13 6 1 0 19 3 9 10 20 8 15 2 16 7 5 
5 7 16 2 15 8 20 10 9 3 19 0 1 6 13 17 12 11 18 14 4 
3 9 6 10 20 17 4 7 2 18 5 14 15 11 12 0 1 13 16 19 8 
8 19 16 13 1 0 12 11 15 14 5 18 2 7 4 17 20 10 6 9 3 
4 17 1 19 2 7 13 10 6 3 0 20 8 11 12 9 5 16 14 18 15 
15 18 14 16 5 9 12 11 8 20 0 3 6 10 13 7 2 19 1 17 4 
2 0 1 3 14 19 8 9 18 12 4 16 17 15 6 5 7 10 11 13 20 
20 13 11 10 7 5 6 15 17 16 4 12 18 9 8 19 14 3 1 0 2 
