18 3 19
18 11 10 15 17 6 7 5 4 14 8 1 9 12 16 3 0 2 13 
13 2 0 3 16 12 9 1 8 14 4 5 7 6 17 15 10 11 18 
8 1 9 6 17 15 0 2 18 13 11 10 3 16 7 12 5 4 14 
14 4 5 12 7 16 3 10 11 13 18 2 0 15 17 6 9 1 8 
5 9 14 3 15 1 10 2 13 17 18 8 0 4 11 6 7 16 12 
12 16 7 6 11 4 0 8 18 17 13 2 10 1 15 3 14 9 5 
17 10 0 6 3 8 7 16 5 9 14 12 1 18 11 4 15 13 2 
2 13 15 4 11 18 1 12 14 9 5 16 7 8 3 6 0 10 17 
1 7 3 18 14 6 16 17 13 9 10 0 15 4 2 11 5 12 8 
8 12 5 11 2 4 15 0 10 9 13 17 16 6 14 18 3 7 1 
0 10 4 18 13 6 1 5 8 7 3 12 9 2 11 14 16 15 17 
17 15 16 14 11 2 9 12 3 7 8 5 1 6 13 18 4 10 0 
18 0 2 11 6 12 3 5 7 15 1 17 14 10 8 13 16 4 9 
9 4 16 13 8 10 14 17 1 15 7 5 3 12 6 11 2 0 18 
1 10 2 11 16 14 8 18 4 0 6 13 17 5 12 9 3 15 7 
7 15 3 9 12 5 17 13 6 0 4 18 8 14 16 11 2 10 1 
9 7 13 14 18 8 2 4 5 6 0 11 17 15 1 10 12 3 16 
16 3 12 10 1 15 17 11 0 6 5 4 2 8 18 14 13 7 9 
