28 3 70
68 63 66 67 59 65 61 62 58 64 56 54 53 69 60 51 44 57 55 50 52 47 36 46 41 42 45 49 38 34 39 30 40 48 23 33 43 37 35 31 32 29 28 16 21 14 17 26 25 10 20 24 18 12 27 11 22 9 8 3 7 19 1 6 15 4 13 0 5 2 
2 5 0 13 4 15 6 1 19 7 3 8 9 22 11 27 12 18 24 20 10 25 26 17 14 21 16 28 29 32 31 35 37 43 33 23 48 40 30 39 34 38 49 45 42 41 46 36 47 52 50 55 57 44 51 60 69 53 54 56 64 58 62 61 65 59 67 66 63 68 
31 64 54 28 62 69 16 21 59 60 51 50 36 41 63 45 34 30 23 25 57 43 35 24 18 12 3 7 1 52 19 15 13 27 5 68 2 0 4 6 22 33 48 8 11 10 37 40 39 49 42 55 44 66 9 20 26 17 14 38 46 47 67 65 53 61 58 29 56 32 
32 56 29 58 61 53 65 67 47 46 38 14 17 26 20 9 66 44 55 42 49 39 40 37 10 11 8 48 33 22 6 4 0 2 68 5 27 13 15 19 52 1 7 3 12 18 24 35 43 57 25 23 30 34 45 63 41 36 50 51 60 59 21 16 69 62 28 54 64 31 
48 3 7 19 41 10 37 15 13 0 42 50 40 55 44 14 20 60 34 54 35 30 43 21 9 47 16 61 29 59 66 56 32 31 68 64 58 2 63 67 5 28 53 12 65 62 11 18 24 23 45 69 51 36 57 46 38 26 17 49 4 6 52 8 39 1 22 27 25 33 
33 25 27 22 1 39 8 52 6 4 49 17 26 38 46 57 36 51 69 45 23 24 18 11 62 65 12 53 28 5 67 63 2 58 64 68 31 32 56 66 59 29 61 16 47 9 21 43 30 35 54 34 60 20 14 44 55 40 50 42 0 13 15 37 10 41 19 7 3 48 
23 30 34 18 12 49 21 42 2 37 10 44 26 52 51 16 39 66 19 46 29 63 7 3 1 22 47 54 48 4 33 58 53 64 25 67 61 31 0 62 56 13 69 59 65 8 5 6 50 41 15 32 36 38 9 40 60 27 14 17 20 28 68 57 55 45 11 24 35 43 
43 35 24 11 45 55 57 68 28 20 17 14 27 60 40 9 38 36 32 15 41 50 6 5 8 65 59 69 13 56 62 0 31 61 67 25 64 53 58 33 4 48 54 47 22 1 3 7 63 29 46 19 66 39 16 51 52 26 44 10 37 2 42 21 49 12 18 34 30 23 
33 16 44 69 67 58 10 18 38 9 4 43 46 52 8 25 13 37 2 30 50 42 60 28 54 56 17 14 3 23 45 62 68 61 19 27 21 24 55 6 59 15 49 7 20 51 36 1 64 41 32 34 26 0 35 11 12 29 63 66 53 57 40 22 47 65 39 5 48 31 
31 48 5 39 65 47 22 40 57 53 66 63 29 12 11 35 0 26 34 32 41 64 1 36 51 20 7 49 15 59 6 55 24 21 27 19 61 68 62 45 23 3 14 17 56 54 28 60 42 50 30 2 37 13 25 8 52 46 43 4 9 38 18 10 58 67 69 44 16 33 
62 49 61 32 20 30 54 45 42 8 15 36 68 7 11 1 46 47 60 52 18 0 43 67 16 12 31 66 40 33 48 39 44 38 65 34 57 22 63 69 5 9 10 17 25 4 35 13 58 64 21 2 53 26 28 51 3 19 55 27 41 37 50 6 56 23 29 24 14 59 
59 14 24 29 23 56 6 50 37 41 27 55 19 3 51 28 26 53 2 21 64 58 13 35 4 25 17 10 9 5 69 63 22 57 34 65 38 44 39 48 33 40 66 31 12 16 67 43 0 18 52 60 47 46 1 11 7 68 36 15 8 42 45 54 30 20 32 61 49 62 
36 64 22 9 3 1 66 5 38 27 34 35 43 58 33 0 2 47 30 23 14 62 65 50 16 42 41 45 20 51 26 69 56 67 24 61 37 48 49 11 15 18 31 54 39 53 10 59 4 57 55 19 32 8 29 68 46 7 60 40 12 44 25 52 6 13 28 21 63 17 
17 63 21 28 13 6 52 25 44 12 40 60 7 46 68 29 8 32 19 55 57 4 59 10 53 39 54 31 18 15 11 49 48 37 61 24 67 56 69 26 51 20 45 41 42 16 50 65 62 14 23 30 47 2 0 33 58 43 35 34 27 38 5 66 1 3 9 22 64 36 
15 40 45 24 57 4 26 56 52 30 47 39 16 33 21 5 43 10 58 64 49 7 61 14 54 32 13 59 27 23 28 3 66 29 44 22 63 17 55 41 6 60 36 34 68 1 69 9 8 12 19 65 46 62 0 53 67 38 48 50 25 18 42 2 11 31 37 51 35 20 
20 35 51 37 31 11 2 42 18 25 50 48 38 67 53 0 62 46 65 19 12 8 9 69 1 68 34 36 60 6 41 55 17 63 22 44 29 66 3 28 23 27 59 13 32 54 14 61 7 49 64 58 10 43 5 21 33 16 39 47 30 52 56 26 4 57 24 45 40 15 
53 54 66 32 9 10 68 19 8 39 42 6 62 24 50 55 12 23 31 49 43 25 58 64 48 35 13 27 47 67 5 51 15 63 30 1 2 69 52 45 56 37 20 40 3 28 16 4 21 22 57 29 17 26 36 7 11 14 33 61 59 18 38 0 46 65 44 60 41 34 
34 41 60 44 65 46 0 38 18 59 61 33 14 11 7 36 26 17 29 57 22 21 4 16 28 3 40 20 37 56 45 52 69 2 1 30 63 15 51 5 67 47 27 13 35 48 64 58 25 43 49 31 23 12 55 50 24 62 6 42 39 8 19 68 10 9 32 66 54 53 
63 17 67 13 68 7 43 5 2 21 30 33 35 26 64 24 0 36 34 55 11 52 66 10 22 18 60 51 41 8 65 46 62 50 53 32 40 4 14 42 49 25 15 38 37 44 20 19 59 61 1 57 28 56 31 54 39 9 29 6 12 16 45 27 58 48 47 23 69 3 
3 69 23 47 48 58 27 45 16 12 6 29 9 39 54 31 56 28 57 1 61 59 19 20 44 37 38 15 25 49 42 14 4 40 32 53 50 62 46 65 8 41 51 60 18 22 10 66 52 11 55 34 36 0 24 64 26 35 33 30 21 2 5 43 7 68 13 67 17 63 
28 67 16 32 22 55 62 37 41 51 27 11 6 33 0 43 23 30 14 31 47 63 15 68 58 46 49 66 17 13 3 24 44 57 2 40 12 7 45 35 59 54 36 18 9 25 56 20 4 21 19 52 42 60 48 5 26 64 8 53 65 69 10 29 39 38 50 34 61 1 
1 61 34 50 38 39 29 10 69 65 53 8 64 26 5 48 60 42 52 19 21 4 20 56 25 9 18 36 54 59 35 45 7 12 40 2 57 44 24 3 13 17 66 49 46 58 68 15 63 47 31 14 30 23 43 0 33 6 11 27 51 41 37 62 55 22 32 16 67 28 
47 3 12 5 46 51 45 50 43 53 4 59 61 48 1 60 62 55 26 7 24 29 2 8 42 14 0 67 30 35 34 6 65 58 27 64 13 17 44 39 16 63 57 22 9 32 56 36 31 52 54 33 69 11 21 41 23 66 28 37 10 38 19 25 68 20 49 40 15 18 
18 15 40 49 20 68 25 19 38 10 37 28 66 23 41 21 11 69 33 54 52 31 36 56 32 9 22 57 63 16 39 44 17 13 64 27 58 65 6 34 35 30 67 0 14 42 8 2 29 24 7 26 55 62 60 1 48 61 59 4 53 43 50 45 51 46 5 12 3 47 
22 43 54 67 64 39 0 21 30 40 68 62 36 50 14 25 27 51 20 6 49 60 45 28 47 42 8 58 61 3 41 53 63 5 38 44 37 48 24 65 1 13 18 55 15 34 52 29 10 11 7 12 16 23 32 26 31 59 46 2 57 9 17 33 69 4 19 35 66 56 
56 66 35 19 4 69 33 17 9 57 2 46 59 31 26 32 23 16 12 7 11 10 29 52 34 15 55 18 13 1 65 24 48 37 44 38 5 63 53 41 3 61 58 8 42 47 28 45 60 49 6 20 51 27 25 14 50 36 62 68 40 30 21 0 39 64 67 54 43 22 
35 10 32 37 47 29 6 34 43 42 2 4 48 24 68 69 60 56 30 58 64 59 17 11 55 67 57 18 20 38 19 41 54 44 1 23 12 9 65 5 31 14 26 46 61 53 51 63 3 66 49 28 15 36 50 27 40 33 8 16 52 39 13 62 22 7 25 0 45 21 
21 45 0 25 7 22 62 13 39 52 16 8 33 40 27 50 36 15 28 49 66 3 63 51 53 61 46 26 14 31 5 65 9 12 23 1 44 54 41 19 38 20 18 57 67 55 11 17 59 64 58 30 56 60 69 68 24 48 4 2 42 43 34 6 29 47 37 32 10 35 
