22 3 29
27 26 23 25 24 16 28 19 20 21 12 17 18 22 11 15 3 9 7 10 5 6 13 2 8 14 1 4 0 
0 4 1 14 8 2 13 6 5 10 7 9 3 15 11 22 18 17 12 21 20 19 28 16 24 25 23 26 27 
16 12 23 17 7 5 25 22 15 10 2 8 1 4 0 27 14 19 28 24 26 13 6 9 3 11 18 21 20 
20 21 18 11 3 9 6 13 26 24 28 19 14 27 0 4 1 8 2 10 15 22 25 5 7 17 23 12 16 
15 2 5 13 28 11 7 14 17 24 16 4 20 26 0 23 21 12 18 27 1 25 3 6 19 10 22 9 8 
8 9 22 10 19 6 3 25 1 27 18 12 21 23 0 26 20 4 16 24 17 14 7 11 28 13 5 2 15 
14 26 7 10 3 18 17 28 1 21 13 16 15 23 8 9 2 19 27 5 25 20 12 11 0 24 22 4 6 
6 4 22 24 0 11 12 20 25 5 27 19 2 9 8 23 15 16 13 21 1 28 17 18 3 10 7 26 14 
13 21 25 15 0 23 27 3 4 10 17 7 6 20 14 26 22 2 11 8 16 18 24 12 5 9 28 19 1 
1 19 28 9 5 12 24 18 16 8 11 2 22 26 14 20 6 7 17 10 4 3 27 23 0 15 25 21 13 
17 20 8 4 18 19 25 3 16 26 5 7 14 12 6 9 24 13 15 1 28 2 21 22 10 0 27 23 11 
11 23 27 0 10 22 21 2 28 1 15 13 24 9 6 12 14 7 5 26 16 3 25 19 18 4 8 20 17 
7 12 6 19 28 13 10 26 5 0 25 8 17 15 18 11 27 4 20 23 1 22 21 2 9 14 24 3 16 
16 3 24 14 9 2 21 22 1 23 20 4 27 11 18 15 17 8 25 0 5 26 10 13 28 19 6 12 7 
18 24 15 1 7 26 6 12 3 25 2 20 0 27 16 8 11 14 28 13 9 23 4 10 5 17 22 19 21 
21 19 22 17 5 10 4 23 9 13 28 14 11 8 16 27 0 20 2 25 3 12 6 26 7 1 15 24 18 
26 14 4 11 15 23 12 9 24 25 18 21 5 13 22 28 6 1 19 16 0 17 7 10 3 27 8 20 2 
2 20 8 27 3 10 7 17 0 16 19 1 6 28 22 13 5 21 18 25 24 9 12 23 15 11 4 14 26 
11 8 25 4 13 18 12 10 22 3 16 7 14 2 21 27 20 15 9 23 6 26 19 24 28 0 17 1 5 
5 1 17 0 28 24 19 26 6 23 9 15 20 27 21 2 14 7 16 3 22 10 12 18 13 4 25 8 11 
15 24 5 19 2 14 17 1 4 7 26 0 11 25 27 16 6 20 28 22 9 13 8 12 23 21 18 10 3 
3 10 18 21 23 12 8 13 9 22 28 20 6 16 27 25 11 0 26 7 4 1 17 14 2 19 5 24 15 
