26 3 60
56 50 58 49 53 59 54 57 48 24 52 51 45 47 43 44 46 40 37 41 31 39 35 23 36 38 33 16 34 30 26 19 22 21 27 42 29 20 32 15 55 10 9 25 2 17 11 18 14 0 13 28 8 12 7 6 4 3 5 1 
1 5 3 4 6 7 12 8 28 13 0 14 18 11 17 2 25 9 10 55 15 32 20 29 42 27 21 22 19 26 30 34 16 33 38 36 23 35 39 31 41 37 40 46 44 43 47 45 51 52 24 48 57 54 59 53 49 58 50 56 
54 48 31 35 49 52 45 44 39 33 16 26 19 27 53 32 18 14 50 42 15 9 0 13 12 4 46 28 1 56 5 3 7 8 25 55 29 34 43 47 51 57 59 58 6 11 17 2 10 20 21 22 30 38 36 23 41 37 40 24 
24 40 37 41 23 36 38 30 22 21 20 10 2 17 11 6 58 59 57 51 47 43 34 29 55 25 8 7 3 5 56 1 28 46 4 12 13 0 9 15 42 50 14 18 32 53 27 19 26 16 33 39 44 45 52 49 35 31 48 54 
14 29 17 11 20 19 27 39 46 42 0 8 43 30 12 38 4 41 37 48 45 9 25 52 59 56 6 7 49 53 15 54 50 24 40 58 57 1 5 3 31 35 23 36 51 47 55 28 13 44 16 32 33 22 21 10 2 34 26 18 
18 26 34 2 10 21 22 33 32 16 44 13 28 55 47 51 36 23 35 31 3 5 1 57 58 40 24 50 54 15 53 49 7 6 56 59 52 25 9 45 48 37 41 4 38 12 30 43 8 0 42 46 39 27 19 20 11 17 29 14 
25 12 42 7 5 1 36 46 39 44 51 57 50 27 55 13 35 21 41 37 52 17 29 2 54 53 26 18 49 8 4 24 22 40 11 20 33 48 14 31 23 30 34 56 10 32 58 38 59 16 15 45 19 3 6 28 47 0 43 9 
9 43 0 47 28 6 3 19 45 15 16 59 38 58 32 10 56 34 30 23 31 14 48 33 20 11 40 22 24 4 8 49 18 26 53 54 2 29 17 52 37 41 21 35 13 55 27 50 57 51 44 39 46 36 1 5 7 42 12 25 
8 33 29 21 40 44 15 52 34 56 10 35 7 38 57 42 46 48 6 11 49 3 18 37 58 13 19 43 24 0 28 12 45 36 14 5 27 1 59 32 39 50 41 26 2 54 17 9 47 25 55 16 23 30 53 22 20 51 31 4 
4 31 51 20 22 53 30 23 16 55 25 47 9 17 54 2 26 41 50 39 32 59 1 27 5 14 36 45 12 28 0 24 43 19 13 58 37 18 3 49 11 6 48 46 42 57 38 7 35 10 56 34 52 15 44 40 21 29 33 8 
41 24 18 46 14 5 49 27 56 32 34 26 9 38 8 36 7 6 35 23 51 45 39 31 47 25 4 29 17 19 21 44 1 15 33 40 20 16 2 52 11 22 0 53 43 28 10 50 30 3 58 55 12 59 54 42 57 48 13 37 
37 13 48 57 42 54 59 12 55 58 3 30 50 10 28 43 53 0 22 11 52 2 16 20 40 33 15 1 44 21 19 17 29 4 25 47 31 39 45 51 23 35 6 7 36 8 38 9 26 34 32 56 27 49 5 14 46 18 24 41 
35 15 2 40 8 26 27 19 50 17 1 23 28 31 45 30 7 51 4 46 34 24 58 11 5 13 54 44 12 52 36 42 43 6 10 37 48 0 33 20 41 18 21 22 16 14 56 49 38 57 53 55 25 9 47 39 59 3 32 29 
29 32 3 59 39 47 9 25 55 53 57 38 49 56 14 16 22 21 18 41 20 33 0 48 37 10 6 43 42 36 52 12 44 54 13 5 11 58 24 34 46 4 51 7 30 45 31 28 23 1 17 50 19 27 26 8 40 2 15 35 
25 45 0 58 6 27 5 24 20 48 13 21 46 17 16 51 15 50 10 12 53 23 35 22 38 26 40 3 39 9 18 8 29 57 44 56 41 4 33 47 37 32 34 42 59 14 2 31 11 36 7 55 54 49 52 43 19 1 28 30 
30 28 1 19 43 52 49 54 55 7 36 11 31 2 14 59 42 34 32 37 47 33 4 41 56 44 57 29 8 18 9 39 3 40 26 38 22 35 23 53 12 10 50 15 51 16 17 46 21 13 48 20 24 5 27 6 58 0 45 25 
6 4 35 36 56 42 14 23 43 40 21 53 3 46 31 17 13 47 52 18 58 55 25 19 29 28 39 1 45 8 50 9 16 27 20 41 57 26 10 24 48 30 33 0 5 49 54 15 38 11 34 2 59 7 44 51 37 12 22 32 
32 22 12 37 51 44 7 59 2 34 11 38 15 54 49 5 0 33 30 48 24 10 26 57 41 20 27 16 9 50 8 45 1 39 28 29 19 25 55 58 18 52 47 13 17 31 46 3 53 21 40 43 23 14 42 56 36 35 4 6 
58 39 34 16 46 43 20 57 41 23 7 52 13 22 4 27 11 31 44 32 21 50 19 9 30 38 12 6 45 1 35 59 10 55 24 25 56 2 42 54 5 3 17 36 49 33 37 0 14 51 53 18 29 48 47 15 40 26 8 28 
28 8 26 40 15 47 48 29 18 53 51 14 0 37 33 49 36 17 3 5 54 42 2 56 25 24 55 10 59 35 1 45 6 12 38 30 9 19 50 21 32 44 31 11 27 4 22 13 52 7 23 41 57 20 43 46 16 34 39 58 
53 4 49 12 21 5 52 20 17 24 59 1 15 58 33 41 14 7 50 37 3 47 42 22 9 45 28 11 2 16 8 57 32 23 48 43 51 25 6 44 40 39 27 56 34 55 30 54 0 26 35 36 10 19 46 31 38 13 18 29 
29 18 13 38 31 46 19 10 36 35 26 0 54 30 55 34 56 27 39 40 44 6 25 51 43 48 23 32 57 8 16 2 11 28 45 9 22 42 47 3 37 50 7 14 41 33 58 15 1 59 24 17 20 52 5 21 12 49 4 53 
0 57 16 31 33 30 39 38 2 29 7 53 45 24 42 43 51 3 27 34 36 59 35 41 49 17 1 58 32 40 12 22 52 18 5 46 48 9 13 10 54 11 28 37 26 25 47 19 4 14 20 8 44 21 15 56 55 6 50 23 
23 50 6 55 56 15 21 44 8 20 14 4 19 47 25 26 37 28 11 54 10 13 9 48 46 5 18 52 22 12 40 32 58 1 17 49 41 35 59 36 34 27 3 51 43 42 24 45 53 7 29 2 38 39 30 33 31 16 57 0 
13 17 6 39 33 1 26 52 36 56 11 16 30 54 20 58 55 15 53 41 0 4 46 28 8 32 2 25 29 24 21 37 10 49 31 59 12 40 47 43 19 22 35 5 57 7 42 14 51 48 34 38 3 23 18 27 45 50 9 44 
44 9 50 45 27 18 23 3 38 34 48 51 14 42 7 57 5 35 22 19 43 47 40 12 59 31 49 10 37 21 24 29 25 2 32 8 28 46 4 0 41 53 15 55 58 20 54 30 16 11 56 36 52 26 1 33 39 6 17 13 
