20 3 24
23 17 20 14 15 22 16 21 19 8 10 5 6 13 12 18 7 9 2 3 0 11 1 4 
4 1 11 0 3 2 9 7 18 12 13 6 5 10 8 19 21 16 22 15 14 20 17 23 
16 22 19 5 6 9 13 2 0 23 18 4 1 11 12 3 17 20 7 14 15 10 8 21 
21 8 10 15 14 7 20 17 3 12 11 1 4 18 23 0 2 13 9 6 5 19 22 16 
2 13 11 18 1 5 15 7 23 21 22 14 8 16 19 3 10 4 17 20 6 12 9 0 
0 9 12 6 20 17 4 10 3 19 16 8 14 22 21 23 7 15 5 1 18 11 13 2 
7 3 8 19 16 4 17 23 11 21 9 6 20 2 1 15 0 22 13 14 5 18 12 10 
10 12 18 5 14 13 22 0 15 1 2 20 6 9 21 11 23 17 4 16 19 8 3 7 
6 15 11 13 4 19 14 8 23 0 2 17 7 10 16 12 3 18 22 5 1 9 20 21 
21 20 9 1 5 22 18 3 12 16 10 7 17 2 0 23 8 14 19 4 13 11 15 6 
2 3 0 22 14 17 13 10 21 6 18 8 19 11 20 9 15 4 1 12 5 7 16 23 
23 16 7 5 12 1 4 15 9 20 11 19 8 18 6 21 10 13 17 14 22 0 3 2 
19 20 7 15 12 0 8 13 1 22 3 5 21 4 16 14 9 6 11 10 2 18 23 17 
17 23 18 2 10 11 6 9 14 16 4 21 5 3 22 1 13 8 0 12 15 7 20 19 
1 13 16 3 14 20 11 12 6 19 5 23 2 21 17 10 0 7 9 15 22 4 8 18 
18 8 4 22 15 9 7 0 10 17 21 2 23 5 19 6 12 11 20 14 3 16 13 1 
22 4 14 21 6 23 1 11 8 16 18 7 10 3 19 0 12 17 20 5 15 9 13 2 
2 13 9 15 5 20 17 12 0 19 3 10 7 18 16 8 11 1 23 6 21 14 4 22 
0 12 8 23 17 13 22 9 19 11 20 7 2 6 5 18 21 1 14 15 4 16 10 3 
3 10 16 4 15 14 1 21 18 5 6 2 7 20 11 19 9 22 13 17 23 8 12 0 
