18 3 20
3 19 6 16 12 11 17 10 18 14 13 9 15 4 5 7 2 0 1 8 
8 1 0 2 7 5 4 15 9 13 14 18 10 17 11 12 16 6 19 3 
14 18 4 5 7 2 12 16 19 8 3 1 6 0 11 17 15 10 9 13 
13 9 10 15 17 11 0 6 1 3 8 19 16 12 2 7 5 4 18 14 
19 17 15 10 5 14 8 3 4 0 13 2 12 18 9 1 7 16 11 6 
6 11 16 7 1 9 18 12 2 13 0 4 3 8 14 5 10 15 17 19 
12 4 13 1 15 8 5 11 19 17 6 14 10 7 16 9 18 3 0 2 
2 0 3 18 9 16 7 10 14 6 17 19 11 5 8 15 1 13 4 12 
11 8 17 10 9 4 7 3 12 2 16 15 19 6 13 14 1 0 18 5 
5 18 0 1 14 13 6 19 15 16 2 12 3 7 4 9 10 17 8 11 
16 15 12 9 19 0 18 1 5 10 8 7 11 13 6 17 14 4 2 3 
3 2 4 14 17 6 13 11 7 8 10 5 1 18 0 19 9 12 15 16 
9 6 19 14 1 4 18 11 7 15 17 8 2 16 0 3 12 13 5 10 
10 5 13 12 3 0 16 2 8 17 15 7 11 18 4 1 14 19 6 9 
11 2 12 19 5 7 3 13 17 9 18 4 6 10 15 0 14 16 1 8 
8 1 16 14 0 15 10 6 4 18 9 17 13 3 7 5 19 12 2 11 
18 7 15 10 2 1 19 17 12 3 14 16 13 8 11 0 5 9 4 6 
6 4 9 5 0 11 8 13 16 14 3 12 17 19 1 2 10 15 7 18 
