20 3 25
19 17 16 22 20 14 24 12 23 11 13 18 9 21 15 0 3 10 4 5 8 2 6 1 7 
7 1 6 2 8 5 4 10 3 0 15 21 9 18 13 11 23 12 24 14 20 22 16 17 19 
9 11 23 21 0 3 10 8 2 22 16 1 7 19 17 6 4 20 5 14 24 12 15 18 13 
13 18 15 12 24 14 5 20 4 6 17 19 7 1 16 22 2 8 10 3 0 21 23 11 9 
4 3 2 6 1 14 22 19 7 11 23 16 9 13 18 12 21 15 17 20 24 8 0 5 10 
10 5 0 8 24 20 17 15 21 12 18 13 9 16 23 11 7 19 22 14 1 6 2 3 4 
12 16 15 9 19 6 4 0 5 11 14 10 3 1 24 2 8 20 22 13 7 17 23 21 18 
18 21 23 17 7 13 22 20 8 2 24 1 3 10 14 11 5 0 4 6 19 9 15 16 12 
24 10 1 13 7 23 11 16 12 17 4 19 5 21 15 9 18 3 6 22 0 8 20 2 14 
14 2 20 8 0 22 6 3 18 9 15 21 5 19 4 17 12 16 11 23 7 13 1 10 24 
15 3 17 8 23 16 13 0 5 14 7 10 6 2 1 20 9 22 24 18 12 4 19 21 11 
11 21 19 4 12 18 24 22 9 20 1 2 6 10 7 14 5 0 13 16 23 8 17 3 15 
20 2 9 14 13 23 10 1 3 4 16 8 19 17 18 15 24 11 21 12 7 22 6 0 5 
5 0 6 22 7 12 21 11 24 15 18 17 19 8 16 4 3 1 10 23 13 14 9 2 20 
16 17 1 3 21 18 19 6 14 10 15 2 0 13 12 24 11 23 5 9 20 7 8 4 22 
22 4 8 7 20 9 5 23 11 24 12 13 0 2 15 10 14 6 19 18 21 3 1 17 16 
15 0 19 16 21 1 24 8 10 6 14 22 17 9 5 2 4 23 12 7 20 13 11 3 18 
18 3 11 13 20 7 12 23 4 2 5 9 17 22 14 6 10 8 24 1 21 16 19 0 15 
4 10 19 15 2 23 18 11 1 16 17 9 5 8 7 24 20 0 14 6 3 12 22 13 21 
21 13 22 12 3 6 14 0 20 24 7 8 5 9 17 16 1 11 18 23 2 15 19 10 4 
