16 3 14
3 8 11 12 7 13 1 10 9 6 4 5 0 2 
2 0 5 4 6 9 10 1 13 7 12 11 8 3 
1 9 12 4 5 8 3 2 0 11 7 6 13 10 
10 13 6 7 11 0 2 3 8 5 4 12 9 1 
13 4 9 11 10 3 2 1 0 12 8 7 5 6 
6 5 7 8 12 0 1 2 3 10 11 9 4 13 
2 8 1 10 11 4 5 7 13 6 9 3 12 0 
0 12 3 9 6 13 7 5 4 11 10 1 8 2 
7 10 5 9 3 0 1 2 6 8 13 12 4 11 
11 4 12 13 8 6 2 1 0 3 9 5 10 7 
3 0 2 7 11 9 10 4 5 12 13 8 6 1 
1 6 8 13 12 5 4 10 9 11 7 2 0 3 
5 10 12 13 2 1 3 0 8 7 6 4 11 9 
9 11 4 6 7 8 0 3 1 2 13 12 10 5 
9 1 10 13 8 7 5 11 0 12 6 2 4 3 
3 4 2 6 12 0 11 5 7 8 13 10 1 9 
