22 3 30
25 22 24 29 26 10 23 28 27 20 11 17 18 8 21 19 13 7 12 3 9 6 15 5 2 14 16 4 0 1 
1 0 4 16 14 2 5 15 6 9 3 12 7 13 19 21 8 18 17 11 20 27 28 23 10 26 29 24 22 25 
27 17 7 20 23 19 3 9 15 5 2 14 0 22 1 16 4 25 24 29 26 6 10 21 13 8 28 12 18 11 
11 18 12 28 8 13 21 10 6 26 29 24 25 4 16 1 22 0 14 2 5 15 9 3 19 23 20 7 17 27 
16 5 29 2 9 6 19 10 24 7 18 17 28 1 27 11 25 23 12 20 13 8 21 3 15 0 22 26 4 14 
14 4 26 22 0 15 3 21 8 13 20 12 23 25 11 27 1 28 17 18 7 24 10 19 6 9 2 29 5 16 
13 28 3 8 19 2 23 17 24 16 18 26 4 0 29 27 14 22 9 11 5 10 1 7 20 15 6 12 21 25 
25 21 12 6 15 20 7 1 10 5 11 9 22 14 27 29 0 4 26 18 16 24 17 23 2 19 8 3 28 13 
7 17 24 2 13 11 21 27 4 29 15 22 14 25 28 6 1 3 16 8 12 19 5 26 0 10 20 9 23 18 
18 23 9 20 10 0 26 5 19 12 8 16 3 1 6 28 25 14 22 15 29 4 27 21 11 13 2 24 17 7 
14 16 27 12 11 10 19 15 24 9 13 26 23 18 17 2 21 0 25 20 28 5 6 3 7 8 4 22 29 1 
1 29 22 4 8 7 3 6 5 28 20 25 0 21 2 17 18 23 26 13 9 24 15 19 10 11 12 27 16 14 
25 5 15 16 28 4 23 21 26 10 2 13 22 3 7 14 1 29 18 27 17 20 11 9 0 12 8 6 19 24 
24 19 6 8 12 0 9 11 20 17 27 18 29 1 14 7 3 22 13 2 10 26 21 23 4 28 16 15 5 25 
1 17 26 21 28 11 16 3 25 6 20 8 27 5 12 24 19 4 15 29 14 9 10 7 2 22 18 13 23 0 
0 23 13 18 22 2 7 10 9 14 29 15 4 19 24 12 5 27 8 20 6 25 3 16 11 28 21 26 17 1 
14 20 8 19 11 6 4 18 24 25 17 28 23 1 22 12 16 7 5 9 10 2 27 26 0 13 15 21 3 29 
29 3 21 15 13 0 26 27 2 10 9 5 7 16 12 22 1 23 28 17 25 24 18 4 6 11 19 8 20 14 
28 5 23 15 11 2 8 25 0 27 24 18 16 7 6 14 29 26 20 13 3 12 19 17 21 9 1 10 4 22 
22 4 10 1 9 21 17 19 12 3 13 20 26 29 14 6 7 16 18 24 27 0 25 8 2 11 15 23 5 28 
17 1 18 3 11 21 29 8 24 25 10 22 4 12 7 28 23 19 0 16 15 26 27 14 20 13 9 5 6 2 
2 6 5 9 13 20 14 27 26 15 16 0 19 23 28 7 12 4 22 10 25 24 8 29 21 11 3 18 1 17 
